subjID	session	Block	trialCount	earnings	Gam1Onset	Gam2Onset	FBOnset	KPs	RT	KPlate	RTlate	KP_Final	SLOnset	Gam1_1	Gam1_2	Gam2_1	Gam2_2	jit1	jit2	jit3	
11	2.000	1.000	1.000	544.886	77.347	79.332	80.425	nan	nan	nan	nan	nan	nan	183.020	66.830	223.870	66.830	0.997	1.093	3.350	
11	2.000	1.000	2.000	544.886	86.825	89.401	91.208	9,	91.684,	nan	nan	9.000	94.227	81.750	223.870	66.830	183.020	1.585	1.807	2.527	
11	2.000	1.000	3.000	544.886	96.765	99.443	101.351	9,	101.522,	nan	nan	9.000	104.364	81.750	149.620	44.670	223.870	1.686	1.908	2.418	
11	2.000	1.000	4.000	544.886	106.792	109.307	110.843	9,	111.072,	nan	nan	9.000	113.856	81.750	223.870	54.640	122.320	1.523	1.537	2.669	
11	2.000	1.000	5.000	544.886	116.535	119.117	119.911	9,9,	120.160,120.444,	nan	nan	9.000	122.923	54.640	223.870	44.670	149.620	1.590	0.794	2.971	
11	2.000	1.000	6.000	544.886	125.904	128.047	129.545	9,9,	129.576,129.924,	nan	nan	9.000	132.558	81.750	223.870	66.830	149.620	1.151	1.498	3.511	
11	2.000	1.000	7.000	544.886	136.080	138.937	140.145	9,9,	140.242,140.639,	nan	nan	9.000	143.163	66.830	183.020	44.670	149.620	1.865	1.209	3.582	
11	2.000	1.000	8.000	544.886	146.756	149.737	150.927	9,9,	151.088,151.431,	nan	nan	9.000	153.946	66.830	183.020	54.640	149.620	1.990	1.190	3.402	
11	2.000	1.000	9.000	544.886	157.359	160.312	161.274	9,	161.570,	nan	nan	9.000	164.286	81.750	223.870	44.670	183.020	1.961	0.963	2.881	
11	2.000	1.000	10.000	544.886	167.178	169.012	170.390	9,	170.583,	nan	nan	9.000	173.402	66.830	223.870	54.640	149.620	0.842	1.378	3.878	
11	2.000	1.000	11.000	544.886	177.290	179.100	180.752	9,	181.198,	nan	nan	9.000	183.771	66.830	183.020	54.640	122.320	0.818	1.653	3.145	
11	2.000	1.000	12.000	544.886	186.927	188.548	189.699	9,	190.111,	nan	nan	9.000	192.718	66.830	223.870	44.670	183.020	0.630	1.151	2.572	
11	2.000	1.000	13.000	544.886	195.301	197.825	199.646	9,	199.849,	nan	nan	9.000	202.659	54.640	223.870	44.670	183.020	1.532	1.822	2.000	
11	2.000	1.000	14.000	544.886	204.670	207.377	208.610	8,8,	208.637,210.069,	nan	nan	8.000	211.622	183.020	149.620	223.870	149.620	1.715	1.233	2.489	
11	2.000	1.000	15.000	544.886	214.122	216.500	217.260	9,9,	217.528,217.875,	nan	nan	9.000	220.273	66.830	183.020	44.670	122.320	1.387	0.760	2.476	
11	2.000	1.000	16.000	544.886	222.761	224.405	225.768	9,	225.968,	nan	nan	9.000	228.781	81.750	183.020	44.670	122.320	0.654	1.363	2.212	
11	2.000	1.000	17.000	544.886	231.004	232.833	234.442	9,	234.629,	nan	nan	9.000	237.455	81.750	223.870	54.640	183.020	0.838	1.609	3.125	
11	2.000	1.000	18.000	544.886	240.591	243.153	243.735	9,9,	244.206,245.530,	nan	nan	9.000	246.747	54.640	183.020	44.670	122.320	1.571	0.582	2.977	
11	2.000	1.000	19.000	544.886	249.735	251.458	252.816	9,	252.960,	nan	nan	9.000	255.834	66.830	223.870	44.670	122.320	0.732	1.359	2.058	
11	2.000	1.000	20.000	544.886	257.903	260.118	261.061	9,9,	261.389,261.731,	nan	nan	9.000	264.080	54.640	149.620	44.670	122.320	1.223	0.944	2.727	
11	2.000	1.000	21.000	544.886	266.817	269.408	271.393	9,	271.587,	nan	nan	9.000	274.406	81.750	183.020	54.640	122.320	1.600	1.986	3.248	
11	2.000	1.000	22.000	544.886	277.665	280.135	281.204	9,	281.566,	nan	nan	9.000	284.216	66.830	223.870	44.670	149.620	1.479	1.069	2.842	
11	2.000	1.000	23.000	544.886	287.069	288.758	290.020	9,	290.064,	nan	nan	9.000	293.033	81.750	223.870	66.830	122.320	0.698	1.262	3.955	
11	2.000	1.000	24.000	544.886	297.006	299.368	300.403	8,	301.834,	nan	nan	8.000	303.416	81.750	122.320	66.830	183.020	1.378	1.035	2.502	
11	2.000	1.000	25.000	544.886	305.929	308.867	310.524	9,	310.936,	nan	nan	9.000	313.537	81.750	183.020	66.830	149.620	1.947	1.658	2.244	
11	2.000	1.000	26.000	544.886	315.792	317.891	318.955	9,	319.364,	nan	nan	9.000	321.972	81.750	149.620	66.830	122.320	1.108	1.064	3.524	
11	2.000	1.000	27.000	544.886	325.507	327.119	328.468	8,	329.304,	nan	nan	8.000	331.486	66.830	183.020	81.750	183.020	0.621	1.349	2.219	
11	2.000	1.000	28.000	544.886	333.717	335.554	336.295	9,	336.663,	nan	nan	9.000	339.312	81.750	149.620	44.670	183.020	0.847	0.741	3.074	
11	2.000	1.000	29.000	544.886	342.404	344.525	346.520	9,	346.838,	nan	nan	9.000	349.537	81.750	149.620	54.640	122.320	1.137	1.995	3.691	
11	2.000	1.000	30.000	544.886	353.240	355.522	356.161	9,9,	356.224,356.594,	nan	nan	9.000	359.174	66.830	223.870	54.640	122.320	1.291	0.640	3.717	
11	2.000	1.000	31.000	544.886	362.903	364.919	365.891	9,9,	366.586,366.997,	nan	nan	9.000	368.905	66.830	149.620	54.640	122.320	1.026	0.973	2.624	
11	2.000	1.000	32.000	544.886	371.540	373.648	374.157	9,	374.813,	nan	nan	9.000	377.169	81.750	149.620	54.640	183.020	1.117	0.510	3.814	
11	2.000	1.000	33.000	544.886	380.994	383.271	384.147	9,	384.814,	nan	nan	9.000	387.164	66.830	149.620	44.670	122.320	1.286	0.876	2.167	
11	2.000	1.000	34.000	544.886	389.342	391.658	393.074	9,	393.458,	nan	nan	9.000	396.093	81.750	223.870	54.640	149.620	1.325	1.416	3.203	
11	2.000	1.000	35.000	544.886	399.307	401.083	401.684	9,	401.892,	nan	nan	9.000	404.702	66.830	223.870	54.640	183.020	0.785	0.601	3.846	
11	2.000	1.000	36.000	544.886	408.559	410.469	412.117	9,	412.358,	nan	nan	9.000	415.130	54.640	223.870	44.670	122.320	0.920	1.648	2.598	
11	2.000	1.000	37.000	544.886	417.741	419.998	421.857	9,	422.169,	nan	nan	9.000	424.876	81.750	223.870	44.670	122.320	1.267	1.860	2.740	
11	2.000	1.000	38.000	544.886	427.627	429.610	431.296	9,	431.470,	nan	nan	9.000	434.309	81.750	149.620	44.670	122.320	0.992	1.686	3.563	
11	2.000	1.000	39.000	544.886	437.884	440.131	441.427	9,	441.635,	nan	nan	9.000	444.446	54.640	183.020	44.670	149.620	1.257	1.296	2.392	
11	2.000	1.000	40.000	544.886	446.850	449.305	450.740	8,	451.286,	nan	nan	8.000	453.753	66.830	54.640	81.750	54.640	1.465	1.436	3.614	
11	2.000	1.000	41.000	544.886	457.379	459.163	460.835	8,	461.133,	nan	nan	8.000	463.852	81.750	122.320	54.640	223.870	0.794	1.672	3.486	
11	2.000	1.000	42.000	544.886	467.351	469.713	470.811	8,	471.898,	nan	nan	8.000	473.823	54.640	183.020	81.750	149.620	1.373	1.098	2.695	
11	2.000	1.000	43.000	544.886	476.529	478.767	480.622	8,	480.893,	nan	nan	8.000	483.642	81.750	122.320	66.830	223.870	1.248	1.855	3.215	
11	2.000	1.000	44.000	544.886	486.869	488.769	490.200	8,	491.369,	nan	nan	8.000	493.218	81.750	122.320	66.830	149.620	0.910	1.431	3.859	
11	2.000	1.000	45.000	544.886	497.089	499.249	500.738	9,	501.147,	8.000	503.757	9.000	503.757	54.640	149.620	44.670	223.870	1.170	1.489	2.836	
11	2.000	1.000	46.000	544.886	506.604	508.534	509.993	8,	511.105,	nan	nan	8.000	513.006	66.830	149.620	44.670	223.870	0.939	1.460	3.756	
11	2.000	1.000	47.000	544.886	516.776	519.605	521.171	9,	521.561,	nan	nan	9.000	524.190	54.640	122.320	44.670	149.620	1.841	1.566	2.141	
11	2.000	1.000	48.000	544.886	526.342	529.208	531.102	9,	531.586,	nan	nan	9.000	534.121	54.640	149.620	44.670	183.020	1.875	1.894	3.228	
11	2.000	1.000	49.000	544.886	537.362	540.308	542.226	8,	542.781,	9.000	545.238	8.000	545.238	81.750	122.320	54.640	183.020	1.957	1.918	2.431	
11	2.000	1.000	50.000	544.886	547.681	550.652	551.909	9,8,	553.036,553.526,	9.000	554.922	8.000	554.922	66.830	122.320	54.640	149.620	1.981	1.257	3.865	
11	2.000	1.000	51.000	544.886	558.799	560.969	562.684	9,	562.732,	nan	nan	9.000	565.697	81.750	122.320	44.670	223.870	1.180	1.715	2.521	
11	2.000	1.000	52.000	544.886	568.230	570.497	571.416	8,	572.158,	nan	nan	8.000	574.428	44.670	183.020	81.750	149.620	1.277	0.920	2.849	
11	2.000	1.000	53.000	544.886	577.300	579.686	581.464	8,	581.618,	nan	nan	8.000	584.483	149.620	44.670	223.870	44.670	1.407	1.778	3.923	
11	2.000	1.000	54.000	544.886	588.418	591.374	593.191	8,	593.363,	nan	nan	8.000	596.208	66.830	149.620	54.640	223.870	1.966	1.817	2.778	
11	2.000	1.000	55.000	544.886	598.998	601.887	603.429	8,	604.083,	nan	nan	8.000	606.441	54.640	122.320	81.750	149.620	1.899	1.542	2.045	
11	2.000	1.000	56.000	544.886	608.499	611.170	612.590	8,	612.781,	nan	nan	8.000	615.604	54.640	122.320	66.830	223.870	1.682	1.421	3.608	
11	2.000	1.000	57.000	544.886	619.224	621.625	623.195	9,	623.229,	nan	nan	9.000	626.215	81.750	183.020	44.670	223.870	1.412	1.571	2.238	
11	2.000	1.000	58.000	544.886	628.466	631.132	632.336	8,	633.975,	9.000	635.349	8.000	635.349	66.830	122.320	44.670	183.020	1.677	1.204	2.823	
11	2.000	1.000	59.000	544.886	638.183	640.962	642.412	9,	643.084,	nan	nan	9.000	645.430	81.750	122.320	44.670	149.620	1.788	1.450	3.023	
11	2.000	1.000	60.000	544.886	648.468	651.016	652.495	8,	653.214,	nan	nan	8.000	655.514	66.830	149.620	54.640	183.020	1.561	1.479	3.768	
11	2.000	1.000	61.000	544.886	659.294	661.889	662.692	8,	662.729,	nan	nan	8.000	665.710	44.670	122.320	66.830	223.870	1.605	0.804	2.109	
11	2.000	1.000	62.000	544.886	667.833	670.133	670.864	9,8,9,	671.424,672.360,672.800,	9.000	673.882	9.000	673.882	54.640	122.320	44.670	183.020	1.310	0.732	3.518	
11	2.000	1.000	63.000	544.886	677.412	678.912	680.125	9,	681.284,	nan	nan	9.000	683.144	81.750	149.620	54.640	223.870	0.510	1.214	2.264	
11	2.000	1.000	64.000	544.886	685.419	687.653	688.210	nan	nan	9.000	691.246	nan	nan	81.750	122.320	44.670	183.020	1.243	0.558	3.318	
11	2.000	1.000	65.000	544.886	694.577	696.525	698.008	8,8,	698.366,698.740,	nan	nan	8.000	701.022	81.750	149.620	66.830	183.020	0.958	1.484	3.042	
11	2.000	1.000	66.000	544.886	704.075	705.619	707.619	8,	707.892,	nan	nan	8.000	710.638	149.620	183.020	223.870	183.020	0.553	2.000	3.293	
11	2.000	1.000	67.000	544.886	713.943	716.580	717.172	9,	718.149,	nan	nan	9.000	720.191	81.750	183.020	66.830	223.870	1.648	0.592	3.936	
11	2.000	1.000	68.000	544.886	724.140	726.921	727.575	8,	727.917,	nan	nan	8.000	730.593	44.670	223.870	81.750	149.620	1.793	0.654	3.376	
11	2.000	1.000	69.000	544.886	733.981	736.340	736.936	9,	737.992,	nan	nan	9.000	739.948	66.830	122.320	44.670	149.620	1.368	0.596	2.508	
11	2.000	1.000	70.000	544.886	742.469	744.180	745.587	9,	746.645,	nan	nan	9.000	748.605	66.830	183.020	81.750	122.320	0.722	1.407	2.469	
11	2.000	1.000	71.000	544.886	751.086	752.900	754.461	9,	755.230,	nan	nan	9.000	757.473	81.750	183.020	54.640	223.870	0.823	1.561	2.984	
11	2.000	1.000	72.000	544.886	760.470	763.237	763.935	8,	764.732,	nan	nan	8.000	766.947	54.640	122.320	66.830	183.020	1.778	0.698	3.048	
11	2.000	1.000	73.000	544.886	770.012	771.632	773.328	9,	773.968,	nan	nan	9.000	776.347	66.830	183.020	54.640	223.870	0.635	1.696	2.540	
11	2.000	1.000	74.000	544.886	778.900	781.591	782.163	8,	783.206,	nan	nan	8.000	785.181	54.640	122.320	44.670	223.870	1.701	0.572	3.016	
11	2.000	1.000	75.000	544.886	788.209	790.596	791.872	9,	792.299,	nan	nan	9.000	794.890	54.640	183.020	44.670	223.870	1.397	1.277	3.473	
11	2.000	1.000	76.000	544.886	798.381	800.453	802.357	8,	802.705,	nan	nan	8.000	805.370	81.750	149.620	66.830	223.870	1.088	1.904	3.254	
11	2.000	1.000	77.000	544.886	808.636	810.169	811.971	9,	812.074,	nan	nan	9.000	814.989	66.830	183.020	44.670	223.870	0.543	1.802	3.601	
11	2.000	1.000	78.000	544.886	818.609	821.588	822.208	9,	823.319,	nan	nan	9.000	825.221	66.830	149.620	44.670	183.020	1.995	0.621	3.891	
11	2.000	1.000	79.000	544.886	829.123	831.130	832.213	8,	832.814,	nan	nan	8.000	835.233	54.640	122.320	81.750	122.320	1.016	1.084	2.958	
11	2.000	1.000	80.000	544.886	838.203	839.785	840.636	9,	841.421,	nan	nan	9.000	843.649	54.640	223.870	81.750	122.320	0.592	0.852	2.810	
11	2.000	1.000	81.000	544.886	846.471	848.043	849.358	9,	849.379,	nan	nan	9.000	852.371	66.830	223.870	81.750	149.620	0.582	1.315	2.939	
11	2.000	1.000	82.000	544.886	855.323	857.854	859.082	8,	859.379,	nan	nan	8.000	862.094	44.670	183.020	66.830	122.320	1.542	1.228	2.733	
11	2.000	1.000	83.000	544.886	864.840	867.342	868.276	9,	868.354,	nan	nan	9.000	871.289	81.750	223.870	44.670	149.620	1.513	0.934	2.315	
11	2.000	1.000	84.000	544.886	873.616	876.249	877.892	9,	878.253,	nan	nan	9.000	880.911	81.750	183.020	54.640	149.620	1.643	1.643	3.357	
11	2.000	1.000	85.000	544.886	884.281	887.068	887.683	nan	nan	nan	nan	nan	nan	54.640	183.020	81.750	122.320	1.797	0.616	2.630	
11	2.000	1.000	86.000	544.886	893.356	895.299	896.078	9,	896.507,	nan	nan	9.000	899.095	81.750	183.020	66.830	122.320	0.953	0.780	2.759	
11	2.000	1.000	87.000	544.886	901.866	904.060	905.235	8,	905.295,	nan	nan	8.000	908.253	44.670	149.620	54.640	122.320	1.204	1.175	3.370	
11	2.000	1.000	88.000	544.886	911.634	913.491	914.140	8,	914.688,	nan	nan	8.000	917.153	44.670	183.020	54.640	122.320	0.867	0.650	2.714	
11	2.000	1.000	89.000	544.886	919.880	922.498	924.136	8,9,9,	924.437,924.893,925.244,	nan	nan	9.000	927.148	54.640	223.870	81.750	149.620	1.629	1.638	3.177	
11	2.000	1.000	90.000	544.886	930.338	932.536	933.451	8,	933.746,	nan	nan	8.000	936.464	44.670	223.870	66.830	183.020	1.209	0.915	3.588	
11	2.000	1.000	91.000	544.886	940.064	942.572	943.771	8,	943.914,	nan	nan	8.000	946.791	66.830	122.320	54.640	183.020	1.518	1.199	2.965	
11	2.000	1.000	92.000	544.886	949.768	951.725	952.751	8,	953.214,	nan	nan	8.000	955.769	54.640	44.670	81.750	44.670	0.968	1.026	3.820	
11	2.000	1.000	93.000	544.886	959.612	962.046	963.327	9,	963.870,	nan	nan	9.000	966.345	66.830	183.020	81.750	149.620	1.455	1.281	2.894	
11	2.000	1.000	94.000	544.886	969.251	971.995	973.744	8,	974.208,	nan	nan	8.000	976.763	54.640	149.620	66.830	122.320	1.754	1.749	2.386	
11	2.000	1.000	95.000	544.886	979.162	981.896	983.833	8,	983.916,	nan	nan	8.000	986.845	44.670	223.870	66.830	149.620	1.744	1.937	3.164	
11	2.000	1.000	96.000	544.886	990.022	992.606	994.596	8,	995.011,	nan	nan	8.000	997.615	44.670	223.870	54.640	183.020	1.595	1.990	3.730	
11	2.000	1.000	97.000	544.886	1001.357	1004.260	1004.962	9,	1006.334,	nan	nan	9.000	1007.979	44.670	183.020	54.640	149.620	1.913	0.703	2.772	
11	2.000	1.000	98.000	544.886	1010.764	1013.676	1015.507	9,	1015.771,	nan	nan	9.000	1018.520	66.830	223.870	81.750	122.320	1.923	1.831	2.154	
11	2.000	1.000	99.000	544.886	1020.690	1022.745	1024.292	8,	1024.595,	nan	nan	8.000	1027.311	54.640	223.870	66.830	183.020	1.069	1.547	3.505	
11	2.000	1.000	100.000	544.886	1030.828	1033.056	1034.071	9,8,8,	1034.272,1035.308,1035.587,	nan	nan	8.000	1037.090	44.670	183.020	81.750	122.320	1.238	1.016	3.576	
11	2.000	1.000	101.000	544.886	1040.677	1042.326	1044.017	8,	1044.046,	nan	nan	8.000	1047.034	44.670	149.620	81.750	122.320	0.659	1.691	3.981	
11	2.000	1.000	102.000	544.886	1051.027	1053.366	1054.415	9,	1054.589,	nan	nan	9.000	1057.429	81.750	183.020	44.670	149.620	1.349	1.050	2.334	
11	2.000	1.000	103.000	544.886	1059.775	1061.931	1063.009	9,	1063.427,	nan	nan	9.000	1066.021	44.670	223.870	54.640	122.320	1.166	1.079	3.801	
11	2.000	1.000	104.000	544.886	1069.834	1072.761	1073.907	8,	1074.386,	nan	nan	8.000	1076.926	44.670	149.620	66.830	122.320	1.937	1.146	3.897	
11	2.000	1.000	105.000	544.886	1080.835	1083.241	1084.759	8,	1085.012,	nan	nan	8.000	1087.772	149.620	66.830	183.020	66.830	1.416	1.518	3.826	
11	2.000	1.000	106.000	544.886	1091.610	1094.253	1095.558	8,	1095.918,	nan	nan	8.000	1098.577	44.670	223.870	81.750	183.020	1.653	1.305	2.707	
11	2.000	1.000	107.000	544.886	1101.302	1104.258	1105.872	9,	1106.842,	nan	nan	9.000	1108.891	81.750	122.320	54.640	149.620	1.971	1.614	2.296	
11	2.000	1.000	108.000	544.886	1111.200	1112.901	1113.560	8,	1113.980,	nan	nan	8.000	1116.572	44.670	183.020	66.830	149.620	0.712	0.659	2.913	
11	2.000	1.000	109.000	544.886	1119.498	1121.383	1122.017	9,	1122.418,	nan	nan	9.000	1125.030	54.640	223.870	66.830	149.620	0.895	0.635	3.158	
11	2.000	1.000	110.000	544.886	1128.200	1130.167	1131.415	8,	1131.549,	nan	nan	8.000	1134.432	66.830	122.320	54.640	223.870	0.977	1.248	3.119	
11	2.000	1.000	111.000	544.886	1137.563	1139.313	1139.847	8,	1140.785,	nan	nan	8.000	1142.859	66.830	122.320	44.670	223.870	0.760	0.534	2.830	
11	2.000	1.000	112.000	544.886	1145.700	1147.678	1149.431	8,9,	1149.751,1149.856,	nan	nan	9.000	1152.445	66.830	149.620	81.750	122.320	0.987	1.754	2.367	
11	2.000	1.000	113.000	544.886	1154.840	1156.627	1157.845	9,	1158.566,	nan	nan	9.000	1160.865	44.670	223.870	54.640	149.620	0.814	1.219	2.206	
11	2.000	1.000	114.000	544.886	1163.083	1164.761	1165.762	9,	1166.105,	nan	nan	9.000	1168.775	44.670	223.870	81.750	122.320	0.688	1.002	2.682	
11	2.000	1.000	115.000	544.886	1171.471	1173.234	1174.042	8,	1175.031,	nan	nan	8.000	1177.055	54.640	223.870	81.750	183.020	0.775	0.809	3.871	
11	2.000	1.000	116.000	544.886	1180.939	1183.311	1185.209	8,	1186.059,	nan	nan	8.000	1188.228	66.830	223.870	81.750	183.020	1.383	1.899	3.280	
11	2.000	1.000	117.000	544.886	1191.521	1194.346	1195.979	8,	1196.886,	nan	nan	8.000	1198.991	54.640	183.020	66.830	149.620	1.836	1.633	3.556	
11	2.000	1.000	118.000	544.886	1202.560	1204.995	1205.765	8,	1206.223,	nan	nan	8.000	1208.783	149.620	223.870	183.020	223.870	1.445	0.770	3.138	
11	2.000	1.000	119.000	544.886	1211.933	1214.407	1214.974	8,	1215.464,	nan	nan	8.000	1217.987	44.670	183.020	81.750	223.870	1.484	0.568	3.029	
11	2.000	1.000	120.000	544.886	1221.028	1223.444	1224.021	8,	1224.702,	nan	nan	8.000	1227.039	44.670	149.620	54.640	183.020	1.426	0.577	3.646	
11	2.000	1.000	121.000	544.886	1230.698	1232.227	1233.551	8,	1233.599,	nan	nan	8.000	1236.569	44.670	149.620	54.640	223.870	0.539	1.325	2.463	
11	2.000	1.000	122.000	544.886	1239.050	1240.906	1242.534	8,	1243.259,	nan	nan	8.000	1245.547	44.670	122.320	54.640	149.620	0.871	1.629	2.900	
11	2.000	1.000	123.000	544.886	1248.460	1251.300	1252.697	8,	1253.073,	nan	nan	8.000	1255.710	44.670	149.620	81.750	223.870	1.850	1.397	2.887	
11	2.000	1.000	124.000	544.886	1258.612	1261.031	1262.302	8,	1262.783,	nan	nan	8.000	1265.315	44.670	122.320	66.830	183.020	1.431	1.272	2.129	
11	2.000	1.000	125.000	544.886	1267.456	1270.109	1271.009	8,	1271.333,	nan	nan	8.000	1274.022	54.640	149.620	66.830	183.020	1.662	0.900	2.051	
11	2.000	1.000	126.000	544.886	1276.084	1278.579	1280.337	8,	1280.429,	nan	nan	8.000	1283.357	54.640	149.620	66.830	223.870	1.503	1.759	2.534	
11	2.000	1.000	127.000	544.886	1285.902	1287.465	1289.417	8,	1290.230,	nan	nan	8.000	1292.429	66.830	122.320	81.750	149.620	0.572	1.952	2.161	
11	2.000	1.000	128.000	544.886	1294.603	1296.714	1297.981	8,	1297.996,	nan	nan	8.000	1300.993	54.640	122.320	81.750	183.020	1.122	1.267	2.405	
11	2.000	1.000	129.000	544.886	1303.411	1305.436	1306.490	8,	1306.803,	nan	nan	8.000	1309.502	44.670	122.320	81.750	149.620	1.035	1.055	2.617	
11	2.000	1.000	130.000	544.886	1312.177	1314.085	1315.062	8,	1315.826,	nan	nan	8.000	1318.074	54.640	149.620	81.750	122.320	0.963	0.977	2.084	
11	2.000	1.000	131.000	544.886	1320.170	1322.595	1323.925	8,	1324.360,	nan	nan	8.000	1326.944	54.640	223.870	66.830	223.870	1.436	1.330	2.232	
11	2.000	1.000	132.000	544.886	1329.187	1331.150	1332.870	8,	1333.118,	nan	nan	8.000	1335.889	54.640	183.020	81.750	223.870	0.973	1.720	2.553	
11	2.000	1.000	133.000	544.886	1338.459	1340.123	1341.414	8,	1341.642,	nan	nan	8.000	1344.433	44.670	149.620	66.830	223.870	0.678	1.291	2.855	
11	2.000	1.000	134.000	544.886	1347.301	1350.073	1351.446	8,	1351.857,	nan	nan	8.000	1354.458	54.640	149.620	81.750	223.870	1.783	1.373	3.055	
11	2.000	1.000	135.000	544.886	1357.525	1359.140	1359.727	9,	1361.292,	nan	nan	9.000	1362.746	44.670	223.870	66.830	122.320	0.625	0.587	3.762	
11	2.000	1.000	136.000	544.886	1366.526	1369.327	1371.110	8,	1371.226,	nan	nan	8.000	1374.130	66.830	122.320	81.750	223.870	1.817	1.783	2.328	
11	2.000	1.000	137.000	544.886	1376.470	1378.732	1379.564	8,8,	1380.173,1380.517,	nan	nan	8.000	1382.583	54.640	149.620	81.750	183.020	1.272	0.833	3.807	
11	2.000	1.000	138.000	544.886	1386.402	1388.654	1390.147	9,	1390.335,	nan	nan	9.000	1393.160	54.640	223.870	66.830	122.320	1.262	1.494	2.437	
11	2.000	1.000	139.000	544.886	1395.614	1397.317	1399.263	9,	1399.434,	nan	nan	9.000	1402.281	54.640	183.020	66.830	122.320	0.717	1.947	3.093	
11	2.000	1.000	140.000	544.886	1405.388	1407.928	1409.812	8,	1409.953,	nan	nan	8.000	1412.831	44.670	149.620	81.750	183.020	1.551	1.884	2.920	
11	2.000	1.000	141.000	544.886	1415.764	1418.526	1419.088	8,	1419.751,	nan	nan	8.000	1422.100	54.640	122.320	81.750	223.870	1.773	0.563	2.720	
11	2.000	1.000	142.000	544.886	1424.835	1426.916	1427.527	8,	1427.654,	nan	nan	8.000	1430.544	44.670	122.320	66.830	149.620	1.093	0.611	2.547	
11	2.000	1.000	143.000	544.886	1433.110	1435.823	1436.352	8,	1436.771,	nan	nan	8.000	1439.365	44.670	122.320	54.640	183.020	1.730	0.529	2.412	
11	2.000	1.000	144.000	544.886	1441.791	1443.423	1444.579	8,	1444.758,	nan	nan	8.000	1447.592	54.640	44.670	66.830	44.670	0.645	1.156	2.373	
11	2.000	1.000	145.000	544.886	1449.977	1451.829	1453.529	8,	1453.596,	nan	nan	8.000	1456.542	54.640	183.020	66.830	223.870	0.862	1.701	2.932	
11	2.000	1.000	146.000	544.886	1459.487	1462.419	1463.975	8,	1464.068,	nan	nan	8.000	1466.994	66.830	149.620	81.750	183.020	1.942	1.556	3.421	
11	2.000	1.000	147.000	544.886	1470.427	1472.467	1474.201	8,	1474.370,	nan	nan	8.000	1477.214	66.830	149.620	81.750	223.870	1.050	1.735	2.868	
11	2.000	1.000	148.000	544.886	1480.096	1482.014	1482.514	8,	1483.083,	nan	nan	8.000	1485.526	54.640	122.320	66.830	149.620	0.929	0.500	3.408	
11	2.000	1.000	149.000	544.886	1488.946	1491.492	1493.405	8,	1493.475,	nan	nan	8.000	1496.425	44.670	122.320	81.750	223.870	1.556	1.913	3.460	
11	2.000	1.000	150.000	544.886	1499.897	1501.893	1503.820	8,	1504.256,	nan	nan	8.000	1506.839	44.670	183.020	66.830	223.870	1.006	1.928	2.071	
11	2.000	1.000	151.000	544.886	1508.922	1510.427	1512.238	8,	1512.536,	nan	nan	8.000	1515.257	44.670	122.320	54.640	223.870	0.514	1.812	3.479	
11	2.000	1.000	152.000	544.886	1518.750	1521.348	1521.896	8,	1522.150,	nan	nan	8.000	1524.915	44.670	183.020	54.640	223.870	1.609	0.548	3.196	
11	2.000	1.000	153.000	544.886	1528.123	1530.993	1532.153	8,	1532.574,	nan	nan	8.000	1535.172	44.670	122.320	81.750	183.020	1.879	1.161	2.341	
11	2.000	1.000	154.000	544.886	1537.525	1539.714	1541.675	8,	1542.510,	nan	nan	8.000	1544.695	66.830	122.320	81.750	183.020	1.199	1.961	2.875	
11	2.000	1.000	155.000	544.886	1547.581	1549.930	1551.906	8,8,	1551.965,1552.261,	nan	nan	8.000	1554.919	44.670	149.620	66.830	183.020	1.359	1.976	2.746	
11	2.000	1.000	156.000	544.886	1557.679	1559.495	1561.176	8,	1561.238,	nan	nan	8.000	1564.189	66.830	183.020	81.750	223.870	0.828	1.682	3.260	
11	2.000	2.000	157.000	544.886	34.190	36.770	37.593	8,	38.134,	nan	nan	8.000	40.608	183.020	44.670	223.870	44.670	1.580	0.823	2.611	
11	2.000	2.000	158.000	544.886	43.232	44.976	46.561	9,	46.591,	nan	nan	9.000	49.574	54.640	223.870	44.670	122.320	0.756	1.585	2.990	
11	2.000	2.000	159.000	544.886	52.578	55.056	55.748	9,	56.372,	nan	nan	9.000	58.760	66.830	149.620	54.640	122.320	1.489	0.693	3.987	
11	2.000	2.000	160.000	544.886	62.761	65.701	66.881	9,	66.909,	nan	nan	9.000	69.898	81.750	223.870	66.830	149.620	1.952	1.180	2.643	
11	2.000	2.000	161.000	544.886	72.556	74.343	75.132	9,	75.319,	nan	nan	9.000	78.149	81.750	223.870	66.830	183.020	0.799	0.789	3.338	
11	2.000	2.000	162.000	544.886	81.500	84.422	85.259	9,	86.171,	nan	nan	9.000	88.278	54.640	223.870	44.670	183.020	1.932	0.838	3.743	
11	2.000	2.000	163.000	544.886	92.034	93.749	95.628	9,9,	95.659,95.940,	nan	nan	9.000	98.647	81.750	223.870	44.670	122.320	0.727	1.879	2.103	
11	2.000	2.000	164.000	544.886	100.762	102.966	104.753	9,	104.972,	nan	nan	9.000	107.766	81.750	183.020	66.830	149.620	1.214	1.788	3.595	
11	2.000	2.000	165.000	544.886	111.374	113.167	114.270	9,	114.642,	nan	nan	9.000	117.289	66.830	223.870	44.670	149.620	0.804	1.103	3.833	
11	2.000	2.000	166.000	544.886	121.135	123.979	124.754	9,	125.082,	nan	nan	9.000	127.773	81.750	223.870	54.640	122.320	1.855	0.775	3.447	
11	2.000	2.000	167.000	544.886	131.233	133.919	135.301	9,	135.645,	nan	nan	9.000	138.314	66.830	183.020	44.670	122.320	1.696	1.383	2.566	
11	2.000	2.000	168.000	544.886	140.893	143.356	144.883	9,	145.221,	nan	nan	9.000	147.896	66.830	183.020	54.640	122.320	1.474	1.527	3.190	
11	2.000	2.000	169.000	544.886	151.099	153.172	154.366	9,	154.731,	nan	nan	9.000	157.384	81.750	223.870	54.640	183.020	1.084	1.195	3.363	
11	2.000	2.000	170.000	544.886	160.760	162.732	163.376	8,	163.892,	nan	nan	8.000	166.394	183.020	149.620	223.870	149.620	0.982	0.645	3.331	
11	2.000	2.000	171.000	544.886	169.738	172.057	172.764	9,	173.335,	nan	nan	9.000	175.778	66.830	223.870	44.670	183.020	1.330	0.707	2.186	
11	2.000	2.000	172.000	544.886	177.978	179.573	180.916	9,	180.945,	nan	nan	9.000	183.929	81.750	183.020	54.640	122.320	0.606	1.344	2.752	
11	2.000	2.000	173.000	544.886	186.694	188.839	190.342	9,	190.486,	nan	nan	9.000	193.355	54.640	223.870	44.670	149.620	1.156	1.503	2.019	
11	2.000	2.000	174.000	544.886	195.388	196.954	198.621	9,	198.959,	nan	nan	9.000	201.634	66.830	223.870	54.640	122.320	0.577	1.667	3.961	
11	2.000	2.000	175.000	544.886	205.609	208.583	210.177	9,	210.338,	nan	nan	9.000	213.194	66.830	223.870	44.670	122.320	1.986	1.595	2.399	
11	2.000	2.000	176.000	544.886	215.606	218.287	219.052	9,	220.354,	nan	nan	9.000	222.064	66.830	183.020	54.640	149.620	1.691	0.765	2.090	
11	2.000	2.000	177.000	544.886	224.166	225.859	227.535	9,	227.789,	nan	nan	9.000	230.555	81.750	149.620	54.640	122.320	0.703	1.677	2.444	
11	2.000	2.000	178.000	544.886	233.012	235.196	236.207	9,	237.161,	nan	nan	9.000	239.220	81.750	149.620	66.830	122.320	1.195	1.011	3.942	
11	2.000	2.000	179.000	544.886	243.176	245.383	247.252	9,	247.276,	nan	nan	9.000	250.273	81.750	183.020	44.670	122.320	1.219	1.870	2.514	
11	2.000	2.000	180.000	544.886	252.799	255.514	256.882	9,	257.525,	nan	nan	9.000	259.899	81.750	223.870	54.640	149.620	1.725	1.368	3.267	
11	2.000	2.000	181.000	544.886	263.180	265.792	266.591	8,	267.574,	nan	nan	8.000	269.609	81.750	122.320	66.830	183.020	1.624	0.799	2.592	
11	2.000	2.000	182.000	544.886	272.213	274.214	275.746	9,	276.064,	nan	nan	9.000	278.759	66.830	183.020	44.670	149.620	1.011	1.532	2.450	
11	2.000	2.000	183.000	544.886	281.224	283.251	284.677	8,	285.078,	nan	nan	8.000	287.690	66.830	149.620	81.750	149.620	1.040	1.426	3.132	
11	2.000	2.000	184.000	544.886	290.835	293.646	295.486	9,	296.112,	nan	nan	9.000	298.506	81.750	149.620	44.670	223.870	1.822	1.841	2.785	
11	2.000	2.000	185.000	544.886	301.303	303.636	305.569	9,	305.599,	nan	nan	9.000	308.581	54.640	149.620	44.670	122.320	1.344	1.932	2.277	
11	2.000	2.000	186.000	544.886	310.872	313.194	314.663	9,	314.845,	nan	nan	9.000	317.681	66.830	149.620	44.670	122.320	1.334	1.469	2.039	
11	2.000	2.000	187.000	544.886	319.738	322.626	323.149	9,	323.673,	nan	nan	9.000	326.162	66.830	223.870	54.640	183.020	1.904	0.524	2.688	
11	2.000	2.000	188.000	544.886	328.863	330.728	332.525	9,	333.053,	nan	nan	9.000	335.538	81.750	149.620	54.640	183.020	0.876	1.797	3.775	
11	2.000	2.000	189.000	544.886	339.326	341.809	342.776	9,	342.853,	nan	nan	9.000	345.794	66.830	223.870	54.640	149.620	1.494	0.968	2.283	
11	2.000	2.000	190.000	544.886	348.089	349.743	350.498	9,	350.757,	nan	nan	9.000	353.516	81.750	149.620	44.670	122.320	0.664	0.756	3.884	
11	2.000	2.000	191.000	544.886	357.413	359.476	360.714	9,	361.087,	nan	nan	9.000	363.733	81.750	149.620	44.670	183.020	1.074	1.238	3.653	
11	2.000	2.000	192.000	544.886	367.399	370.123	371.080	9,	371.520,	nan	nan	9.000	374.098	54.640	183.020	44.670	122.320	1.735	0.958	3.640	
11	2.000	2.000	193.000	544.886	377.750	380.238	381.630	9,	381.993,	nan	nan	9.000	384.648	54.640	183.020	44.670	149.620	1.498	1.392	2.289	
11	2.000	2.000	194.000	544.886	386.951	389.516	390.358	9,	390.663,	nan	nan	9.000	393.375	81.750	223.870	44.670	183.020	1.576	0.842	2.174	
11	2.000	2.000	195.000	544.886	395.561	398.256	399.286	9,	399.469,	nan	nan	9.000	402.299	81.750	223.870	66.830	122.320	1.706	1.031	2.122	
11	2.000	2.000	196.000	544.886	404.435	407.250	408.140	8,	409.802,	nan	nan	8.000	411.153	66.830	54.640	81.750	54.640	1.826	0.891	3.839	
11	2.000	2.000	197.000	544.886	415.007	417.222	418.542	9,	418.794,	nan	nan	9.000	421.559	81.750	149.620	54.640	223.870	1.228	1.320	2.945	
11	2.000	2.000	198.000	544.886	424.517	426.788	428.141	9,	428.864,	nan	nan	9.000	431.154	81.750	183.020	44.670	223.870	1.281	1.354	3.434	
11	2.000	2.000	199.000	544.886	434.605	436.264	437.926	8,	438.535,	nan	nan	8.000	440.944	81.750	149.620	66.830	223.870	0.674	1.662	3.672	
11	2.000	2.000	200.000	544.886	444.629	447.275	448.730	8,	448.803,	nan	nan	8.000	451.749	44.670	183.020	81.750	149.620	1.658	1.455	2.193	
11	2.000	2.000	201.000	544.886	453.955	455.652	456.895	9,	458.199,	nan	nan	9.000	459.913	54.640	149.620	44.670	183.020	0.707	1.243	2.585	
11	2.000	2.000	202.000	544.886	462.512	464.034	465.802	8,	465.849,	nan	nan	8.000	468.815	81.750	149.620	66.830	183.020	0.534	1.768	3.068	
11	2.000	2.000	203.000	544.886	471.896	474.634	475.766	9,	476.294,	nan	nan	9.000	478.783	66.830	183.020	54.640	223.870	1.749	1.132	2.579	
11	2.000	2.000	204.000	544.886	481.375	484.123	484.845	8,	485.305,	nan	nan	8.000	487.864	81.750	122.320	66.830	149.620	1.759	0.722	3.550	
11	2.000	2.000	205.000	544.886	491.427	493.437	494.341	8,	494.939,	nan	nan	8.000	497.360	54.640	122.320	66.830	223.870	1.021	0.905	2.804	
11	2.000	2.000	206.000	544.886	500.177	502.264	503.125	8,	504.837,	nan	nan	8.000	506.138	54.640	122.320	44.670	223.870	1.098	0.862	3.685	
11	2.000	2.000	207.000	544.886	509.837	512.001	513.981	9,	514.024,	nan	nan	9.000	516.994	81.750	122.320	44.670	149.620	1.175	1.981	3.736	
11	2.000	2.000	208.000	544.886	520.744	523.279	525.125	9,	525.308,	nan	nan	9.000	528.137	81.750	122.320	54.640	183.020	1.547	1.846	2.148	
11	2.000	2.000	209.000	544.886	530.298	532.390	533.791	8,	533.821,	nan	nan	8.000	536.804	149.620	54.640	223.870	54.640	1.103	1.402	2.605	
11	2.000	2.000	210.000	544.886	539.421	540.968	542.013	8,	542.104,	nan	nan	8.000	545.026	54.640	122.320	66.830	183.020	0.558	1.045	3.010	
11	2.000	2.000	211.000	544.886	548.048	550.150	551.701	8,	552.602,	nan	nan	8.000	554.720	54.640	149.620	44.670	223.870	1.113	1.551	3.087	
11	2.000	2.000	212.000	544.886	557.819	559.550	561.261	8,	561.479,	nan	nan	8.000	564.273	54.640	122.320	81.750	149.620	0.741	1.711	3.531	
11	2.000	2.000	213.000	544.886	567.816	570.714	572.439	8,	572.712,	nan	nan	8.000	575.458	81.750	122.320	54.640	223.870	1.908	1.725	2.379	
11	2.000	2.000	214.000	544.886	577.851	579.408	581.282	8,	581.718,	nan	nan	8.000	584.295	81.750	183.020	66.830	223.870	0.568	1.875	3.929	
11	2.000	2.000	215.000	544.886	588.238	591.073	592.662	8,	592.726,	nan	nan	8.000	595.675	44.670	223.870	81.750	149.620	1.846	1.590	2.225	
11	2.000	2.000	216.000	544.886	597.913	599.957	600.562	9,	602.032,	nan	nan	9.000	603.574	81.750	122.320	44.670	183.020	1.055	0.606	2.482	
11	2.000	2.000	217.000	544.886	606.070	607.959	609.688	8,9,	609.770,609.965,	nan	nan	9.000	612.701	54.640	183.020	44.670	223.870	0.900	1.730	2.907	
11	2.000	2.000	218.000	544.886	615.620	617.756	619.712	8,	619.809,	nan	nan	8.000	622.725	66.830	149.620	54.640	223.870	1.146	1.957	3.711	
11	2.000	2.000	219.000	544.886	626.449	628.565	629.301	8,	630.558,	9.000	632.313	8.000	632.313	81.750	122.320	44.670	223.870	1.127	0.736	2.637	
11	2.000	2.000	220.000	544.886	634.964	637.715	639.054	9,	639.134,	nan	nan	9.000	642.067	66.830	183.020	81.750	122.320	1.764	1.339	3.633	
11	2.000	2.000	221.000	544.886	645.713	647.385	649.004	9,8,9,	649.177,650.278,650.796,	nan	nan	9.000	652.023	54.640	122.320	44.670	183.020	0.683	1.619	2.495	
11	2.000	2.000	222.000	544.886	654.531	657.521	659.294	8,	659.499,	nan	nan	8.000	662.306	149.620	183.020	223.870	183.020	2.000	1.773	2.006	
11	2.000	2.000	223.000	544.886	664.328	666.196	667.009	8,	667.375,	nan	nan	8.000	670.021	81.750	122.320	66.830	223.870	0.881	0.814	2.096	
11	2.000	2.000	224.000	544.886	672.131	674.922	675.909	9,	676.331,	nan	nan	9.000	678.927	66.830	149.620	44.670	223.870	1.802	0.987	3.080	
11	2.000	2.000	225.000	544.886	682.023	683.915	685.765	8,	686.037,	nan	nan	8.000	688.784	44.670	122.320	66.830	223.870	0.905	1.850	3.441	
11	2.000	2.000	226.000	544.886	692.243	693.756	694.680	9,	695.852,	nan	nan	9.000	697.692	66.830	149.620	54.640	183.020	0.529	0.924	2.559	
11	2.000	2.000	227.000	544.886	700.264	702.178	704.144	8,9,9,	704.361,705.037,705.378,	nan	nan	9.000	707.156	66.830	122.320	54.640	149.620	0.924	1.966	3.061	
11	2.000	2.000	228.000	544.886	710.234	711.989	712.653	9,	713.563,	nan	nan	9.000	715.671	81.750	183.020	54.640	223.870	0.770	0.664	2.817	
11	2.000	2.000	229.000	544.886	718.502	720.632	721.585	9,	721.880,	nan	nan	9.000	724.597	66.830	149.620	44.670	183.020	1.141	0.953	3.273	
11	2.000	2.000	230.000	544.886	727.906	729.513	731.093	9,	731.496,	nan	nan	9.000	734.112	66.830	122.320	44.670	149.620	0.640	1.580	3.788	
11	2.000	2.000	231.000	544.886	737.913	739.961	740.640	8,	741.919,	nan	nan	8.000	743.658	54.640	183.020	81.750	149.620	1.059	0.678	3.235	
11	2.000	2.000	232.000	544.886	746.906	748.482	749.112	9,	749.934,	nan	nan	9.000	752.131	54.640	122.320	44.670	149.620	0.587	0.630	3.910	
11	2.000	2.000	233.000	544.886	756.054	758.339	759.056	9,	760.230,	nan	nan	9.000	762.068	66.830	183.020	44.670	223.870	1.296	0.717	3.241	
11	2.000	2.000	234.000	544.886	765.323	766.922	767.769	9,	768.515,	nan	nan	9.000	770.786	66.830	122.320	44.670	183.020	0.611	0.847	2.926	
11	2.000	2.000	235.000	544.886	773.726	776.054	777.238	8,	777.298,	nan	nan	8.000	780.256	54.640	223.870	81.750	223.870	1.339	1.185	3.723	
11	2.000	2.000	236.000	544.886	783.992	786.600	787.582	8,	788.200,	nan	nan	8.000	790.601	66.830	122.320	44.670	223.870	1.619	0.982	3.543	
11	2.000	2.000	237.000	544.886	794.158	795.748	796.971	8,	798.312,	nan	nan	8.000	799.990	44.670	183.020	66.830	122.320	0.601	1.223	3.666	
11	2.000	2.000	238.000	544.886	803.669	805.515	806.333	8,9,	807.997,808.311,	9.000	809.350	9.000	809.350	44.670	183.020	54.640	122.320	0.857	0.818	2.026	
11	2.000	2.000	239.000	544.886	811.396	814.045	815.331	9,	815.592,	nan	nan	9.000	818.343	81.750	183.020	66.830	122.320	1.667	1.286	2.457	
11	2.000	2.000	240.000	544.886	820.812	822.987	823.935	9,	825.138,	nan	nan	9.000	826.952	44.670	223.870	54.640	149.620	1.185	0.949	2.675	
11	2.000	2.000	241.000	544.886	829.640	832.518	833.510	8,	834.676,	nan	nan	8.000	836.528	44.670	223.870	54.640	183.020	1.889	0.992	3.749	
11	2.000	2.000	242.000	544.886	840.291	842.532	843.784	8,	844.174,	nan	nan	8.000	846.797	44.670	183.020	81.750	122.320	1.252	1.252	3.974	
11	2.000	2.000	243.000	544.886	850.785	853.224	854.119	8,	855.604,	nan	nan	8.000	857.139	66.830	223.870	81.750	183.020	1.450	0.895	4.000	
11	2.000	2.000	244.000	544.886	861.152	862.930	863.469	8,	864.193,	nan	nan	8.000	866.482	44.670	183.020	66.830	149.620	0.789	0.539	3.325	
11	2.000	2.000	245.000	544.886	869.820	871.458	872.922	9,	873.156,	nan	nan	9.000	875.941	66.830	223.870	81.750	122.320	0.650	1.465	3.569	
11	2.000	2.000	246.000	544.886	879.530	881.109	882.733	9,	883.063,	nan	nan	9.000	885.750	54.640	183.020	66.830	149.620	0.596	1.624	3.222	
11	2.000	2.000	247.000	544.886	888.986	891.415	892.102	8,	893.449,	9.000	895.115	8.000	895.115	44.670	183.020	54.640	149.620	1.441	0.688	2.791	
11	2.000	2.000	248.000	544.886	897.919	900.141	901.200	8,	901.247,	nan	nan	8.000	904.212	54.640	44.670	81.750	44.670	1.233	1.059	3.621	
11	2.000	2.000	249.000	544.886	907.858	909.586	911.474	9,	911.669,	nan	nan	9.000	914.487	81.750	183.020	44.670	149.620	0.751	1.889	3.286	
11	2.000	2.000	250.000	544.886	917.789	919.907	921.420	8,	921.670,	nan	nan	8.000	924.438	44.670	149.620	54.640	122.320	1.132	1.513	2.302	
11	2.000	2.000	251.000	544.886	926.756	928.267	930.132	8,9,8,	930.875,931.143,931.586,	nan	nan	8.000	933.144	54.640	223.870	66.830	183.020	0.524	1.865	3.916	
11	2.000	2.000	252.000	544.886	937.076	939.064	939.569	8,	940.041,	nan	nan	8.000	942.587	44.670	223.870	66.830	183.020	1.002	0.505	2.180	
11	2.000	2.000	253.000	544.886	944.783	947.171	948.583	9,	948.759,	nan	nan	9.000	951.595	54.640	223.870	81.750	122.320	1.402	1.412	3.659	
11	2.000	2.000	254.000	544.886	955.268	956.757	957.777	9,	958.170,	nan	nan	9.000	960.790	44.670	223.870	54.640	122.320	0.500	1.021	3.453	
11	2.000	2.000	255.000	544.886	964.260	966.407	967.273	9,8,	967.814,968.542,	nan	nan	8.000	970.290	54.640	149.620	66.830	122.320	1.161	0.867	3.100	
11	2.000	2.000	256.000	544.886	973.404	976.132	976.651	9,	977.255,	nan	nan	9.000	979.667	54.640	223.870	66.830	149.620	1.740	0.519	3.852	
11	2.000	2.000	257.000	544.886	983.535	985.374	986.245	8,	987.124,	nan	nan	8.000	989.258	44.670	223.870	81.750	122.320	0.852	0.871	2.135	
11	2.000	2.000	258.000	544.886	991.407	993.758	994.427	9,9,	994.628,995.005,	nan	nan	9.000	997.440	81.750	183.020	54.640	149.620	1.363	0.669	3.113	
11	2.000	2.000	259.000	544.886	1000.566	1002.440	1003.548	8,	1003.646,	nan	nan	8.000	1006.565	54.640	223.870	81.750	183.020	0.886	1.108	3.794	
11	2.000	2.000	260.000	544.886	1010.375	1013.289	1014.797	8,	1015.105,	nan	nan	8.000	1017.816	66.830	122.320	54.640	223.870	1.928	1.508	3.781	
11	2.000	2.000	261.000	544.886	1021.612	1023.645	1024.641	8,	1025.151,	nan	nan	8.000	1027.661	149.620	54.640	183.020	54.640	1.045	0.997	2.257	
11	2.000	2.000	262.000	544.886	1029.933	1031.469	1032.590	8,	1032.824,	nan	nan	8.000	1035.610	44.670	223.870	66.830	149.620	0.548	1.122	2.656	
11	2.000	2.000	263.000	544.886	1038.281	1041.129	1042.265	9,	1042.951,	nan	nan	9.000	1045.277	66.830	183.020	81.750	149.620	1.860	1.137	2.354	
11	2.000	2.000	264.000	544.886	1047.644	1049.567	1050.496	9,	1051.188,	nan	nan	9.000	1053.515	66.830	149.620	81.750	122.320	0.934	0.929	3.395	
11	2.000	2.000	265.000	544.886	1056.925	1059.233	1059.945	9,	1060.023,	nan	nan	9.000	1062.963	81.750	223.870	44.670	149.620	1.320	0.712	3.492	
11	2.000	2.000	266.000	544.886	1066.470	1068.237	1069.977	9,	1070.208,	nan	nan	9.000	1072.990	54.640	183.020	81.750	122.320	0.780	1.740	3.003	
11	2.000	2.000	267.000	544.886	1076.007	1078.060	1079.659	8,	1080.480,	nan	nan	8.000	1082.677	81.750	122.320	54.640	149.620	1.064	1.600	2.997	
11	2.000	2.000	268.000	544.886	1085.689	1088.507	1089.981	8,	1090.233,	nan	nan	8.000	1093.000	66.830	122.320	54.640	183.020	1.831	1.474	3.415	
11	2.000	2.000	269.000	544.886	1096.428	1099.050	1101.021	8,9,	1101.511,1102.808,	9.000	1104.034	9.000	1104.034	44.670	149.620	66.830	122.320	1.633	1.971	3.106	
11	2.000	2.000	270.000	544.886	1107.154	1108.878	1109.817	9,	1109.929,	nan	nan	9.000	1112.834	66.830	223.870	81.750	149.620	0.736	0.939	2.952	
11	2.000	2.000	271.000	544.886	1115.799	1118.426	1120.030	9,8,9,	1120.197,1120.604,1120.970,	nan	nan	9.000	1123.043	54.640	223.870	81.750	149.620	1.638	1.605	3.537	
11	2.000	2.000	272.000	544.886	1126.596	1128.936	1130.048	8,	1130.672,	nan	nan	8.000	1133.061	44.670	149.620	81.750	122.320	1.354	1.113	3.627	
11	2.000	2.000	273.000	544.886	1136.709	1139.304	1140.190	8,	1140.495,	nan	nan	8.000	1143.209	44.670	223.870	81.750	183.020	1.614	0.886	3.994	
11	2.000	2.000	274.000	544.886	1147.221	1148.724	1149.605	8,	1150.043,	nan	nan	8.000	1152.622	149.620	223.870	183.020	223.870	0.519	0.881	2.013	
11	2.000	2.000	275.000	544.886	1154.650	1157.107	1157.790	8,	1158.500,	nan	nan	8.000	1160.806	44.670	122.320	66.830	149.620	1.469	0.683	3.383	
11	2.000	2.000	276.000	544.886	1164.202	1166.024	1167.334	8,	1167.703,	nan	nan	8.000	1170.350	66.830	149.620	81.750	223.870	0.833	1.310	3.305	
11	2.000	2.000	277.000	544.886	1173.676	1176.079	1177.905	8,	1178.179,	nan	nan	8.000	1180.923	54.640	149.620	66.830	223.870	1.421	1.826	3.183	
11	2.000	2.000	278.000	544.886	1184.122	1185.918	1186.461	8,	1186.912,	nan	nan	8.000	1189.473	54.640	183.020	66.830	223.870	0.809	0.543	3.678	
11	2.000	2.000	279.000	544.886	1193.169	1194.823	1195.376	8,8,	1195.618,1196.011,	nan	nan	8.000	1198.388	44.670	122.320	81.750	149.620	0.669	0.553	3.904	
11	2.000	2.000	280.000	544.886	1202.308	1205.178	1206.348	8,9,	1206.890,1207.610,	nan	nan	9.000	1209.361	44.670	223.870	66.830	122.320	1.884	1.170	3.704	
11	2.000	2.000	281.000	544.886	1213.079	1215.937	1217.512	8,	1217.579,	nan	nan	8.000	1220.525	54.640	149.620	81.750	223.870	1.870	1.576	3.698	
11	2.000	2.000	282.000	544.886	1224.237	1226.415	1227.242	8,	1227.431,	nan	nan	8.000	1230.261	66.830	122.320	81.750	223.870	1.190	0.828	3.209	
11	2.000	2.000	283.000	544.886	1233.484	1236.241	1237.314	8,	1237.494,	nan	nan	8.000	1240.327	54.640	122.320	66.830	149.620	1.768	1.074	2.360	
11	2.000	2.000	284.000	544.886	1242.700	1244.454	1246.198	8,	1246.417,	nan	nan	8.000	1249.212	66.830	183.020	81.750	223.870	0.765	1.744	2.347	
11	2.000	2.000	285.000	544.886	1251.573	1254.538	1255.626	8,	1256.223,	nan	nan	8.000	1258.644	44.670	122.320	54.640	223.870	1.976	1.088	3.428	
11	2.000	2.000	286.000	544.886	1262.086	1264.795	1265.704	8,	1265.904,	nan	nan	8.000	1268.723	44.670	122.320	66.830	183.020	1.720	0.910	3.312	
11	2.000	2.000	287.000	544.886	1272.049	1274.574	1275.301	8,	1275.588,	nan	nan	8.000	1278.317	54.640	149.620	66.830	149.620	1.537	0.727	3.151	
11	2.000	2.000	288.000	544.886	1281.483	1283.361	1285.067	8,	1285.386,	nan	nan	8.000	1288.084	54.640	149.620	81.750	122.320	0.891	1.706	2.765	
11	2.000	2.000	289.000	544.886	1290.863	1292.544	1293.218	8,	1293.319,	nan	nan	8.000	1296.229	44.670	122.320	81.750	183.020	0.693	0.674	3.299	
11	2.000	2.000	290.000	544.886	1299.543	1301.093	1303.035	8,	1303.083,	nan	nan	8.000	1306.049	66.830	149.620	81.750	183.020	0.563	1.942	2.077	
11	2.000	2.000	291.000	544.886	1308.139	1311.046	1312.486	8,	1312.733,	nan	nan	8.000	1315.505	66.830	122.320	81.750	149.620	1.918	1.441	2.862	
11	2.000	2.000	292.000	544.886	1318.380	1320.674	1322.119	8,	1322.391,	nan	nan	8.000	1325.132	44.670	149.620	54.640	223.870	1.305	1.445	2.322	
11	2.000	2.000	293.000	544.886	1327.470	1330.263	1331.269	8,	1331.590,	nan	nan	8.000	1334.287	54.640	149.620	66.830	183.020	1.807	1.006	2.251	
11	2.000	2.000	294.000	544.886	1336.552	1338.489	1339.654	8,	1340.014,	nan	nan	8.000	1342.668	44.670	183.020	81.750	223.870	0.949	1.166	3.466	
11	2.000	2.000	295.000	544.886	1346.149	1348.808	1349.433	8,	1349.729,	nan	nan	8.000	1352.446	66.830	122.320	81.750	183.020	1.672	0.625	2.797	
11	2.000	2.000	296.000	544.886	1355.257	1357.561	1359.083	8,	1359.278,	nan	nan	8.000	1362.095	44.670	183.020	54.640	223.870	1.315	1.523	3.035	
11	2.000	2.000	297.000	544.886	1365.145	1367.163	1368.926	9,	1369.658,	nan	nan	9.000	1371.945	54.640	223.870	66.830	122.320	1.031	1.764	3.389	
11	2.000	2.000	298.000	544.886	1375.348	1378.148	1379.275	8,	1379.689,	nan	nan	8.000	1382.293	44.670	149.620	54.640	183.020	1.812	1.127	2.064	
11	2.000	2.000	299.000	544.886	1384.371	1385.976	1387.811	8,	1387.856,	nan	nan	8.000	1390.824	44.670	183.020	66.830	223.870	0.616	1.836	2.032	
11	2.000	2.000	300.000	544.886	1392.878	1395.569	1396.315	8,	1396.831,	nan	nan	8.000	1399.333	54.640	44.670	66.830	44.670	1.711	0.746	2.199	
11	2.000	2.000	301.000	544.886	1401.551	1404.062	1405.449	8,	1405.748,	nan	nan	8.000	1408.462	54.640	183.020	81.750	223.870	1.527	1.387	2.270	
11	2.000	2.000	302.000	544.886	1410.745	1412.678	1414.600	8,	1414.626,	nan	nan	8.000	1417.614	44.670	149.620	81.750	183.020	0.944	1.923	3.170	
11	2.000	2.000	303.000	544.886	1420.800	1423.680	1424.465	8,	1425.575,	nan	nan	8.000	1427.483	44.670	122.320	54.640	149.620	1.894	0.785	2.701	
11	2.000	2.000	304.000	544.886	1430.198	1432.265	1433.382	8,	1433.619,	nan	nan	8.000	1436.394	44.670	149.620	81.750	223.870	1.079	1.117	3.949	
11	2.000	2.000	305.000	544.886	1440.360	1442.804	1443.946	8,	1444.075,	nan	nan	8.000	1446.963	44.670	122.320	81.750	223.870	1.460	1.141	2.650	
11	2.000	2.000	306.000	544.886	1449.626	1451.529	1452.386	8,	1452.622,	nan	nan	8.000	1455.405	54.640	122.320	81.750	223.870	0.915	0.857	2.662	
11	2.000	2.000	307.000	544.886	1458.084	1460.370	1460.884	8,	1461.090,	nan	nan	8.000	1463.896	44.670	149.620	66.830	223.870	1.301	0.514	2.424	
11	2.000	2.000	308.000	544.886	1466.337	1468.831	1470.623	8,	1470.652,	nan	nan	8.000	1473.636	54.640	122.320	81.750	183.020	1.508	1.793	2.309	
11	2.000	2.000	309.000	544.886	1475.960	1477.693	1479.027	8,	1479.171,	nan	nan	8.000	1482.039	44.670	149.620	66.830	183.020	0.746	1.334	2.116	
11	2.000	2.000	310.000	544.886	1484.168	1486.549	1487.589	8,	1487.729,	nan	nan	8.000	1490.606	54.640	149.620	81.750	183.020	1.392	1.040	3.968	
11	2.000	2.000	311.000	544.886	1494.590	1496.081	1497.381	9,	1497.900,	nan	nan	9.000	1500.394	54.640	183.020	66.830	122.320	0.505	1.301	3.498	
11	2.000	2.000	312.000	544.886	1503.906	1506.460	1507.211	8,	1508.423,	nan	nan	8.000	1510.223	44.670	122.320	54.640	183.020	1.566	0.751	3.344	
