subjID	session	Block	trialCount	earnings	Gam1Onset	Gam2Onset	FBOnset	KPs	RT	KPlate	RTlate	KP_Final	SLOnset	Gam1_1	Gam1_2	Gam2_1	Gam2_2	jit1	jit2	jit3	
12	2.000	1.000	1.000	544.886	80.195	83.010	84.590	9,	85.252,	nan	nan	9.000	87.606	183.020	66.830	223.870	66.830	1.822	1.580	2.219	
12	2.000	1.000	2.000	544.886	89.834	92.532	94.223	9,	94.499,	nan	nan	9.000	97.236	66.830	223.870	54.640	149.620	1.706	1.691	2.476	
12	2.000	1.000	3.000	544.886	99.722	101.918	102.808	8,	104.323,	nan	nan	8.000	105.825	81.750	223.870	44.670	183.020	1.204	0.891	2.643	
12	2.000	1.000	4.000	544.886	108.481	110.955	112.718	9,	112.882,	nan	nan	9.000	115.731	66.830	223.870	44.670	122.320	1.484	1.764	2.232	
12	2.000	1.000	5.000	544.886	117.986	120.738	122.371	8,	123.003,	nan	nan	8.000	125.384	54.640	223.870	44.670	183.020	1.773	1.633	2.598	
12	2.000	1.000	6.000	544.886	127.993	130.666	131.315	9,	131.454,	nan	nan	9.000	134.327	66.830	183.020	54.640	149.620	1.682	0.650	2.907	
12	2.000	1.000	7.000	544.886	137.245	139.817	140.929	8,	141.540,	nan	nan	8.000	143.942	54.640	223.870	44.670	149.620	1.580	1.113	2.251	
12	2.000	1.000	8.000	544.886	146.208	149.060	150.119	9,8,9,	150.814,151.183,151.777,	nan	nan	9.000	153.132	81.750	149.620	54.640	122.320	1.865	1.059	2.868	
12	2.000	1.000	9.000	544.886	156.011	158.848	160.384	9,	160.915,	nan	nan	9.000	163.402	81.750	149.620	44.670	122.320	1.846	1.537	3.865	
12	2.000	1.000	10.000	544.886	167.278	170.062	171.821	9,	172.242,	nan	nan	9.000	174.837	66.830	223.870	54.640	122.320	1.793	1.759	3.498	
12	2.000	1.000	11.000	544.886	178.346	181.309	182.720	8,	183.082,	nan	nan	8.000	185.739	54.640	183.020	44.670	122.320	1.971	1.412	3.190	
12	2.000	1.000	12.000	544.886	188.945	191.149	192.179	9,	192.569,	nan	nan	9.000	195.192	81.750	183.020	66.830	149.620	1.219	1.031	3.556	
12	2.000	1.000	13.000	544.886	198.760	200.670	202.024	9,	202.063,	nan	nan	9.000	205.037	66.830	183.020	54.640	122.320	0.920	1.354	3.601	
12	2.000	1.000	14.000	544.886	208.650	211.274	211.957	9,	212.146,	nan	nan	9.000	214.974	183.020	149.620	223.870	149.620	1.633	0.683	2.939	
12	2.000	1.000	15.000	544.886	217.924	220.105	221.073	9,	221.242,	nan	nan	9.000	224.091	66.830	149.620	54.640	122.320	1.190	0.968	2.508	
12	2.000	1.000	16.000	544.886	226.609	228.906	230.515	9,	230.873,	nan	nan	9.000	233.528	81.750	223.870	44.670	122.320	1.305	1.609	3.344	
12	2.000	1.000	17.000	544.886	236.883	239.228	240.610	9,	240.823,	nan	nan	9.000	243.628	66.830	183.020	44.670	149.620	1.354	1.383	2.772	
12	2.000	1.000	18.000	544.886	246.410	247.931	249.275	8,	249.529,	nan	nan	8.000	252.288	81.750	149.620	44.670	183.020	0.529	1.344	3.588	
12	2.000	1.000	19.000	544.886	255.887	258.001	258.553	8,9,	258.911,259.279,	nan	nan	9.000	261.566	81.750	223.870	54.640	122.320	1.122	0.553	2.450	
12	2.000	1.000	20.000	544.886	264.041	266.632	267.344	9,	267.413,	nan	nan	9.000	270.362	66.830	223.870	44.670	149.620	1.614	0.712	2.778	
12	2.000	1.000	21.000	544.886	273.150	275.230	276.299	8,	276.405,	nan	nan	8.000	279.312	66.830	149.620	44.670	122.320	1.088	1.069	3.048	
12	2.000	1.000	22.000	544.886	282.372	285.025	285.930	9,	286.219,	nan	nan	9.000	288.948	81.750	223.870	54.640	149.620	1.662	0.905	3.897	
12	2.000	1.000	23.000	544.886	292.857	294.753	296.154	9,	296.400,	nan	nan	9.000	299.167	81.750	183.020	44.670	122.320	0.905	1.402	2.431	
12	2.000	1.000	24.000	544.886	301.609	303.298	304.429	9,9,	304.630,304.909,	nan	nan	9.000	307.442	81.750	149.620	54.640	183.020	0.698	1.132	2.611	
12	2.000	1.000	25.000	544.886	310.064	313.012	314.032	9,	314.144,	nan	nan	9.000	317.045	66.830	183.020	44.670	122.320	1.957	1.021	2.650	
12	2.000	1.000	26.000	544.886	319.704	322.118	323.341	8,9,	323.555,324.061,	nan	nan	9.000	326.353	81.750	223.870	66.830	122.320	1.421	1.223	2.437	
12	2.000	1.000	27.000	544.886	328.801	331.619	332.943	9,	333.501,	nan	nan	9.000	335.957	66.830	223.870	81.750	223.870	1.826	1.325	3.408	
12	2.000	1.000	28.000	544.886	339.377	342.290	343.113	8,	343.143,	nan	nan	8.000	346.130	54.640	223.870	44.670	122.320	1.923	0.823	2.367	
12	2.000	1.000	29.000	544.886	348.508	350.481	351.709	9,	351.742,	nan	nan	9.000	354.722	81.750	223.870	66.830	149.620	0.982	1.228	3.428	
12	2.000	1.000	30.000	544.886	358.166	360.279	362.019	8,	362.170,	nan	nan	8.000	365.032	81.750	149.620	44.670	223.870	1.127	1.740	2.913	
12	2.000	1.000	31.000	544.886	367.956	370.398	371.544	8,	371.822,	nan	nan	8.000	374.561	81.750	149.620	66.830	122.320	1.450	1.146	2.270	
12	2.000	1.000	32.000	544.886	376.842	378.338	379.904	8,	379.966,	nan	nan	8.000	382.917	54.640	183.020	44.670	149.620	0.505	1.566	2.547	
12	2.000	1.000	33.000	544.886	385.476	387.444	388.662	9,	388.741,	nan	nan	9.000	391.675	81.750	183.020	54.640	122.320	0.977	1.219	3.659	
12	2.000	1.000	34.000	544.886	395.345	397.352	397.963	8,9,	398.476,398.813,	nan	nan	9.000	400.979	81.750	223.870	54.640	183.020	1.016	0.611	2.592	
12	2.000	1.000	35.000	544.886	403.582	405.990	406.711	9,9,	406.755,407.199,	nan	nan	9.000	409.728	66.830	223.870	54.640	183.020	1.416	0.722	2.084	
12	2.000	1.000	36.000	544.886	411.823	414.529	415.482	8,	415.811,	nan	nan	8.000	418.494	81.750	122.320	66.830	183.020	1.715	0.953	3.010	
12	2.000	1.000	37.000	544.886	421.517	424.111	425.127	8,	425.317,	nan	nan	8.000	428.139	66.830	223.870	44.670	183.020	1.605	1.016	2.109	
12	2.000	1.000	38.000	544.886	430.270	431.900	432.945	8,	433.455,	nan	nan	8.000	435.963	81.750	223.870	66.830	183.020	0.650	1.045	3.177	
12	2.000	1.000	39.000	544.886	439.154	441.568	443.297	9,	443.455,	8.000	446.311	9.000	446.311	54.640	149.620	44.670	122.320	1.426	1.730	3.113	
12	2.000	1.000	40.000	544.886	449.435	451.721	453.581	9,	453.634,	nan	nan	9.000	456.600	66.830	54.640	81.750	54.640	1.296	1.860	2.309	
12	2.000	1.000	41.000	544.886	458.921	460.918	461.774	8,	461.881,	nan	nan	8.000	464.786	54.640	122.320	66.830	223.870	1.006	0.857	2.688	
12	2.000	1.000	42.000	544.886	467.486	470.453	472.201	8,	472.431,	nan	nan	8.000	475.215	54.640	122.320	44.670	223.870	1.976	1.749	2.984	
12	2.000	1.000	43.000	544.886	478.210	480.299	481.035	9,	481.383,	nan	nan	9.000	484.048	81.750	149.620	54.640	223.870	1.098	0.736	2.193	
12	2.000	1.000	44.000	544.886	486.251	488.934	490.857	9,	491.008,	nan	nan	9.000	493.870	81.750	183.020	44.670	223.870	1.691	1.923	2.373	
12	2.000	1.000	45.000	544.886	496.255	499.139	499.808	8,9,	500.234,500.586,	nan	nan	9.000	502.819	81.750	122.320	54.640	183.020	1.894	0.669	2.090	
12	2.000	1.000	46.000	544.886	504.920	507.511	508.628	8,8,	508.656,508.907,	nan	nan	8.000	511.641	66.830	149.620	44.670	183.020	1.600	1.117	2.862	
12	2.000	1.000	47.000	544.886	514.516	516.738	518.376	9,	518.439,	nan	nan	9.000	521.390	81.750	183.020	54.640	223.870	1.233	1.638	2.675	
12	2.000	1.000	48.000	544.886	524.076	526.093	527.808	9,	527.960,	nan	nan	9.000	530.822	44.670	183.020	81.750	149.620	1.026	1.715	2.000	
12	2.000	1.000	49.000	544.886	532.834	535.655	537.365	8,8,8,8,	537.400,537.642,537.897,538.290,	nan	nan	8.000	540.383	44.670	122.320	66.830	223.870	1.831	1.711	2.521	
12	2.000	1.000	50.000	544.886	542.916	544.971	545.842	9,	546.127,	nan	nan	9.000	548.855	81.750	183.020	66.830	223.870	1.064	0.871	3.466	
12	2.000	1.000	51.000	544.886	552.332	554.475	556.354	9,	556.434,	nan	nan	9.000	559.372	44.670	223.870	81.750	149.620	1.151	1.879	2.154	
12	2.000	1.000	52.000	544.886	561.537	563.829	565.419	8,	565.963,	nan	nan	8.000	568.437	54.640	122.320	44.670	183.020	1.301	1.590	2.804	
12	2.000	1.000	53.000	544.886	571.253	573.245	573.836	8,8,	574.429,574.970,	nan	nan	8.000	576.848	149.620	81.750	223.870	81.750	1.002	0.592	2.212	
12	2.000	1.000	54.000	544.886	579.072	580.934	582.172	9,9,	582.192,582.514,	nan	nan	9.000	585.190	66.830	149.620	54.640	223.870	0.871	1.238	2.238	
12	2.000	1.000	55.000	544.886	587.438	589.740	590.635	9,	590.916,	nan	nan	9.000	593.648	81.750	122.320	44.670	149.620	1.310	0.895	2.257	
12	2.000	1.000	56.000	544.886	595.918	598.545	599.045	8,9,	599.639,600.829,	nan	nan	9.000	602.057	66.830	122.320	44.670	149.620	1.638	0.500	2.096	
12	2.000	1.000	57.000	544.886	604.166	606.712	607.526	8,	607.807,	nan	nan	8.000	610.542	81.750	122.320	44.670	183.020	1.556	0.814	2.482	
12	2.000	1.000	58.000	544.886	613.037	614.787	615.639	8,	615.817,	nan	nan	8.000	618.657	81.750	149.620	66.830	223.870	0.760	0.852	2.624	
12	2.000	1.000	59.000	544.886	621.294	623.574	625.535	8,9,	625.647,626.201,	nan	nan	9.000	628.548	81.750	122.320	54.640	223.870	1.291	1.961	3.916	
12	2.000	1.000	60.000	544.886	632.477	635.269	636.517	8,9,	636.654,638.382,	nan	nan	9.000	639.530	54.640	183.020	44.670	223.870	1.802	1.248	3.974	
12	2.000	1.000	61.000	544.886	643.517	645.132	646.905	9,	647.144,	nan	nan	9.000	649.923	66.830	183.020	81.750	122.320	0.625	1.773	3.878	
12	2.000	1.000	62.000	544.886	653.813	656.514	658.398	8,	658.543,	nan	nan	8.000	661.416	54.640	122.320	81.750	149.620	1.711	1.884	3.473	
12	2.000	1.000	63.000	544.886	664.901	666.613	667.233	8,	667.509,	nan	nan	8.000	670.249	54.640	122.320	44.670	149.620	0.722	0.621	2.527	
12	2.000	1.000	64.000	544.886	672.788	674.752	675.531	8,	675.759,	nan	nan	8.000	678.547	54.640	149.620	44.670	223.870	0.973	0.780	3.486	
12	2.000	1.000	65.000	544.886	682.045	684.027	685.463	8,	685.582,	nan	nan	8.000	688.480	81.750	122.320	66.830	149.620	0.992	1.436	2.553	
12	2.000	1.000	66.000	544.886	691.044	692.844	694.028	8,	694.336,	nan	nan	8.000	697.041	149.620	183.020	223.870	183.020	0.809	1.185	3.331	
12	2.000	1.000	67.000	544.886	700.385	702.969	704.926	8,	705.219,	nan	nan	8.000	707.939	54.640	149.620	44.670	183.020	1.595	1.957	2.765	
12	2.000	1.000	68.000	544.886	710.715	712.616	713.178	8,	713.430,	nan	nan	8.000	716.195	81.750	122.320	66.830	223.870	0.910	0.563	3.955	
12	2.000	1.000	69.000	544.886	720.169	723.143	724.419	9,	724.442,	nan	nan	9.000	727.432	66.830	149.620	54.640	183.020	1.990	1.277	2.894	
12	2.000	1.000	70.000	544.886	730.338	732.846	734.363	8,	734.556,	nan	nan	8.000	737.377	81.750	149.620	66.830	183.020	1.518	1.518	2.264	
12	2.000	1.000	71.000	544.886	739.652	741.823	742.452	9,	742.607,	nan	nan	9.000	745.465	66.830	183.020	54.640	223.870	1.180	0.630	2.585	
12	2.000	1.000	72.000	544.886	748.063	749.818	751.485	8,	751.835,	nan	nan	8.000	754.498	66.830	122.320	44.670	183.020	0.765	1.667	2.341	
12	2.000	1.000	73.000	544.886	756.853	759.783	761.464	9,8,	761.925,762.239,	nan	nan	8.000	764.482	54.640	183.020	81.750	149.620	1.942	1.682	3.749	
12	2.000	1.000	74.000	544.886	768.244	769.893	771.565	9,	772.037,	nan	nan	9.000	774.582	66.830	183.020	44.670	223.870	0.659	1.672	2.720	
12	2.000	1.000	75.000	544.886	777.319	780.145	781.566	9,	781.612,	nan	nan	9.000	784.578	66.830	149.620	44.670	223.870	1.841	1.421	3.833	
12	2.000	1.000	76.000	544.886	788.426	790.010	791.170	9,	791.382,	nan	nan	9.000	794.188	66.830	122.320	54.640	149.620	0.596	1.161	3.871	
12	2.000	1.000	77.000	544.886	798.072	800.406	801.050	8,	801.565,	nan	nan	8.000	804.067	54.640	122.320	66.830	183.020	1.344	0.645	3.023	
12	2.000	1.000	78.000	544.886	807.101	809.870	810.663	8,	811.141,	nan	nan	8.000	813.676	81.750	122.320	44.670	223.870	1.778	0.794	3.762	
12	2.000	1.000	79.000	544.886	817.449	819.871	820.578	8,	820.640,	nan	nan	8.000	823.590	54.640	183.020	81.750	183.020	1.431	0.707	2.740	
12	2.000	1.000	80.000	544.886	826.344	828.386	830.319	8,	830.414,	nan	nan	8.000	833.332	54.640	223.870	66.830	149.620	1.055	1.932	3.241	
12	2.000	1.000	81.000	544.886	836.585	838.432	839.048	9,	839.542,	8.000	842.065	9.000	842.065	44.670	149.620	81.750	122.320	0.857	0.616	3.138	
12	2.000	1.000	82.000	544.886	845.215	847.969	848.719	9,	848.911,	nan	nan	9.000	851.732	66.830	223.870	81.750	122.320	1.764	0.751	3.691	
12	2.000	1.000	83.000	544.886	855.435	858.295	858.829	8,	859.093,	nan	nan	8.000	861.840	44.670	223.870	81.750	183.020	1.870	0.534	2.489	
12	2.000	1.000	84.000	544.886	864.344	865.831	867.672	9,	867.730,	nan	nan	9.000	870.690	81.750	183.020	66.830	122.320	0.500	1.841	3.775	
12	2.000	1.000	85.000	544.886	874.478	876.879	878.421	8,	878.627,	nan	nan	8.000	881.433	44.670	223.870	66.830	149.620	1.412	1.542	3.447	
12	2.000	1.000	86.000	544.886	884.891	887.077	888.821	9,	888.917,	nan	nan	9.000	891.838	44.670	223.870	54.640	183.020	1.195	1.744	3.003	
12	2.000	1.000	87.000	544.886	894.853	897.723	898.522	8,	898.731,	nan	nan	8.000	901.540	54.640	223.870	81.750	183.020	1.879	0.799	3.087	
12	2.000	1.000	88.000	544.886	904.640	906.597	908.432	8,	908.608,	nan	nan	8.000	911.445	54.640	223.870	81.750	149.620	0.968	1.836	3.788	
12	2.000	1.000	89.000	544.886	915.244	917.246	918.083	9,	919.118,	nan	nan	9.000	921.097	66.830	122.320	54.640	223.870	1.011	0.838	3.627	
12	2.000	1.000	90.000	544.886	924.736	927.118	928.775	9,	928.853,	nan	nan	9.000	931.788	66.830	149.620	81.750	122.320	1.392	1.658	2.849	
12	2.000	1.000	91.000	544.886	934.650	937.075	938.472	8,	939.014,	nan	nan	8.000	941.485	54.640	183.020	66.830	149.620	1.436	1.397	2.669	
12	2.000	1.000	92.000	544.886	944.167	946.404	947.883	8,	948.049,	nan	nan	8.000	950.896	54.640	44.670	81.750	44.670	1.248	1.479	3.228	
12	2.000	1.000	93.000	544.886	954.136	956.688	958.007	9,	958.291,	nan	nan	9.000	961.020	44.670	183.020	54.640	122.320	1.561	1.320	2.032	
12	2.000	1.000	94.000	544.886	963.064	964.665	966.115	9,8,	966.369,967.448,	nan	nan	8.000	969.128	66.830	223.870	81.750	183.020	0.611	1.450	2.733	
12	2.000	1.000	95.000	544.886	971.874	973.932	975.657	8,9,	975.796,976.234,	nan	nan	9.000	978.670	54.640	183.020	81.750	122.320	1.069	1.725	2.836	
12	2.000	1.000	96.000	544.886	981.517	984.054	985.832	9,	985.906,	nan	nan	9.000	988.850	44.670	223.870	81.750	122.320	1.547	1.778	2.103	
12	2.000	1.000	97.000	544.886	991.016	993.680	995.366	9,	995.644,	nan	nan	9.000	998.379	44.670	223.870	54.640	149.620	1.725	1.686	3.254	
12	2.000	1.000	98.000	544.886	1001.650	1004.023	1005.936	8,	1006.103,	nan	nan	8.000	1008.949	81.750	223.870	44.670	149.620	1.387	1.913	3.260	
12	2.000	1.000	99.000	544.886	1012.233	1015.129	1016.131	8,9,	1016.782,1017.509,	nan	nan	9.000	1019.143	66.830	122.320	54.640	183.020	1.918	1.002	2.572	
12	2.000	1.000	100.000	544.886	1021.727	1024.389	1025.415	9,	1025.542,	nan	nan	9.000	1028.427	66.830	223.870	81.750	149.620	1.672	1.026	3.524	
12	2.000	1.000	101.000	544.886	1031.963	1033.984	1035.347	8,	1035.375,	nan	nan	8.000	1038.365	54.640	149.620	66.830	122.320	1.031	1.363	2.322	
12	2.000	1.000	102.000	544.886	1040.698	1043.241	1043.813	9,	1044.060,	nan	nan	9.000	1046.830	44.670	183.020	54.640	149.620	1.551	0.572	3.910	
12	2.000	1.000	103.000	544.886	1050.752	1052.372	1054.126	8,	1054.240,	nan	nan	8.000	1057.144	66.830	122.320	44.670	223.870	0.630	1.754	3.717	
12	2.000	1.000	104.000	544.886	1060.874	1063.714	1065.419	9,	1065.747,	nan	nan	9.000	1068.437	44.670	149.620	54.640	122.320	1.850	1.706	2.695	
12	2.000	1.000	105.000	544.886	1071.145	1073.449	1075.313	8,	1075.439,	nan	nan	8.000	1078.332	149.620	81.750	183.020	81.750	1.315	1.865	3.203	
12	2.000	1.000	106.000	544.886	1081.547	1084.440	1086.266	8,	1086.355,	nan	nan	8.000	1089.284	54.640	223.870	81.750	122.320	1.904	1.826	3.511	
12	2.000	1.000	107.000	544.886	1092.809	1095.368	1097.156	9,	1097.336,	nan	nan	9.000	1100.174	44.670	183.020	66.830	122.320	1.571	1.788	3.768	
12	2.000	1.000	108.000	544.886	1103.980	1106.216	1107.594	9,	1107.835,	nan	nan	9.000	1110.611	44.670	223.870	54.640	122.320	1.272	1.378	3.884	
12	2.000	1.000	109.000	544.886	1114.519	1116.244	1117.182	9,	1117.253,	nan	nan	9.000	1120.195	66.830	183.020	81.750	149.620	0.746	0.939	3.723	
12	2.000	1.000	110.000	544.886	1123.931	1126.858	1128.462	8,	1128.621,	nan	nan	8.000	1131.479	44.670	223.870	66.830	183.020	1.937	1.605	3.235	
12	2.000	1.000	111.000	544.886	1134.729	1137.191	1138.988	9,	1139.136,	nan	nan	9.000	1142.006	81.750	122.320	54.640	149.620	1.474	1.797	3.080	
12	2.000	1.000	112.000	544.886	1145.101	1147.698	1148.960	9,	1149.150,	nan	nan	9.000	1151.978	44.670	183.020	66.830	149.620	1.609	1.262	2.707	
12	2.000	1.000	113.000	544.886	1154.699	1157.345	1158.684	8,	1158.894,	nan	nan	8.000	1161.701	44.670	149.620	66.830	122.320	1.658	1.339	3.666	
12	2.000	1.000	114.000	544.886	1165.385	1166.912	1168.420	8,	1168.611,	nan	nan	8.000	1171.434	54.640	223.870	66.830	183.020	0.543	1.508	2.122	
12	2.000	1.000	115.000	544.886	1173.568	1175.815	1176.493	9,	1176.704,	nan	nan	9.000	1179.505	44.670	183.020	81.750	122.320	1.257	0.678	2.701	
12	2.000	1.000	116.000	544.886	1182.292	1183.800	1185.771	9,	1186.038,	nan	nan	9.000	1188.783	81.750	183.020	54.640	149.620	0.592	1.971	2.759	
12	2.000	1.000	117.000	544.886	1191.554	1194.274	1195.188	9,	1195.501,	nan	nan	9.000	1198.202	81.750	183.020	44.670	149.620	1.730	0.915	3.209	
12	2.000	1.000	118.000	544.886	1201.428	1203.463	1205.462	8,	1205.559,	nan	nan	8.000	1208.481	149.620	223.870	183.020	223.870	1.050	2.000	2.945	
12	2.000	1.000	119.000	544.886	1211.440	1213.667	1215.512	8,	1215.562,	nan	nan	8.000	1218.526	54.640	122.320	81.750	183.020	1.238	1.846	3.839	
12	2.000	1.000	120.000	544.886	1222.377	1225.122	1226.022	8,	1226.218,	nan	nan	8.000	1229.039	66.830	122.320	81.750	183.020	1.754	0.900	2.167	
12	2.000	1.000	121.000	544.886	1231.217	1233.451	1235.026	8,	1235.095,	nan	nan	8.000	1238.039	54.640	223.870	66.830	122.320	1.243	1.576	3.042	
12	2.000	1.000	122.000	544.886	1241.097	1244.044	1245.277	9,	1245.695,	nan	nan	9.000	1248.295	66.830	183.020	81.750	223.870	1.961	1.233	3.891	
12	2.000	1.000	123.000	544.886	1252.202	1253.789	1255.610	8,	1255.706,	nan	nan	8.000	1258.623	54.640	122.320	81.750	223.870	0.601	1.822	3.395	
12	2.000	1.000	124.000	544.886	1262.031	1264.466	1265.192	8,	1265.258,	nan	nan	8.000	1268.205	54.640	183.020	81.750	223.870	1.445	0.727	2.926	
12	2.000	1.000	125.000	544.886	1271.145	1272.710	1273.808	8,	1273.939,	nan	nan	8.000	1276.821	44.670	223.870	66.830	122.320	0.577	1.098	3.196	
12	2.000	1.000	126.000	544.886	1280.029	1281.910	1283.075	8,	1283.108,	nan	nan	8.000	1286.093	54.640	149.620	66.830	183.020	0.891	1.166	3.923	
12	2.000	1.000	127.000	544.886	1290.027	1292.945	1294.414	9,8,9,	1294.856,1295.289,1295.791,	nan	nan	9.000	1297.432	44.670	122.320	54.640	149.620	1.928	1.469	2.225	
12	2.000	1.000	128.000	544.886	1299.670	1301.304	1302.600	9,8,	1302.738,1303.676,	nan	nan	8.000	1305.617	54.640	183.020	66.830	122.320	0.645	1.296	2.174	
12	2.000	1.000	129.000	544.886	1307.802	1310.142	1310.738	8,	1310.956,	nan	nan	8.000	1313.755	54.640	122.320	66.830	149.620	1.349	0.596	3.158	
12	2.000	1.000	130.000	544.886	1316.930	1318.829	1319.763	8,	1319.983,	nan	nan	8.000	1322.780	44.670	149.620	66.830	223.870	0.915	0.934	2.077	
12	2.000	1.000	131.000	544.886	1324.871	1326.963	1327.636	8,	1327.691,	nan	nan	8.000	1330.649	54.640	122.320	66.830	122.320	1.103	0.674	2.180	
12	2.000	1.000	132.000	544.886	1332.841	1335.532	1337.092	9,	1338.529,	nan	nan	9.000	1340.106	44.670	183.020	66.830	223.870	1.701	1.561	2.514	
12	2.000	1.000	133.000	544.886	1342.634	1344.991	1346.421	8,8,	1346.593,1347.047,	nan	nan	8.000	1349.434	44.670	149.620	81.750	223.870	1.368	1.431	2.810	
12	2.000	1.000	134.000	544.886	1352.256	1354.417	1356.383	8,	1356.561,	nan	nan	8.000	1359.396	66.830	122.320	81.750	223.870	1.170	1.966	3.633	
12	2.000	1.000	135.000	544.886	1363.041	1364.826	1366.198	8,	1366.225,	nan	nan	8.000	1369.212	44.670	149.620	66.830	183.020	0.794	1.373	3.614	
12	2.000	1.000	136.000	544.886	1372.845	1374.511	1375.489	9,	1375.714,	nan	nan	9.000	1378.506	44.670	183.020	54.640	223.870	0.683	0.977	2.817	
12	2.000	1.000	137.000	544.886	1381.337	1383.167	1384.936	8,8,	1385.283,1385.649,	nan	nan	8.000	1387.948	44.670	149.620	54.640	183.020	0.842	1.768	3.312	
12	2.000	1.000	138.000	544.886	1391.276	1394.147	1394.811	8,	1394.841,	nan	nan	8.000	1397.824	66.830	149.620	81.750	223.870	1.884	0.664	2.540	
12	2.000	1.000	139.000	544.886	1400.377	1402.503	1404.025	8,	1404.181,	nan	nan	8.000	1407.039	44.670	122.320	81.750	223.870	1.137	1.523	3.678	
12	2.000	1.000	140.000	544.886	1410.729	1412.388	1414.002	8,	1414.275,	nan	nan	8.000	1417.020	54.640	149.620	81.750	223.870	0.669	1.614	3.357	
12	2.000	1.000	141.000	544.886	1420.393	1422.872	1424.298	8,	1424.338,	nan	nan	8.000	1427.315	44.670	122.320	66.830	183.020	1.494	1.426	2.469	
12	2.000	1.000	142.000	544.886	1429.798	1431.711	1432.404	9,9,8,	1432.923,1433.281,1434.177,	9.000	1435.421	8.000	1435.421	44.670	122.320	54.640	223.870	0.924	0.693	3.325	
12	2.000	1.000	143.000	544.886	1438.759	1440.634	1441.688	8,8,	1441.722,1442.006,	nan	nan	8.000	1444.702	54.640	149.620	81.750	183.020	0.886	1.055	3.453	
12	2.000	1.000	144.000	544.886	1448.169	1450.564	1452.096	9,8,8,	1452.337,1452.793,1453.117,	nan	nan	8.000	1455.113	54.640	81.750	66.830	81.750	1.407	1.532	3.119	
12	2.000	1.000	145.000	544.886	1458.246	1460.188	1461.020	8,9,	1461.318,1462.404,	nan	nan	9.000	1464.039	44.670	183.020	81.750	223.870	0.953	0.833	3.299	
12	2.000	1.000	146.000	544.886	1467.350	1469.452	1471.254	8,	1471.515,	nan	nan	8.000	1474.267	44.670	122.320	81.750	149.620	1.113	1.802	3.132	
12	2.000	1.000	147.000	544.886	1477.411	1479.929	1481.002	8,8,	1481.160,1481.412,	nan	nan	8.000	1484.016	54.640	183.020	66.830	223.870	1.527	1.074	2.141	
12	2.000	1.000	148.000	544.886	1486.170	1487.973	1488.661	9,	1488.794,	nan	nan	9.000	1491.674	66.830	122.320	81.750	149.620	0.814	0.688	3.100	
12	2.000	1.000	149.000	544.886	1494.787	1496.575	1497.716	8,	1497.921,	nan	nan	8.000	1500.734	54.640	149.620	81.750	122.320	0.799	1.141	2.797	
12	2.000	1.000	150.000	544.886	1503.545	1505.246	1507.236	9,	1507.726,	nan	nan	9.000	1510.249	44.670	149.620	54.640	223.870	0.712	1.990	2.302	
12	2.000	1.000	151.000	544.886	1512.563	1514.926	1515.990	8,	1516.047,	nan	nan	8.000	1519.008	44.670	122.320	66.830	149.620	1.373	1.064	2.932	
12	2.000	1.000	152.000	544.886	1521.952	1524.586	1526.088	8,	1526.297,	nan	nan	8.000	1529.101	44.670	122.320	81.750	183.020	1.643	1.503	3.286	
12	2.000	1.000	153.000	544.886	1532.400	1534.063	1535.156	9,8,	1535.276,1535.326,	nan	nan	8.000	1538.174	54.640	149.620	66.830	223.870	0.674	1.093	3.068	
12	2.000	1.000	154.000	544.886	1541.254	1543.327	1544.111	8,8,	1544.140,1544.427,	nan	nan	8.000	1547.124	44.670	149.620	81.750	183.020	1.084	0.785	2.386	
12	2.000	1.000	155.000	544.886	1549.522	1552.016	1553.610	8,	1553.681,	nan	nan	8.000	1556.623	44.670	122.320	54.640	183.020	1.503	1.595	2.958	
12	2.000	1.000	156.000	544.886	1559.594	1562.318	1562.972	8,8,	1563.123,1563.415,	nan	nan	8.000	1565.989	66.830	149.620	81.750	183.020	1.735	0.654	3.736	
12	2.000	2.000	157.000	544.886	39.238	41.890	43.374	9,9,	43.451,43.729,	nan	nan	9.000	46.390	183.020	54.640	223.870	54.640	1.653	1.484	3.402	
12	2.000	2.000	158.000	544.886	49.805	52.515	53.554	9,9,	53.582,53.852,	nan	nan	9.000	56.572	66.830	223.870	54.640	122.320	1.720	1.040	2.746	
12	2.000	2.000	159.000	544.886	59.331	61.148	62.593	9,	62.688,	nan	nan	9.000	65.611	66.830	183.020	54.640	149.620	0.828	1.445	2.971	
12	2.000	2.000	160.000	544.886	68.594	71.536	73.367	9,	73.568,	nan	nan	9.000	76.385	66.830	223.870	44.670	149.620	1.952	1.831	2.823	
12	2.000	2.000	161.000	544.886	79.220	81.159	82.281	9,	82.407,	nan	nan	9.000	85.298	81.750	183.020	66.830	149.620	0.949	1.122	3.518	
12	2.000	2.000	162.000	544.886	88.828	90.371	91.217	9,8,	91.667,92.311,	nan	nan	8.000	94.229	54.640	223.870	44.670	149.620	0.553	0.847	2.682	
12	2.000	2.000	163.000	544.886	96.923	99.175	99.718	9,	99.832,	nan	nan	9.000	102.730	81.750	223.870	54.640	183.020	1.262	0.543	2.617	
12	2.000	2.000	164.000	544.886	105.364	107.216	108.531	9,	108.691,	nan	nan	9.000	111.544	66.830	183.020	54.640	122.320	0.867	1.315	3.608	
12	2.000	2.000	165.000	544.886	115.165	117.301	119.112	9,	119.272,	nan	nan	9.000	122.131	66.830	183.020	44.670	122.320	1.146	1.812	2.045	
12	2.000	2.000	166.000	544.886	124.188	126.310	127.084	8,8,	127.115,127.394,	nan	nan	8.000	130.102	54.640	223.870	44.670	183.020	1.132	0.775	3.672	
12	2.000	2.000	167.000	544.886	133.787	136.284	137.242	8,	137.619,	nan	nan	8.000	140.258	54.640	183.020	44.670	149.620	1.508	0.958	2.283	
12	2.000	2.000	168.000	544.886	142.554	144.318	145.488	9,	145.654,	nan	nan	9.000	148.502	81.750	223.870	44.670	122.320	0.775	1.170	3.106	
12	2.000	2.000	169.000	544.886	151.623	153.973	154.984	8,	155.283,	nan	nan	8.000	157.996	81.750	223.870	44.670	183.020	1.363	1.011	3.441	
12	2.000	2.000	170.000	544.886	161.450	163.778	164.770	9,	164.808,	nan	nan	9.000	167.782	183.020	122.320	223.870	122.320	1.339	0.992	2.457	
12	2.000	2.000	171.000	544.886	170.251	171.755	172.414	9,	172.586,	nan	nan	9.000	175.427	81.750	183.020	54.640	122.320	0.514	0.659	2.135	
12	2.000	2.000	172.000	544.886	177.574	180.333	181.643	9,8,9,	181.955,182.161,182.898,	nan	nan	9.000	184.656	81.750	149.620	44.670	122.320	1.768	1.310	4.000	
12	2.000	2.000	173.000	544.886	188.669	191.571	193.170	9,8,	193.217,193.334,	nan	nan	8.000	196.188	81.750	149.620	44.670	223.870	1.913	1.600	3.814	
12	2.000	2.000	174.000	544.886	200.015	202.526	203.354	9,	203.714,	nan	nan	9.000	206.371	66.830	149.620	44.670	122.320	1.523	0.828	3.820	
12	2.000	2.000	175.000	544.886	210.203	212.402	213.688	9,	213.724,	nan	nan	9.000	216.705	81.750	183.020	44.670	122.320	1.209	1.286	3.685	
12	2.000	2.000	176.000	544.886	220.409	222.673	224.649	9,	224.803,	nan	nan	9.000	227.663	81.750	223.870	54.640	149.620	1.281	1.976	2.887	
12	2.000	2.000	177.000	544.886	230.563	232.289	233.560	8,	233.723,	nan	nan	8.000	236.573	81.750	149.620	44.670	183.020	0.736	1.272	3.807	
12	2.000	2.000	178.000	544.886	240.392	243.189	245.078	9,	245.098,	nan	nan	9.000	248.095	66.830	149.620	54.640	122.320	1.807	1.889	3.492	
12	2.000	2.000	179.000	544.886	251.601	254.059	254.587	9,	255.235,	nan	nan	9.000	257.603	54.640	183.020	44.670	122.320	1.469	0.529	2.051	
12	2.000	2.000	180.000	544.886	259.670	261.697	262.645	8,9,	263.380,263.750,	nan	nan	9.000	265.657	66.830	223.870	54.640	183.020	1.040	0.949	3.183	
12	2.000	2.000	181.000	544.886	268.855	271.129	272.266	9,	272.586,	nan	nan	9.000	275.283	81.750	149.620	54.640	183.020	1.286	1.137	3.563	
12	2.000	2.000	182.000	544.886	278.859	280.420	282.357	9,	282.864,	nan	nan	9.000	285.374	81.750	223.870	54.640	122.320	0.572	1.937	3.942	
12	2.000	2.000	183.000	544.886	289.339	291.494	292.934	9,	293.230,	nan	nan	9.000	295.947	66.830	149.620	81.750	149.620	1.175	1.441	2.315	
12	2.000	2.000	184.000	544.886	298.274	300.425	301.885	9,	302.446,	nan	nan	9.000	304.898	66.830	223.870	44.670	122.320	1.161	1.460	3.846	
12	2.000	2.000	185.000	544.886	308.757	310.550	312.197	9,	312.347,	nan	nan	9.000	315.215	66.830	223.870	54.640	149.620	0.804	1.648	3.479	
12	2.000	2.000	186.000	544.886	318.708	320.259	321.463	8,	321.807,	nan	nan	8.000	324.480	54.640	223.870	44.670	122.320	0.563	1.204	2.186	
12	2.000	2.000	187.000	544.886	326.680	328.936	330.810	8,	331.528,	nan	nan	8.000	333.828	81.750	122.320	66.830	183.020	1.267	1.875	3.074	
12	2.000	2.000	188.000	544.886	336.915	338.525	339.131	9,	339.316,	nan	nan	9.000	342.148	81.750	223.870	66.830	122.320	0.621	0.606	2.199	
12	2.000	2.000	189.000	544.886	344.359	347.108	348.601	9,	348.758,	nan	nan	9.000	351.614	81.750	149.620	54.640	122.320	1.759	1.494	3.621	
12	2.000	2.000	190.000	544.886	355.248	357.822	358.766	8,8,	358.798,359.059,	nan	nan	8.000	361.783	81.750	149.620	66.830	122.320	1.585	0.944	2.244	
12	2.000	2.000	191.000	544.886	364.039	367.024	368.744	8,8,	369.137,369.517,	nan	nan	8.000	371.762	66.830	223.870	44.670	183.020	1.995	1.720	2.920	
12	2.000	2.000	192.000	544.886	374.694	376.507	377.701	8,	377.897,	nan	nan	8.000	380.718	81.750	223.870	66.830	183.020	0.823	1.195	2.842	
12	2.000	2.000	193.000	544.886	383.575	385.893	387.444	9,	387.915,	nan	nan	9.000	390.457	66.830	183.020	44.670	149.620	1.330	1.551	3.350	
12	2.000	2.000	194.000	544.886	393.820	395.855	397.063	8,	398.795,	8.000	400.081	8.000	400.081	81.750	223.870	66.830	149.620	1.045	1.209	3.968	
12	2.000	2.000	195.000	544.886	404.061	407.051	407.927	9,8,	408.077,408.526,	nan	nan	8.000	410.942	54.640	149.620	44.670	122.320	2.000	0.876	3.576	
12	2.000	2.000	196.000	544.886	414.532	416.126	416.703	9,	417.311,	nan	nan	9.000	419.719	66.830	54.640	81.750	54.640	0.606	0.577	2.630	
12	2.000	2.000	197.000	544.886	422.363	424.136	424.718	8,	425.233,	nan	nan	8.000	427.730	54.640	183.020	44.670	223.870	0.785	0.582	3.029	
12	2.000	2.000	198.000	544.886	430.772	432.854	434.053	8,	434.206,	nan	nan	8.000	437.071	81.750	122.320	66.830	223.870	1.093	1.199	3.273	
12	2.000	2.000	199.000	544.886	440.357	442.812	443.528	8,8,	443.679,443.952,	nan	nan	8.000	446.545	54.640	122.320	44.670	149.620	1.465	0.717	2.071	
12	2.000	2.000	200.000	544.886	448.628	450.639	451.163	8,8,	451.225,451.497,	nan	nan	8.000	454.175	81.750	122.320	44.670	183.020	1.021	0.524	3.383	
12	2.000	2.000	201.000	544.886	457.571	460.092	461.142	9,	461.361,	nan	nan	9.000	464.158	66.830	149.620	54.640	183.020	1.532	1.050	3.994	
12	2.000	2.000	202.000	544.886	468.166	471.063	471.866	9,	472.085,	nan	nan	9.000	474.878	66.830	183.020	54.640	223.870	1.908	0.804	3.531	
12	2.000	2.000	203.000	544.886	478.421	480.398	481.206	9,	481.418,	nan	nan	9.000	484.224	81.750	183.020	44.670	223.870	0.987	0.809	2.990	
12	2.000	2.000	204.000	544.886	487.227	489.093	490.789	8,	490.867,	nan	nan	8.000	493.807	54.640	122.320	81.750	149.620	0.876	1.696	3.222	
12	2.000	2.000	205.000	544.886	497.042	499.245	501.061	8,8,	501.964,502.251,	9.000	504.079	8.000	504.079	66.830	122.320	44.670	149.620	1.214	1.817	2.058	
12	2.000	2.000	206.000	544.886	506.151	508.619	509.625	8,	509.682,	nan	nan	8.000	512.642	54.640	122.320	44.670	223.870	1.479	1.006	3.421	
12	2.000	2.000	207.000	544.886	516.075	517.782	519.034	9,	519.155,	nan	nan	9.000	522.047	66.830	183.020	44.670	223.870	0.717	1.252	3.093	
12	2.000	2.000	208.000	544.886	525.154	526.831	527.649	9,8,	527.681,529.645,	nan	nan	8.000	530.667	44.670	183.020	81.750	149.620	0.688	0.818	3.505	
12	2.000	2.000	209.000	544.886	534.184	535.929	537.857	8,	537.937,	nan	nan	8.000	540.869	149.620	44.670	223.870	44.670	0.756	1.928	2.534	
12	2.000	2.000	210.000	544.886	543.415	545.995	546.751	9,	546.945,	nan	nan	9.000	549.762	81.750	122.320	54.640	183.020	1.590	0.756	2.727	
12	2.000	2.000	211.000	544.886	552.502	554.107	555.190	9,	555.411,	nan	nan	9.000	558.207	66.830	122.320	54.640	149.620	0.616	1.084	3.376	
12	2.000	2.000	212.000	544.886	561.597	563.288	564.569	9,	564.868,	nan	nan	9.000	567.586	66.830	149.620	44.670	223.870	0.703	1.281	2.379	
12	2.000	2.000	213.000	544.886	569.980	572.596	574.085	8,	574.271,	nan	nan	8.000	577.102	66.830	122.320	44.670	183.020	1.629	1.489	2.952	
12	2.000	2.000	214.000	544.886	580.067	582.955	584.747	8,	584.943,	nan	nan	8.000	587.760	54.640	122.320	66.830	223.870	1.899	1.793	2.354	
12	2.000	2.000	215.000	544.886	590.128	592.557	593.963	8,	594.212,	nan	nan	8.000	596.976	81.750	149.620	66.830	183.020	1.441	1.407	3.582	
12	2.000	2.000	216.000	544.886	600.571	602.639	603.501	8,8,	603.531,603.732,	nan	nan	8.000	606.518	54.640	122.320	44.670	183.020	1.079	0.862	2.399	
12	2.000	2.000	217.000	544.886	608.929	611.794	613.446	9,	613.485,	nan	nan	9.000	616.459	81.750	149.620	54.640	223.870	1.875	1.653	3.987	
12	2.000	2.000	218.000	544.886	620.459	623.236	624.821	8,	625.115,	nan	nan	8.000	627.833	54.640	149.620	44.670	183.020	1.788	1.585	3.794	
12	2.000	2.000	219.000	544.886	631.640	633.356	634.464	9,	634.708,	nan	nan	9.000	637.482	66.830	183.020	81.750	122.320	0.727	1.108	2.334	
12	2.000	2.000	220.000	544.886	639.829	642.514	644.365	8,	644.381,	nan	nan	8.000	647.378	44.670	223.870	81.750	149.620	1.696	1.850	2.360	
12	2.000	2.000	221.000	544.886	649.751	652.282	653.192	8,	653.425,	nan	nan	8.000	656.208	81.750	122.320	66.830	149.620	1.542	0.910	3.698	
12	2.000	2.000	222.000	544.886	659.925	662.532	663.452	8,9,	663.696,664.696,	nan	nan	9.000	666.468	149.620	122.320	223.870	122.320	1.624	0.920	3.569	
12	2.000	2.000	223.000	544.886	670.051	671.747	673.554	9,	673.587,	nan	nan	9.000	676.571	66.830	149.620	44.670	183.020	0.707	1.807	3.904	
12	2.000	2.000	224.000	544.886	680.489	682.228	683.441	9,	683.968,	nan	nan	9.000	686.459	66.830	149.620	54.640	223.870	0.751	1.214	2.977	
12	2.000	2.000	225.000	544.886	689.450	691.397	692.697	9,8,	692.724,693.145,	nan	nan	8.000	695.710	54.640	149.620	44.670	223.870	0.958	1.301	3.936	
12	2.000	2.000	226.000	544.886	699.658	701.302	702.482	8,	702.514,	nan	nan	8.000	705.500	54.640	122.320	66.830	183.020	0.654	1.180	2.013	
12	2.000	2.000	227.000	544.886	707.525	709.589	710.127	8,9,	710.430,711.995,	nan	nan	9.000	713.140	81.750	149.620	66.830	223.870	1.074	0.539	3.949	
12	2.000	2.000	228.000	544.886	717.103	719.710	720.696	9,	720.714,	nan	nan	9.000	723.713	81.750	183.020	66.830	223.870	1.619	0.987	2.405	
12	2.000	2.000	229.000	544.886	726.131	728.788	729.307	8,	729.799,	nan	nan	8.000	732.320	54.640	183.020	81.750	149.620	1.667	0.519	3.595	
12	2.000	2.000	230.000	544.886	735.927	738.140	739.759	9,	740.072,	nan	nan	9.000	742.776	81.750	122.320	44.670	223.870	1.223	1.619	3.704	
12	2.000	2.000	231.000	544.886	746.493	748.030	749.273	8,	749.408,	nan	nan	8.000	752.291	44.670	122.320	66.830	223.870	0.548	1.243	3.640	
12	2.000	2.000	232.000	544.886	755.944	758.899	759.659	9,9,	760.109,760.351,	nan	nan	9.000	762.672	81.750	122.320	54.640	223.870	1.966	0.760	3.318	
12	2.000	2.000	233.000	544.886	766.004	768.925	770.780	9,9,8,	771.036,771.269,772.026,	nan	nan	8.000	773.798	81.750	122.320	44.670	149.620	1.932	1.855	3.389	
12	2.000	2.000	234.000	544.886	777.201	780.136	781.601	9,	781.779,	nan	nan	9.000	784.618	81.750	183.020	54.640	223.870	1.947	1.465	3.743	
12	2.000	2.000	235.000	544.886	788.374	791.050	792.943	8,	793.406,	nan	nan	8.000	795.957	54.640	149.620	81.750	149.620	1.686	1.894	2.206	
12	2.000	2.000	236.000	544.886	798.176	800.027	800.796	9,9,	800.978,801.224,	nan	nan	9.000	803.810	44.670	183.020	54.640	122.320	0.862	0.770	3.164	
12	2.000	2.000	237.000	544.886	806.987	808.915	810.413	9,	810.693,	nan	nan	9.000	813.425	81.750	223.870	44.670	149.620	0.939	1.498	2.662	
12	2.000	2.000	238.000	544.886	816.101	818.342	819.493	9,8,	819.670,821.232,	nan	nan	8.000	822.505	66.830	122.320	44.670	223.870	1.252	1.151	3.016	
12	2.000	2.000	239.000	544.886	825.534	827.047	827.976	8,	828.491,	nan	nan	8.000	830.993	54.640	223.870	81.750	183.020	0.524	0.929	3.826	
12	2.000	2.000	240.000	544.886	834.833	837.200	838.756	9,	839.199,	nan	nan	9.000	841.773	66.830	122.320	54.640	223.870	1.378	1.556	2.444	
12	2.000	2.000	241.000	544.886	844.230	846.163	846.677	8,8,	846.883,847.110,	nan	nan	8.000	849.689	54.640	223.870	81.750	149.620	0.944	0.514	2.997	
12	2.000	2.000	242.000	544.886	852.700	855.148	855.845	9,	855.986,	nan	nan	9.000	858.863	44.670	149.620	81.750	122.320	1.460	0.698	2.129	
12	2.000	2.000	243.000	544.886	861.006	863.112	864.446	9,	865.315,	nan	nan	9.000	867.459	44.670	183.020	81.750	122.320	1.117	1.334	3.151	
12	2.000	2.000	244.000	544.886	870.624	872.247	873.774	8,	874.038,	nan	nan	8.000	876.791	54.640	223.870	66.830	183.020	0.635	1.527	2.148	
12	2.000	2.000	245.000	544.886	878.952	881.830	883.613	8,	883.784,	nan	nan	8.000	886.626	54.640	223.870	81.750	122.320	1.889	1.783	3.248	
12	2.000	2.000	246.000	544.886	889.889	892.625	893.621	9,	893.734,	nan	nan	9.000	896.638	44.670	223.870	81.750	122.320	1.749	0.997	3.537	
12	2.000	2.000	247.000	544.886	900.188	901.716	902.418	9,9,	902.447,902.755,	nan	nan	9.000	905.435	44.670	183.020	54.640	149.620	0.539	0.703	3.781	
12	2.000	2.000	248.000	544.886	909.230	910.989	912.294	8,	912.314,	nan	nan	8.000	915.310	54.640	66.830	81.750	66.830	0.770	1.305	3.370	
12	2.000	2.000	249.000	544.886	918.695	921.017	922.563	9,	922.717,	nan	nan	9.000	925.576	66.830	122.320	54.640	183.020	1.334	1.547	3.543	
12	2.000	2.000	250.000	544.886	929.132	930.954	931.555	9,	931.593,	nan	nan	9.000	934.572	81.750	183.020	66.830	122.320	0.833	0.601	2.881	
12	2.000	2.000	251.000	544.886	937.466	939.597	940.145	8,8,	940.579,940.925,	nan	nan	8.000	943.157	54.640	183.020	66.830	149.620	1.141	0.548	3.035	
12	2.000	2.000	252.000	544.886	946.207	948.191	949.366	8,	949.829,	nan	nan	8.000	952.379	54.640	223.870	66.830	149.620	0.997	1.175	2.579	
12	2.000	2.000	253.000	544.886	954.973	957.145	959.092	9,	959.543,	nan	nan	9.000	962.105	66.830	223.870	81.750	122.320	1.185	1.947	3.061	
12	2.000	2.000	254.000	544.886	965.179	967.102	968.557	9,	969.012,	nan	nan	9.000	971.574	81.750	183.020	44.670	149.620	0.934	1.455	2.791	
12	2.000	2.000	255.000	544.886	974.379	977.150	979.130	9,	979.242,	nan	nan	9.000	982.143	44.670	149.620	66.830	122.320	1.783	1.981	2.161	
12	2.000	2.000	256.000	544.886	984.317	986.872	987.512	8,	987.685,	nan	nan	8.000	990.525	44.670	223.870	81.750	183.020	1.566	0.640	2.418	
12	2.000	2.000	257.000	544.886	992.959	994.734	995.620	9,	995.740,	nan	nan	9.000	998.632	66.830	183.020	81.750	149.620	0.789	0.886	3.730	
12	2.000	2.000	258.000	544.886	1002.376	1004.564	1006.558	9,	1006.717,	nan	nan	9.000	1009.576	81.750	122.320	54.640	149.620	1.199	1.995	2.277	
12	2.000	2.000	259.000	544.886	1011.867	1013.785	1015.461	9,	1015.519,	nan	nan	9.000	1018.475	44.670	223.870	54.640	149.620	0.929	1.677	3.711	
12	2.000	2.000	260.000	544.886	1022.199	1023.721	1025.663	9,	1026.196,	nan	nan	9.000	1028.676	66.830	223.870	81.750	149.620	0.534	1.942	3.460	
12	2.000	2.000	261.000	544.886	1032.150	1033.956	1034.991	8,	1035.313,	nan	nan	8.000	1038.008	149.620	81.750	183.020	81.750	0.818	1.035	2.900	
12	2.000	2.000	262.000	544.886	1040.922	1043.424	1044.189	9,	1044.330,	nan	nan	9.000	1047.201	44.670	183.020	66.830	149.620	1.513	0.765	2.019	
12	2.000	2.000	263.000	544.886	1049.235	1051.962	1053.697	8,	1053.828,	nan	nan	8.000	1056.710	54.640	183.020	81.750	122.320	1.740	1.735	2.785	
12	2.000	2.000	264.000	544.886	1059.508	1061.952	1063.822	8,	1063.847,	nan	nan	8.000	1066.835	66.830	223.870	81.750	183.020	1.455	1.870	3.415	
12	2.000	2.000	265.000	544.886	1070.264	1072.529	1074.157	8,	1074.456,	nan	nan	8.000	1077.171	44.670	223.870	66.830	183.020	1.277	1.629	2.064	
12	2.000	2.000	266.000	544.886	1079.249	1081.736	1082.578	9,	1082.611,	nan	nan	9.000	1085.591	44.670	149.620	54.640	122.320	1.498	0.842	3.859	
12	2.000	2.000	267.000	544.886	1089.462	1092.249	1093.516	9,9,	1093.547,1093.811,	nan	nan	9.000	1096.533	44.670	223.870	54.640	122.320	1.797	1.267	3.338	
12	2.000	2.000	268.000	544.886	1099.884	1102.193	1103.320	9,	1103.538,	nan	nan	9.000	1106.333	66.830	149.620	81.750	122.320	1.320	1.127	2.637	
12	2.000	2.000	269.000	544.886	1108.982	1111.957	1112.881	9,	1113.219,	nan	nan	9.000	1115.894	44.670	223.870	54.640	183.020	1.986	0.924	2.605	
12	2.000	2.000	270.000	544.886	1118.515	1120.536	1122.454	8,	1122.676,	nan	nan	8.000	1125.466	44.670	223.870	66.830	149.620	1.035	1.918	2.965	
12	2.000	2.000	271.000	544.886	1128.444	1130.213	1131.875	8,	1131.903,	nan	nan	8.000	1134.888	54.640	149.620	66.830	122.320	0.780	1.662	2.502	
12	2.000	2.000	272.000	544.886	1137.403	1139.032	1139.536	9,9,	1139.649,1139.879,	nan	nan	9.000	1142.554	81.750	183.020	54.640	149.620	0.640	0.505	3.646	
12	2.000	2.000	273.000	544.886	1146.213	1148.691	1149.200	9,	1149.358,	nan	nan	9.000	1152.212	44.670	183.020	66.830	122.320	1.489	0.510	2.296	
12	2.000	2.000	274.000	544.886	1154.526	1156.912	1157.479	8,	1157.514,	nan	nan	8.000	1160.491	149.620	223.870	183.020	223.870	1.402	0.568	2.495	
12	2.000	2.000	275.000	544.886	1162.999	1164.836	1166.744	8,9,	1166.857,1167.284,	nan	nan	9.000	1169.761	66.830	149.620	81.750	223.870	0.847	1.908	2.559	
12	2.000	2.000	276.000	544.886	1172.336	1174.720	1176.362	8,	1176.465,	nan	nan	8.000	1179.376	44.670	149.620	66.830	183.020	1.397	1.643	2.566	
12	2.000	2.000	277.000	544.886	1181.957	1183.796	1184.884	8,	1185.074,	nan	nan	8.000	1187.896	66.830	149.620	81.750	183.020	0.852	1.088	3.929	
12	2.000	2.000	278.000	544.886	1191.838	1193.520	1194.811	9,8,	1195.011,1195.397,	nan	nan	8.000	1197.824	44.670	183.020	66.830	223.870	0.693	1.291	3.434	
12	2.000	2.000	279.000	544.886	1201.271	1203.001	1203.636	9,8,9,	1203.848,1204.836,1205.443,	nan	nan	9.000	1206.653	44.670	122.320	54.640	223.870	0.741	0.635	3.550	
12	2.000	2.000	280.000	544.886	1210.218	1211.715	1212.460	9,	1212.769,	nan	nan	9.000	1215.478	44.670	223.870	66.830	122.320	0.510	0.746	2.392	
12	2.000	2.000	281.000	544.886	1217.884	1220.101	1221.256	9,	1221.317,	nan	nan	9.000	1224.270	44.670	183.020	54.640	223.870	1.228	1.156	2.412	
12	2.000	2.000	282.000	544.886	1226.726	1228.579	1229.947	8,8,	1230.220,1230.555,	nan	nan	8.000	1232.959	44.670	122.320	81.750	223.870	0.895	1.368	3.363	
12	2.000	2.000	283.000	544.886	1236.336	1238.707	1239.588	8,	1239.639,	nan	nan	8.000	1242.605	44.670	149.620	81.750	183.020	1.383	0.881	2.424	
12	2.000	2.000	284.000	544.886	1245.043	1246.710	1247.692	8,	1247.874,	nan	nan	8.000	1250.705	54.640	149.620	66.830	223.870	0.678	0.982	2.039	
12	2.000	2.000	285.000	544.886	1252.756	1254.477	1256.380	8,	1256.413,	nan	nan	8.000	1259.399	44.670	183.020	81.750	223.870	0.732	1.904	3.756	
12	2.000	2.000	286.000	544.886	1263.170	1264.821	1265.784	8,	1265.921,	nan	nan	8.000	1268.796	54.640	149.620	81.750	122.320	0.664	0.963	2.006	
12	2.000	2.000	287.000	544.886	1270.819	1273.380	1274.854	8,	1274.923,	nan	nan	8.000	1277.871	54.640	149.620	66.830	149.620	1.576	1.474	2.830	
12	2.000	2.000	288.000	544.886	1280.716	1282.584	1283.841	8,	1283.903,	nan	nan	8.000	1286.854	66.830	122.320	81.750	149.620	0.881	1.257	3.280	
12	2.000	2.000	289.000	544.886	1290.148	1292.244	1293.573	8,	1293.760,	nan	nan	8.000	1296.590	54.640	149.620	66.830	183.020	1.108	1.330	3.170	
12	2.000	2.000	290.000	544.886	1299.776	1301.330	1303.031	8,	1303.240,	nan	nan	8.000	1306.043	54.640	149.620	81.750	223.870	0.568	1.701	3.145	
12	2.000	2.000	291.000	544.886	1309.202	1311.727	1312.917	8,	1312.977,	nan	nan	8.000	1315.929	54.640	183.020	66.830	223.870	1.537	1.190	2.714	
12	2.000	2.000	292.000	544.886	1318.657	1320.546	1322.116	8,	1322.225,	nan	nan	8.000	1325.129	44.670	122.320	54.640	183.020	0.900	1.571	3.961	
12	2.000	2.000	293.000	544.886	1329.115	1330.930	1332.442	8,	1332.576,	nan	nan	8.000	1335.456	44.670	149.620	66.830	223.870	0.838	1.513	2.463	
12	2.000	2.000	294.000	544.886	1337.935	1339.440	1340.832	8,	1340.895,	nan	nan	8.000	1343.846	44.670	122.320	81.750	183.020	0.519	1.392	2.116	
12	2.000	2.000	295.000	544.886	1345.975	1348.322	1349.680	8,	1349.723,	nan	nan	8.000	1352.693	54.640	149.620	81.750	183.020	1.359	1.359	2.656	
12	2.000	2.000	296.000	544.886	1355.363	1358.028	1359.107	8,	1359.224,	nan	nan	8.000	1362.119	66.830	122.320	81.750	223.870	1.677	1.079	2.347	
12	2.000	2.000	297.000	544.886	1364.487	1366.624	1368.576	8,	1369.016,	nan	nan	8.000	1371.589	54.640	122.320	81.750	183.020	1.156	1.952	2.026	
12	2.000	2.000	298.000	544.886	1373.630	1376.472	1377.058	8,8,	1377.387,1377.693,	nan	nan	8.000	1380.076	54.640	122.320	81.750	223.870	1.855	0.587	3.267	
12	2.000	2.000	299.000	544.886	1383.358	1386.090	1386.879	9,9,8,	1386.967,1387.410,1387.863,	nan	nan	8.000	1389.896	44.670	122.320	54.640	149.620	1.744	0.789	2.328	
12	2.000	2.000	300.000	544.886	1392.239	1394.551	1395.938	8,	1396.051,	nan	nan	8.000	1398.950	54.640	81.750	66.830	81.750	1.325	1.387	2.855	
12	2.000	2.000	301.000	544.886	1401.819	1403.973	1405.322	8,	1405.774,	nan	nan	8.000	1408.340	44.670	122.320	66.830	183.020	1.166	1.349	3.852	
12	2.000	2.000	302.000	544.886	1412.205	1415.011	1415.877	8,	1416.144,	nan	nan	8.000	1418.890	44.670	122.320	81.750	149.620	1.817	0.867	3.125	
12	2.000	2.000	303.000	544.886	1422.029	1424.077	1424.808	8,	1425.029,	nan	nan	8.000	1427.826	44.670	122.320	66.830	149.620	1.059	0.732	3.305	
12	2.000	2.000	304.000	544.886	1431.148	1433.782	1435.198	8,	1435.286,	nan	nan	8.000	1438.211	54.640	223.870	66.830	122.320	1.648	1.416	3.801	
12	2.000	2.000	305.000	544.886	1442.027	1444.994	1446.618	8,	1446.815,	nan	nan	8.000	1449.636	54.640	183.020	66.830	122.320	1.981	1.624	3.981	
12	2.000	2.000	306.000	544.886	1453.632	1455.206	1455.763	8,8,	1455.972,1456.202,	nan	nan	8.000	1458.781	54.640	183.020	81.750	223.870	0.587	0.558	2.875	
12	2.000	2.000	307.000	544.886	1461.670	1464.469	1466.368	8,	1466.595,	nan	nan	8.000	1469.381	66.830	122.320	81.750	183.020	1.812	1.899	3.293	
12	2.000	2.000	308.000	544.886	1472.693	1475.536	1477.521	8,	1477.760,	nan	nan	8.000	1480.540	54.640	122.320	66.830	149.620	1.860	1.986	3.055	
12	2.000	2.000	309.000	544.886	1483.608	1485.559	1486.532	9,	1486.837,	nan	nan	9.000	1489.544	44.670	149.620	54.640	183.020	0.963	0.973	2.289	
12	2.000	2.000	310.000	544.886	1491.849	1494.672	1495.413	9,	1495.747,	nan	nan	9.000	1498.425	66.830	183.020	81.750	223.870	1.836	0.741	2.752	
12	2.000	2.000	311.000	544.886	1501.191	1502.761	1503.386	8,9,9,	1503.469,1503.757,1504.016,	nan	nan	9.000	1506.399	44.670	149.620	54.640	223.870	0.582	0.625	3.653	
12	2.000	2.000	312.000	544.886	1510.072	1511.612	1512.715	8,	1513.376,	nan	nan	8.000	1515.728	44.670	149.620	81.750	223.870	0.558	1.103	3.215	
