subjID	session	Block	trialCount	earnings	Gam1Onset	Gam2Onset	FBOnset	KPs	RT	KPlate	RTlate	KP_Final	SLOnset	Gam1_1	Gam1_2	Gam2_1	Gam2_2	jit1	jit2	jit3	
13	2.000	1.000	1.000	1492.055	81.401	83.250	83.933	8,	84.572,	nan	nan	8.000	86.956	183.020	44.670	223.870	44.670	0.862	0.683	3.646	
13	2.000	1.000	2.000	1492.055	90.613	93.402	94.181	9,	94.569,	nan	nan	9.000	97.199	66.830	223.870	44.670	122.320	1.797	0.780	3.222	
13	2.000	1.000	3.000	1492.055	100.431	102.381	102.987	9,	104.200,	nan	nan	9.000	106.004	81.750	122.320	66.830	183.020	0.958	0.606	2.032	
13	2.000	1.000	4.000	1492.055	108.047	110.701	111.365	9,	111.629,	nan	nan	9.000	114.382	66.830	223.870	54.640	149.620	1.662	0.664	2.116	
13	2.000	1.000	5.000	1492.055	116.508	118.975	119.609	nan	nan	9.000	122.638	nan	nan	66.830	183.020	54.640	122.320	1.474	0.635	2.913	
13	2.000	1.000	6.000	1492.055	125.562	128.231	129.058	9,9,	129.342,129.566,	nan	nan	9.000	132.071	81.750	223.870	66.830	183.020	1.677	0.828	2.180	
13	2.000	1.000	7.000	1492.055	134.261	136.293	138.056	9,9,	138.173,138.392,	nan	nan	9.000	141.076	81.750	183.020	54.640	122.320	1.040	1.764	3.383	
13	2.000	1.000	8.000	1492.055	144.470	146.202	147.160	9,	147.251,	nan	nan	9.000	150.178	81.750	149.620	44.670	122.320	0.741	0.958	3.325	
13	2.000	1.000	9.000	1492.055	153.514	156.230	157.352	9,	157.453,	nan	nan	9.000	160.369	81.750	149.620	54.640	122.320	1.725	1.122	3.846	
13	2.000	1.000	10.000	1492.055	164.226	165.732	167.032	9,	167.169,	nan	nan	9.000	170.051	81.750	223.870	54.640	183.020	0.514	1.301	3.820	
13	2.000	1.000	11.000	1492.055	173.881	176.400	177.744	9,	177.893,	nan	nan	9.000	180.761	66.830	223.870	44.670	183.020	1.527	1.344	2.650	
13	2.000	1.000	12.000	1492.055	183.421	184.923	185.871	9,8,	186.731,187.001,	9.000	188.883	8.000	188.884	54.640	183.020	44.670	149.620	0.510	0.949	2.830	
13	2.000	1.000	13.000	1492.055	191.723	194.074	194.622	9,	195.148,	nan	nan	9.000	197.639	81.750	183.020	44.670	122.320	1.359	0.548	2.238	
13	2.000	1.000	14.000	1492.055	199.887	201.442	202.405	8,	202.513,	nan	nan	8.000	205.422	183.020	149.620	223.870	149.620	0.563	0.963	3.029	
13	2.000	1.000	15.000	1492.055	208.462	211.236	213.047	9,	213.135,	nan	nan	9.000	216.060	54.640	183.020	44.670	122.320	1.783	1.812	2.186	
13	2.000	1.000	16.000	1492.055	218.258	219.947	220.885	9,	221.094,	nan	nan	9.000	223.903	54.640	149.620	44.670	122.320	0.698	0.939	3.775	
13	2.000	1.000	17.000	1492.055	227.688	229.599	231.146	9,9,	231.349,231.621,	nan	nan	9.000	234.162	81.750	183.020	66.830	149.620	0.920	1.547	3.653	
13	2.000	1.000	18.000	1492.055	237.826	239.317	240.044	9,	240.314,	nan	nan	9.000	243.061	66.830	149.620	44.670	122.320	0.500	0.727	3.074	
13	2.000	1.000	19.000	1492.055	246.146	248.945	250.356	9,	250.573,	nan	nan	9.000	253.374	81.750	223.870	44.670	122.320	1.807	1.412	3.402	
13	2.000	1.000	20.000	1492.055	256.786	258.654	259.670	9,	259.914,	nan	nan	9.000	262.688	54.640	223.870	44.670	149.620	0.876	1.016	3.852	
13	2.000	1.000	21.000	1492.055	266.551	268.838	269.868	9,8,9,	270.160,271.337,271.869,	nan	nan	9.000	272.888	81.750	149.620	54.640	183.020	1.296	1.031	3.942	
13	2.000	1.000	22.000	1492.055	276.842	279.466	280.723	8,9,	280.859,281.206,	nan	nan	9.000	283.736	81.750	149.620	66.830	122.320	1.633	1.257	2.977	
13	2.000	1.000	23.000	1492.055	286.724	289.305	290.215	9,	290.389,	nan	nan	9.000	293.227	66.830	149.620	54.640	122.320	1.590	0.910	2.932	
13	2.000	1.000	24.000	1492.055	296.170	297.854	298.446	9,	298.747,	nan	nan	9.000	301.458	81.750	223.870	66.830	149.620	0.693	0.592	2.328	
13	2.000	1.000	25.000	1492.055	303.796	305.394	306.390	9,8,9,	306.482,307.621,307.974,	nan	nan	9.000	309.403	81.750	149.620	44.670	183.020	0.606	0.997	2.907	
13	2.000	1.000	26.000	1492.055	312.320	313.831	314.750	9,	315.025,	nan	nan	9.000	317.763	81.750	149.620	44.670	223.870	0.519	0.920	2.302	
13	2.000	1.000	27.000	1492.055	320.076	321.891	323.726	8,8,	323.926,324.127,	nan	nan	8.000	326.739	66.830	183.020	81.750	183.020	0.823	1.836	3.627	
13	2.000	1.000	28.000	1492.055	330.377	331.941	333.029	9,	333.341,	nan	nan	9.000	336.047	54.640	223.870	44.670	122.320	0.572	1.088	3.807	
13	2.000	1.000	29.000	1492.055	339.872	342.514	343.838	9,	344.285,	nan	nan	9.000	346.851	66.830	183.020	54.640	149.620	1.658	1.325	2.720	
13	2.000	1.000	30.000	1492.055	349.582	352.564	353.493	9,	353.606,	nan	nan	9.000	356.505	66.830	223.870	44.670	149.620	1.990	0.929	3.511	
13	2.000	1.000	31.000	1492.055	360.028	362.209	363.673	9,	363.830,	nan	nan	9.000	366.686	66.830	223.870	54.640	122.320	1.190	1.465	3.961	
13	2.000	1.000	32.000	1492.055	370.659	372.535	373.864	9,	373.958,	nan	nan	9.000	376.878	66.830	183.020	44.670	122.320	0.886	1.330	2.424	
13	2.000	1.000	33.000	1492.055	379.313	381.528	383.199	9,	383.377,	nan	nan	9.000	386.212	81.750	223.870	44.670	183.020	1.223	1.672	2.514	
13	2.000	1.000	34.000	1492.055	388.738	391.145	392.629	9,	392.754,	nan	nan	9.000	395.646	54.640	223.870	44.670	183.020	1.416	1.484	2.122	
13	2.000	1.000	35.000	1492.055	397.780	400.163	401.801	9,	402.113,	nan	nan	9.000	404.814	81.750	223.870	66.830	122.320	1.392	1.638	3.119	
13	2.000	1.000	36.000	1492.055	407.945	410.656	411.773	9,	411.805,	nan	nan	9.000	414.791	81.750	223.870	54.640	122.320	1.720	1.117	3.518	
13	2.000	1.000	37.000	1492.055	418.323	421.017	422.592	9,	422.952,	nan	nan	9.000	425.612	81.750	223.870	54.640	149.620	1.706	1.576	2.174	
13	2.000	1.000	38.000	1492.055	427.798	429.471	431.022	9,	431.179,	nan	nan	9.000	434.041	66.830	183.020	44.670	149.620	0.683	1.551	2.103	
13	2.000	1.000	39.000	1492.055	436.156	437.781	438.546	9,	438.860,	nan	nan	9.000	441.564	66.830	223.870	54.640	183.020	0.635	0.765	3.814	
13	2.000	1.000	40.000	1492.055	445.395	448.225	449.038	8,	449.395,	nan	nan	8.000	452.051	66.830	54.640	81.750	54.640	1.846	0.814	3.235	
13	2.000	1.000	41.000	1492.055	455.297	458.249	459.496	9,	459.992,	nan	nan	9.000	462.508	81.750	183.020	66.830	223.870	1.961	1.248	3.215	
13	2.000	1.000	42.000	1492.055	465.735	468.243	468.999	9,	469.565,	nan	nan	9.000	472.016	66.830	183.020	54.640	223.870	1.518	0.756	2.592	
13	2.000	1.000	43.000	1492.055	474.619	476.259	477.246	9,	477.335,	nan	nan	9.000	480.258	81.750	149.620	54.640	223.870	0.650	0.987	2.051	
13	2.000	1.000	44.000	1492.055	482.321	484.858	486.429	9,	486.624,	nan	nan	9.000	489.447	54.640	183.020	44.670	223.870	1.547	1.571	3.981	
13	2.000	1.000	45.000	1492.055	493.439	495.779	496.587	9,	497.565,	nan	nan	9.000	499.606	66.830	122.320	54.640	149.620	1.349	0.809	2.064	
13	2.000	1.000	46.000	1492.055	501.681	503.843	505.197	9,	505.363,	nan	nan	9.000	508.210	81.750	183.020	44.670	223.870	1.170	1.354	3.691	
13	2.000	1.000	47.000	1492.055	511.914	514.271	515.432	8,	515.681,	nan	nan	8.000	518.444	44.670	183.020	81.750	149.620	1.368	1.161	3.466	
13	2.000	1.000	48.000	1492.055	521.923	523.572	524.077	9,9,	524.827,525.293,	nan	nan	9.000	527.090	81.750	122.320	44.670	149.620	0.659	0.505	3.428	
13	2.000	1.000	49.000	1492.055	530.528	532.854	533.397	9,	534.237,	nan	nan	9.000	536.415	66.830	149.620	44.670	223.870	1.334	0.543	3.035	
13	2.000	1.000	50.000	1492.055	539.463	541.011	542.707	8,	542.893,	nan	nan	8.000	545.724	54.640	122.320	81.750	149.620	0.558	1.696	3.145	
13	2.000	1.000	51.000	1492.055	548.881	551.090	552.159	9,	552.457,	nan	nan	9.000	555.171	81.750	122.320	44.670	223.870	1.219	1.069	2.611	
13	2.000	1.000	52.000	1492.055	557.794	560.755	562.210	9,	562.795,	nan	nan	9.000	565.228	66.830	149.620	44.670	183.020	1.971	1.455	3.685	
13	2.000	1.000	53.000	1492.055	568.924	570.762	571.913	8,	572.075,	nan	nan	8.000	574.930	149.620	66.830	223.870	66.830	0.847	1.151	2.450	
13	2.000	1.000	54.000	1492.055	577.392	579.813	581.027	9,	581.334,	nan	nan	9.000	584.040	54.640	122.320	44.670	183.020	1.431	1.214	3.248	
13	2.000	1.000	55.000	1492.055	587.299	589.224	590.664	8,	590.809,	nan	nan	8.000	593.682	54.640	122.320	66.830	223.870	0.934	1.441	2.521	
13	2.000	1.000	56.000	1492.055	596.215	598.448	600.158	8,	600.424,	nan	nan	8.000	603.171	54.640	183.020	81.750	149.620	1.243	1.711	3.717	
13	2.000	1.000	57.000	1492.055	606.907	609.755	611.335	8,	611.375,	nan	nan	8.000	614.348	44.670	122.320	66.830	223.870	1.865	1.580	3.859	
13	2.000	1.000	58.000	1492.055	618.224	620.335	621.462	9,	621.663,	nan	nan	9.000	624.475	81.750	122.320	66.830	149.620	1.127	1.127	2.482	
13	2.000	1.000	59.000	1492.055	626.969	629.140	630.696	8,	630.763,	nan	nan	8.000	633.714	81.750	122.320	54.640	223.870	1.180	1.556	3.479	
13	2.000	1.000	60.000	1492.055	637.205	640.104	641.385	8,	641.748,	nan	nan	8.000	644.398	66.830	149.620	54.640	223.870	1.908	1.281	2.688	
13	2.000	1.000	61.000	1492.055	647.102	649.881	651.499	8,	651.996,	nan	nan	8.000	654.518	54.640	122.320	66.830	183.020	1.793	1.619	3.299	
13	2.000	1.000	62.000	1492.055	657.828	660.738	661.435	9,	661.744,	nan	nan	9.000	664.453	66.830	122.320	44.670	183.020	1.918	0.698	3.839	
13	2.000	1.000	63.000	1492.055	668.309	670.755	671.317	9,	671.969,	nan	nan	9.000	674.329	66.830	183.020	44.670	223.870	1.460	0.563	2.547	
13	2.000	1.000	64.000	1492.055	676.960	678.624	680.252	8,	680.934,	nan	nan	8.000	683.265	66.830	183.020	81.750	122.320	0.746	1.629	3.730	
13	2.000	1.000	65.000	1492.055	687.007	689.925	691.263	9,	691.767,	nan	nan	9.000	694.283	81.750	122.320	54.640	183.020	1.928	1.339	2.354	
13	2.000	1.000	66.000	1492.055	696.648	699.306	700.847	8,	700.918,	nan	nan	8.000	703.866	149.620	183.020	223.870	183.020	1.667	1.542	2.662	
13	2.000	1.000	67.000	1492.055	706.541	709.425	710.759	9,	710.929,	nan	nan	9.000	713.777	54.640	149.620	44.670	223.870	1.894	1.334	2.431	
13	2.000	1.000	68.000	1492.055	716.220	718.795	720.018	9,	720.333,	nan	nan	9.000	723.030	81.750	149.620	66.830	183.020	1.585	1.223	2.875	
13	2.000	1.000	69.000	1492.055	725.916	727.870	729.821	8,	730.027,	nan	nan	8.000	732.839	81.750	149.620	66.830	223.870	0.963	1.952	2.823	
13	2.000	1.000	70.000	1492.055	735.676	737.864	739.661	9,	740.641,	nan	nan	9.000	742.674	54.640	122.320	44.670	149.620	1.199	1.797	2.045	
13	2.000	1.000	71.000	1492.055	744.730	746.322	747.295	9,	747.619,	nan	nan	9.000	750.307	66.830	122.320	44.670	149.620	0.601	0.973	2.643	
13	2.000	1.000	72.000	1492.055	752.961	755.726	757.706	8,	757.884,	nan	nan	8.000	760.719	54.640	122.320	44.670	223.870	1.773	1.981	3.003	
13	2.000	1.000	73.000	1492.055	763.736	765.268	765.975	8,	766.431,	nan	nan	8.000	768.993	81.750	183.020	54.640	223.870	0.543	0.707	2.765	
13	2.000	1.000	74.000	1492.055	771.772	773.883	775.231	8,	775.456,	nan	nan	8.000	778.244	44.670	223.870	81.750	149.620	1.122	1.349	2.322	
13	2.000	1.000	75.000	1492.055	780.576	782.594	783.209	9,8,	783.332,784.030,	nan	nan	8.000	786.228	81.750	122.320	66.830	223.870	1.026	0.616	3.762	
13	2.000	1.000	76.000	1492.055	790.008	791.873	793.386	9,	793.806,	nan	nan	9.000	796.398	54.640	149.620	44.670	183.020	0.881	1.513	3.228	
13	2.000	1.000	77.000	1492.055	799.644	801.385	802.352	9,	802.515,	nan	nan	9.000	805.364	81.750	122.320	44.670	183.020	0.756	0.968	3.305	
13	2.000	1.000	78.000	1492.055	808.681	810.866	812.697	9,	813.254,	nan	nan	9.000	815.709	66.830	149.620	54.640	183.020	1.195	1.831	3.884	
13	2.000	1.000	79.000	1492.055	819.606	822.509	823.997	8,	824.327,	nan	nan	8.000	827.016	54.640	122.320	81.750	122.320	1.913	1.489	2.309	
13	2.000	1.000	80.000	1492.055	829.336	831.323	832.759	8,9,	833.264,833.409,	nan	nan	9.000	835.776	54.640	223.870	81.750	122.320	0.997	1.436	3.955	
13	2.000	1.000	81.000	1492.055	839.743	841.711	843.315	9,8,9,	843.373,843.806,844.744,	nan	nan	9.000	846.328	54.640	149.620	66.830	122.320	0.977	1.605	3.826	
13	2.000	1.000	82.000	1492.055	850.166	852.520	853.598	9,	853.671,	nan	nan	9.000	856.616	54.640	223.870	66.830	149.620	1.363	1.079	2.013	
13	2.000	1.000	83.000	1492.055	858.641	861.569	863.491	8,	864.099,	nan	nan	8.000	866.504	66.830	183.020	81.750	149.620	1.937	1.923	2.476	
13	2.000	1.000	84.000	1492.055	868.996	871.885	872.877	9,	873.108,	nan	nan	9.000	875.890	66.830	223.870	81.750	149.620	1.904	0.992	3.023	
13	2.000	1.000	85.000	1492.055	878.931	881.269	881.850	8,	881.914,	nan	nan	8.000	884.863	44.670	223.870	81.750	183.020	1.354	0.582	2.148	
13	2.000	1.000	86.000	1492.055	887.066	889.111	889.992	8,	890.363,	nan	nan	8.000	893.004	44.670	183.020	54.640	149.620	1.098	0.881	2.283	
13	2.000	1.000	87.000	1492.055	895.299	897.769	898.818	9,	899.257,	nan	nan	9.000	901.831	81.750	183.020	66.830	122.320	1.479	1.050	3.704	
13	2.000	1.000	88.000	1492.055	905.547	907.336	909.278	9,	909.569,	nan	nan	9.000	912.291	81.750	223.870	44.670	149.620	0.799	1.942	3.441	
13	2.000	1.000	89.000	1492.055	915.746	917.355	918.149	8,	918.204,	nan	nan	8.000	921.167	44.670	183.020	54.640	122.320	0.621	0.794	2.386	
13	2.000	1.000	90.000	1492.055	923.566	926.054	927.513	8,	927.787,	nan	nan	8.000	930.526	54.640	223.870	81.750	183.020	1.498	1.460	3.331	
13	2.000	1.000	91.000	1492.055	933.870	936.363	938.295	8,	938.590,	nan	nan	8.000	941.313	44.670	223.870	54.640	122.320	1.503	1.932	2.926	
13	2.000	1.000	92.000	1492.055	944.253	946.923	947.481	8,	948.003,	nan	nan	8.000	950.493	54.640	66.830	81.750	66.830	1.682	0.558	2.624	
13	2.000	1.000	93.000	1492.055	953.128	955.260	957.134	9,	957.369,	nan	nan	9.000	960.148	81.750	183.020	54.640	149.620	1.141	1.875	2.000	
13	2.000	1.000	94.000	1492.055	962.167	964.779	966.142	9,8,	966.433,967.000,	nan	nan	8.000	969.155	66.830	122.320	54.640	183.020	1.629	1.363	2.695	
13	2.000	1.000	95.000	1492.055	971.861	974.702	976.109	8,	976.364,	nan	nan	8.000	979.128	66.830	149.620	81.750	122.320	1.850	1.407	2.232	
13	2.000	1.000	96.000	1492.055	981.371	984.149	984.866	8,	985.331,	nan	nan	8.000	987.879	44.670	223.870	54.640	149.620	1.788	0.717	2.167	
13	2.000	1.000	97.000	1492.055	990.057	992.604	993.649	9,	994.738,	nan	nan	9.000	996.668	66.830	122.320	44.670	223.870	1.556	1.045	3.723	
13	2.000	1.000	98.000	1492.055	1000.404	1003.215	1004.636	8,	1005.169,	nan	nan	8.000	1007.654	54.640	223.870	81.750	149.620	1.822	1.421	2.399	
13	2.000	1.000	99.000	1492.055	1010.064	1011.608	1013.290	8,	1013.413,	nan	nan	8.000	1016.303	44.670	149.620	81.750	122.320	0.553	1.682	3.158	
13	2.000	1.000	100.000	1492.055	1019.475	1022.449	1023.310	8,	1024.194,	nan	nan	8.000	1026.328	44.670	183.020	66.830	122.320	1.986	0.862	2.244	
13	2.000	1.000	101.000	1492.055	1028.585	1031.406	1032.045	9,	1032.071,	nan	nan	9.000	1035.058	81.750	183.020	44.670	149.620	1.831	0.640	3.344	
13	2.000	1.000	102.000	1492.055	1038.417	1040.184	1040.973	8,	1041.461,	nan	nan	8.000	1043.990	44.670	223.870	66.830	149.620	0.780	0.789	2.129	
13	2.000	1.000	103.000	1492.055	1046.134	1049.073	1050.812	9,	1051.028,	nan	nan	9.000	1053.832	66.830	223.870	81.750	122.320	1.952	1.740	3.415	
13	2.000	1.000	104.000	1492.055	1057.261	1059.009	1060.763	8,	1060.982,	nan	nan	8.000	1063.775	44.670	223.870	54.640	183.020	0.760	1.754	2.039	
13	2.000	1.000	105.000	1492.055	1065.825	1067.523	1068.447	8,	1068.935,	nan	nan	8.000	1071.460	149.620	44.670	183.020	44.670	0.707	0.924	2.778	
13	2.000	1.000	106.000	1492.055	1074.252	1077.164	1078.691	8,	1078.957,	nan	nan	8.000	1081.703	44.670	223.870	81.750	122.320	1.923	1.527	2.759	
13	2.000	1.000	107.000	1492.055	1084.473	1086.475	1087.409	8,	1087.724,	nan	nan	8.000	1090.421	44.670	149.620	66.830	122.320	1.011	0.934	2.637	
13	2.000	1.000	108.000	1492.055	1093.069	1095.105	1096.000	9,	1096.435,	nan	nan	9.000	1099.012	66.830	223.870	81.750	183.020	1.045	0.895	2.965	
13	2.000	1.000	109.000	1492.055	1101.988	1104.126	1105.551	9,	1105.910,	nan	nan	9.000	1108.571	81.750	122.320	54.640	149.620	1.146	1.426	2.836	
13	2.000	1.000	110.000	1492.055	1111.418	1114.057	1114.566	9,	1114.985,	nan	nan	9.000	1117.579	54.640	223.870	66.830	183.020	1.648	0.510	2.945	
13	2.000	1.000	111.000	1492.055	1120.536	1123.223	1124.533	8,	1124.556,	nan	nan	8.000	1127.546	44.670	223.870	66.830	183.020	1.696	1.310	3.897	
13	2.000	1.000	112.000	1492.055	1131.457	1134.117	1135.596	8,	1135.899,	nan	nan	8.000	1138.609	66.830	122.320	54.640	223.870	1.672	1.479	2.193	
13	2.000	1.000	113.000	1492.055	1140.814	1143.799	1145.008	8,	1145.081,	nan	nan	8.000	1148.026	44.670	149.620	54.640	122.320	1.995	1.209	2.984	
13	2.000	1.000	114.000	1492.055	1151.021	1152.603	1153.870	8,	1153.956,	nan	nan	8.000	1156.888	44.670	183.020	66.830	149.620	0.592	1.267	3.666	
13	2.000	1.000	115.000	1492.055	1160.578	1162.321	1163.197	9,	1163.587,	nan	nan	9.000	1166.214	54.640	183.020	66.830	149.620	0.765	0.876	3.312	
13	2.000	1.000	116.000	1492.055	1169.542	1171.400	1172.112	8,	1172.411,	nan	nan	8.000	1175.130	54.640	183.020	81.750	122.320	0.871	0.712	3.389	
13	2.000	1.000	117.000	1492.055	1178.535	1181.082	1182.769	8,	1182.923,	nan	nan	8.000	1185.788	44.670	183.020	81.750	122.320	1.561	1.686	2.225	
13	2.000	1.000	118.000	1492.055	1188.029	1189.848	1190.371	8,	1190.807,	nan	nan	8.000	1193.384	149.620	223.870	183.020	223.870	0.833	0.524	3.543	
13	2.000	1.000	119.000	1492.055	1196.941	1199.003	1200.772	8,	1200.805,	nan	nan	8.000	1203.790	44.670	223.870	66.830	122.320	1.074	1.768	3.678	
13	2.000	1.000	120.000	1492.055	1207.483	1209.473	1211.323	8,	1211.682,	nan	nan	8.000	1214.341	44.670	149.620	81.750	183.020	1.002	1.850	2.559	
13	2.000	1.000	121.000	1492.055	1216.912	1219.063	1220.754	8,	1220.781,	nan	nan	8.000	1223.767	54.640	122.320	81.750	183.020	1.161	1.691	3.640	
13	2.000	1.000	122.000	1492.055	1227.419	1229.980	1231.088	8,	1231.505,	nan	nan	8.000	1234.105	44.670	183.020	66.830	223.870	1.571	1.108	3.537	
13	2.000	1.000	123.000	1492.055	1237.654	1240.456	1241.901	8,	1242.881,	nan	nan	8.000	1244.914	66.830	122.320	81.750	223.870	1.812	1.445	3.994	
13	2.000	1.000	124.000	1492.055	1248.927	1250.714	1251.290	8,	1251.773,	nan	nan	8.000	1254.308	44.670	183.020	54.640	223.870	0.804	0.577	2.071	
13	2.000	1.000	125.000	1492.055	1256.390	1258.006	1258.747	8,9,	1259.113,1259.709,	nan	nan	9.000	1261.760	54.640	223.870	66.830	122.320	0.625	0.741	2.026	
13	2.000	1.000	126.000	1492.055	1263.798	1265.374	1266.004	8,	1266.248,	nan	nan	8.000	1269.022	44.670	149.620	66.830	223.870	0.587	0.630	3.865	
13	2.000	1.000	127.000	1492.055	1272.899	1275.329	1276.384	8,	1276.796,	nan	nan	8.000	1279.401	54.640	183.020	81.750	223.870	1.441	1.055	3.904	
13	2.000	1.000	128.000	1492.055	1283.318	1285.820	1286.522	8,	1286.949,	nan	nan	8.000	1289.540	54.640	149.620	81.750	122.320	1.513	0.703	2.495	
13	2.000	1.000	129.000	1492.055	1292.047	1293.774	1295.079	8,	1295.229,	nan	nan	8.000	1298.097	54.640	183.020	66.830	223.870	0.736	1.305	3.633	
13	2.000	1.000	130.000	1492.055	1301.746	1303.676	1304.812	8,	1304.911,	nan	nan	8.000	1307.830	54.640	122.320	81.750	223.870	0.944	1.137	2.804	
13	2.000	1.000	131.000	1492.055	1310.646	1312.966	1313.967	8,	1314.351,	nan	nan	8.000	1316.979	54.640	149.620	66.830	149.620	1.330	1.002	3.524	
13	2.000	1.000	132.000	1492.055	1320.516	1322.044	1323.971	8,	1324.164,	nan	nan	8.000	1326.984	66.830	122.320	81.750	149.620	0.539	1.928	2.855	
13	2.000	1.000	133.000	1492.055	1329.852	1332.581	1334.551	8,	1335.011,	nan	nan	8.000	1337.565	44.670	122.320	66.830	149.620	1.740	1.971	3.318	
13	2.000	1.000	134.000	1492.055	1340.896	1343.205	1344.385	8,	1344.869,	nan	nan	8.000	1347.397	54.640	183.020	66.830	122.320	1.320	1.180	3.338	
13	2.000	1.000	135.000	1492.055	1350.747	1352.406	1354.304	8,	1354.703,	nan	nan	8.000	1357.323	54.640	149.620	66.830	223.870	0.669	1.899	2.019	
13	2.000	1.000	136.000	1492.055	1359.355	1361.260	1362.994	8,	1363.145,	nan	nan	8.000	1366.007	54.640	149.620	66.830	183.020	0.915	1.735	2.656	
13	2.000	1.000	137.000	1492.055	1368.675	1371.482	1373.043	8,	1373.374,	nan	nan	8.000	1376.056	44.670	122.320	81.750	149.620	1.817	1.561	3.556	
13	2.000	1.000	138.000	1492.055	1379.627	1382.040	1382.945	8,	1383.243,	nan	nan	8.000	1385.962	44.670	149.620	54.640	223.870	1.426	0.905	2.997	
13	2.000	1.000	139.000	1492.055	1388.971	1391.242	1392.075	8,	1392.512,	nan	nan	8.000	1395.093	44.670	122.320	66.830	183.020	1.281	0.833	3.878	
13	2.000	1.000	140.000	1492.055	1398.983	1401.042	1401.716	8,	1403.032,	nan	nan	8.000	1404.728	54.640	122.320	66.830	149.620	1.069	0.674	2.881	
13	2.000	1.000	141.000	1492.055	1407.620	1410.326	1411.390	8,	1411.579,	nan	nan	8.000	1414.403	66.830	183.020	81.750	223.870	1.715	1.064	3.395	
13	2.000	1.000	142.000	1492.055	1417.810	1419.349	1420.263	8,	1420.348,	nan	nan	8.000	1423.276	44.670	122.320	81.750	183.020	0.548	0.915	3.563	
13	2.000	1.000	143.000	1492.055	1426.861	1429.325	1431.151	8,	1431.680,	nan	nan	8.000	1434.169	44.670	122.320	54.640	183.020	1.484	1.826	3.505	
13	2.000	1.000	144.000	1492.055	1437.685	1440.280	1441.928	8,	1442.229,	nan	nan	8.000	1444.941	54.640	81.750	66.830	81.750	1.605	1.648	2.341	
13	2.000	1.000	145.000	1492.055	1447.293	1450.284	1451.478	8,	1451.569,	nan	nan	8.000	1454.490	66.830	149.620	81.750	223.870	2.000	1.195	2.469	
13	2.000	1.000	146.000	1492.055	1456.971	1459.368	1460.461	8,	1460.782,	nan	nan	8.000	1463.473	66.830	149.620	81.750	183.020	1.407	1.093	3.736	
13	2.000	1.000	147.000	1492.055	1467.221	1469.647	1470.836	8,	1471.036,	nan	nan	8.000	1473.854	44.670	149.620	54.640	183.020	1.436	1.190	2.360	
13	2.000	1.000	148.000	1492.055	1476.226	1478.223	1478.809	8,	1479.241,	nan	nan	8.000	1481.822	44.670	122.320	81.750	223.870	1.006	0.587	3.241	
13	2.000	1.000	149.000	1492.055	1485.076	1487.752	1489.043	8,	1489.163,	nan	nan	8.000	1492.061	66.830	122.320	81.750	183.020	1.686	1.291	3.711	
13	2.000	1.000	150.000	1492.055	1495.783	1498.064	1499.852	8,	1500.054,	nan	nan	8.000	1502.871	44.670	122.320	54.640	149.620	1.291	1.788	2.579	
13	2.000	1.000	151.000	1492.055	1505.463	1507.289	1508.136	8,	1508.183,	nan	nan	8.000	1511.149	44.670	122.320	54.640	223.870	0.838	0.847	2.109	
13	2.000	1.000	152.000	1492.055	1513.270	1515.797	1517.619	8,	1517.918,	nan	nan	8.000	1520.632	54.640	149.620	81.750	223.870	1.537	1.822	3.434	
13	2.000	1.000	153.000	1492.055	1524.080	1526.817	1528.176	8,	1528.485,	nan	nan	8.000	1531.193	44.670	149.620	81.750	223.870	1.749	1.359	2.887	
13	2.000	1.000	154.000	1492.055	1534.094	1536.355	1538.234	8,	1538.273,	nan	nan	8.000	1541.251	44.670	183.020	81.750	223.870	1.272	1.879	3.531	
13	2.000	1.000	155.000	1492.055	1544.794	1546.573	1547.092	8,	1547.722,	nan	nan	8.000	1550.110	44.670	149.620	66.830	183.020	0.789	0.519	2.457	
13	2.000	1.000	156.000	1492.055	1552.579	1555.429	1556.078	8,	1556.486,	nan	nan	8.000	1559.090	54.640	149.620	81.750	183.020	1.860	0.650	2.733	
13	2.000	2.000	157.000	1492.055	44.103	46.075	46.893	8,	46.966,	nan	nan	8.000	49.909	183.020	66.830	223.870	66.830	0.973	0.818	3.447	
13	2.000	2.000	158.000	1492.055	53.374	56.184	56.751	9,	57.213,	nan	nan	9.000	59.769	66.830	183.020	44.670	149.620	1.826	0.568	2.958	
13	2.000	2.000	159.000	1492.055	62.740	65.218	66.060	9,	66.245,	nan	nan	9.000	69.077	81.750	149.620	54.640	122.320	1.489	0.842	3.421	
13	2.000	2.000	160.000	1492.055	72.512	75.390	77.390	9,9,	78.171,78.587,	nan	nan	9.000	80.408	66.830	223.870	44.670	122.320	1.889	2.000	2.251	
13	2.000	2.000	161.000	1492.055	82.671	84.696	86.489	9,	86.653,	nan	nan	9.000	89.501	54.640	223.870	44.670	122.320	1.035	1.793	3.363	
13	2.000	2.000	162.000	1492.055	92.878	94.463	95.233	9,	95.369,	nan	nan	9.000	98.246	54.640	183.020	44.670	122.320	0.596	0.770	3.132	
13	2.000	2.000	163.000	1492.055	101.391	103.633	104.301	9,	104.348,	nan	nan	9.000	107.319	81.750	149.620	54.640	183.020	1.252	0.669	2.334	
13	2.000	2.000	164.000	1492.055	109.666	111.267	112.070	9,	112.196,	nan	nan	9.000	115.088	54.640	223.870	44.670	149.620	0.611	0.804	2.264	
13	2.000	2.000	165.000	1492.055	117.369	119.529	120.757	9,	120.919,	nan	nan	9.000	123.769	81.750	149.620	44.670	122.320	1.175	1.228	3.608	
13	2.000	2.000	166.000	1492.055	127.390	129.824	130.609	9,	130.664,	nan	nan	9.000	133.622	66.830	223.870	44.670	183.020	1.445	0.785	2.347	
13	2.000	2.000	167.000	1492.055	135.986	137.505	139.210	9,	139.437,	nan	nan	9.000	142.224	81.750	183.020	44.670	122.320	0.534	1.706	3.080	
13	2.000	2.000	168.000	1492.055	145.317	147.371	147.981	9,	148.073,	nan	nan	9.000	150.998	66.830	223.870	44.670	149.620	1.064	0.611	2.585	
13	2.000	2.000	169.000	1492.055	153.595	156.339	157.162	9,	157.257,	nan	nan	9.000	160.174	66.830	149.620	44.670	122.320	1.754	0.823	2.900	
13	2.000	2.000	170.000	1492.055	163.088	164.750	166.253	8,	166.555,	nan	nan	8.000	169.272	183.020	122.320	223.870	122.320	0.674	1.503	3.370	
13	2.000	2.000	171.000	1492.055	172.655	175.625	177.513	9,	177.619,	nan	nan	9.000	180.526	66.830	183.020	54.640	122.320	1.981	1.889	2.598	
13	2.000	2.000	172.000	1492.055	183.137	184.940	186.037	9,	186.178,	nan	nan	9.000	189.055	81.750	183.020	66.830	149.620	0.814	1.098	2.084	
13	2.000	2.000	173.000	1492.055	191.152	193.157	194.023	9,	194.386,	nan	nan	9.000	197.041	81.750	223.870	66.830	122.320	1.016	0.867	3.486	
13	2.000	2.000	174.000	1492.055	200.540	203.495	205.490	9,	205.613,	nan	nan	9.000	208.504	81.750	223.870	66.830	149.620	1.966	1.995	3.113	
13	2.000	2.000	175.000	1492.055	211.629	214.184	215.205	9,9,	215.477,215.841,	nan	nan	9.000	218.224	81.750	223.870	44.670	122.320	1.566	1.021	3.588	
13	2.000	2.000	176.000	1492.055	221.825	224.525	225.801	9,	225.951,	nan	nan	9.000	228.818	66.830	183.020	54.640	149.620	1.711	1.277	2.669	
13	2.000	2.000	177.000	1492.055	231.499	234.142	234.786	9,	235.113,	nan	nan	9.000	237.800	81.750	223.870	44.670	183.020	1.653	0.645	3.923	
13	2.000	2.000	178.000	1492.055	241.736	243.369	244.539	9,	244.557,	nan	nan	9.000	247.558	81.750	149.620	66.830	122.320	0.645	1.170	2.077	
13	2.000	2.000	179.000	1492.055	249.647	251.349	251.864	9,	251.972,	nan	nan	9.000	254.876	81.750	223.870	66.830	183.020	0.712	0.514	2.463	
13	2.000	2.000	180.000	1492.055	257.351	259.685	261.072	9,	261.495,	nan	nan	9.000	264.086	54.640	149.620	44.670	122.320	1.344	1.387	3.138	
13	2.000	2.000	181.000	1492.055	267.237	268.943	270.147	9,	270.452,	nan	nan	9.000	273.160	81.750	223.870	54.640	183.020	0.717	1.204	2.740	
13	2.000	2.000	182.000	1492.055	275.918	277.995	279.812	9,	280.099,	nan	nan	9.000	282.824	81.750	122.320	66.830	183.020	1.093	1.817	3.042	
13	2.000	2.000	183.000	1492.055	285.879	287.764	288.770	8,	289.175,	nan	nan	8.000	291.788	66.830	183.020	81.750	183.020	0.895	1.006	3.492	
13	2.000	2.000	184.000	1492.055	295.294	297.139	297.639	9,	298.061,	nan	nan	9.000	300.658	66.830	183.020	44.670	122.320	0.857	0.500	2.920	
13	2.000	2.000	185.000	1492.055	303.591	306.536	308.493	9,	308.826,	nan	nan	9.000	311.506	81.750	149.620	44.670	183.020	1.957	1.957	2.630	
13	2.000	2.000	186.000	1492.055	314.150	316.748	318.521	9,	318.754,	nan	nan	9.000	321.539	66.830	223.870	54.640	149.620	1.609	1.773	2.277	
13	2.000	2.000	187.000	1492.055	323.841	325.950	327.091	9,9,8,9,	327.584,328.035,328.404,328.729,	nan	nan	9.000	330.105	66.830	149.620	54.640	122.320	1.132	1.141	2.817	
13	2.000	2.000	188.000	1492.055	332.934	334.862	336.380	9,	337.089,	nan	nan	9.000	339.392	81.750	149.620	44.670	223.870	0.939	1.518	2.058	
13	2.000	2.000	189.000	1492.055	341.464	343.555	344.933	9,	345.153,	nan	nan	9.000	347.946	54.640	183.020	44.670	149.620	1.103	1.378	2.752	
13	2.000	2.000	190.000	1492.055	350.711	353.079	354.263	9,	354.534,	nan	nan	9.000	357.276	66.830	223.870	54.640	122.320	1.378	1.185	2.412	
13	2.000	2.000	191.000	1492.055	359.701	362.390	363.975	9,	364.073,	nan	nan	9.000	366.989	81.750	223.870	54.640	122.320	1.701	1.585	2.894	
13	2.000	2.000	192.000	1492.055	369.897	372.094	373.168	9,	373.482,	nan	nan	9.000	376.180	66.830	223.870	54.640	183.020	1.209	1.074	3.376	
13	2.000	2.000	193.000	1492.055	379.569	381.083	382.735	9,	383.055,	nan	nan	9.000	385.748	81.750	223.870	54.640	149.620	0.524	1.653	2.849	
13	2.000	2.000	194.000	1492.055	388.611	390.466	391.940	9,	392.231,	nan	nan	9.000	394.958	54.640	223.870	44.670	183.020	0.867	1.474	3.550	
13	2.000	2.000	195.000	1492.055	398.521	400.569	401.426	9,	402.103,	nan	nan	9.000	404.438	81.750	183.020	54.640	122.320	1.059	0.857	2.746	
13	2.000	2.000	196.000	1492.055	407.197	410.119	412.003	8,	412.152,	nan	nan	8.000	415.020	66.830	44.670	81.750	44.670	1.932	1.884	3.125	
13	2.000	2.000	197.000	1492.055	418.158	419.932	420.461	8,8,	421.413,421.703,	nan	nan	8.000	423.473	44.670	183.020	81.750	149.620	0.785	0.529	2.842	
13	2.000	2.000	198.000	1492.055	426.329	428.310	429.832	9,	430.079,	nan	nan	9.000	432.849	66.830	122.320	44.670	149.620	0.992	1.523	3.068	
13	2.000	2.000	199.000	1492.055	435.929	437.829	439.804	9,	440.023,	nan	nan	9.000	442.818	81.750	122.320	44.670	183.020	0.910	1.976	2.090	
13	2.000	2.000	200.000	1492.055	444.921	447.655	449.321	8,	449.340,	nan	nan	8.000	452.341	81.750	149.620	66.830	223.870	1.744	1.667	3.936	
13	2.000	2.000	201.000	1492.055	456.290	458.029	458.683	9,	459.117,	nan	nan	9.000	461.696	66.830	149.620	44.670	183.020	0.751	0.654	2.206	
13	2.000	2.000	202.000	1492.055	463.914	466.783	467.316	8,	468.146,	nan	nan	8.000	470.334	54.640	122.320	66.830	183.020	1.879	0.534	3.974	
13	2.000	2.000	203.000	1492.055	474.321	477.185	477.930	8,9,	478.181,479.047,	nan	nan	9.000	480.949	81.750	183.020	66.830	223.870	1.875	0.746	2.373	
13	2.000	2.000	204.000	1492.055	483.334	486.083	487.026	8,	487.656,	nan	nan	8.000	490.044	54.640	122.320	81.750	149.620	1.759	0.944	3.949	
13	2.000	2.000	205.000	1492.055	494.010	496.146	497.320	8,	497.696,	nan	nan	8.000	500.334	44.670	122.320	66.830	223.870	1.151	1.175	3.659	
13	2.000	2.000	206.000	1492.055	504.005	506.112	507.012	9,	507.108,	nan	nan	9.000	510.024	81.750	122.320	54.640	183.020	1.117	0.900	2.785	
13	2.000	2.000	207.000	1492.055	512.822	514.900	516.562	9,	516.987,	nan	nan	9.000	519.580	54.640	149.620	44.670	223.870	1.088	1.662	3.788	
13	2.000	2.000	208.000	1492.055	523.383	526.240	526.976	9,	527.156,	nan	nan	9.000	529.988	81.750	183.020	54.640	223.870	1.870	0.736	2.772	
13	2.000	2.000	209.000	1492.055	532.773	535.401	536.720	8,	536.844,	nan	nan	8.000	539.739	149.620	44.670	223.870	44.670	1.638	1.320	2.006	
13	2.000	2.000	210.000	1492.055	541.759	543.450	544.948	8,	545.550,	nan	nan	8.000	547.961	66.830	149.620	54.640	223.870	0.703	1.498	2.714	
13	2.000	2.000	211.000	1492.055	550.688	553.253	554.997	8,9,	555.311,555.502,	nan	nan	9.000	558.009	66.830	149.620	54.640	183.020	1.576	1.744	2.502	
13	2.000	2.000	212.000	1492.055	560.524	562.544	564.389	9,	564.423,	nan	nan	9.000	567.407	66.830	183.020	44.670	223.870	1.031	1.846	2.810	
13	2.000	2.000	213.000	1492.055	570.231	572.434	573.970	9,	574.138,	nan	nan	9.000	576.988	81.750	183.020	44.670	223.870	1.214	1.537	3.968	
13	2.000	2.000	214.000	1492.055	580.969	583.553	585.514	9,	585.561,	nan	nan	9.000	588.527	81.750	122.320	44.670	223.870	1.595	1.961	3.916	
13	2.000	2.000	215.000	1492.055	592.458	595.060	596.433	9,	596.790,	nan	nan	9.000	599.445	54.640	122.320	44.670	183.020	1.614	1.373	2.296	
13	2.000	2.000	216.000	1492.055	601.755	603.726	604.987	8,	605.031,	nan	nan	8.000	608.005	81.750	149.620	66.830	183.020	0.982	1.262	2.540	
13	2.000	2.000	217.000	1492.055	610.558	613.446	614.742	9,	614.830,	nan	nan	9.000	617.754	81.750	122.320	66.830	149.620	1.899	1.296	3.749	
13	2.000	2.000	218.000	1492.055	621.517	624.448	626.231	9,8,	626.439,627.443,	nan	nan	8.000	629.244	81.750	122.320	54.640	223.870	1.942	1.783	3.164	
13	2.000	2.000	219.000	1492.055	632.421	634.219	635.350	8,	635.465,	nan	nan	8.000	638.363	54.640	183.020	81.750	149.620	0.809	1.132	3.190	
13	2.000	2.000	220.000	1492.055	641.567	643.576	644.611	9,	644.845,	nan	nan	9.000	647.629	66.830	149.620	44.670	223.870	1.021	1.035	2.489	
13	2.000	2.000	221.000	1492.055	650.130	651.687	653.677	9,	653.992,	nan	nan	9.000	656.695	54.640	149.620	44.670	183.020	0.568	1.990	2.508	
13	2.000	2.000	222.000	1492.055	659.216	661.940	662.999	8,	663.060,	nan	nan	8.000	666.012	149.620	122.320	223.870	122.320	1.735	1.059	3.621	
13	2.000	2.000	223.000	1492.055	669.648	671.289	671.914	9,9,	672.823,673.349,	nan	nan	9.000	674.926	54.640	122.320	44.670	149.620	0.654	0.625	2.270	
13	2.000	2.000	224.000	1492.055	677.209	679.465	680.419	9,	680.464,	nan	nan	9.000	683.435	54.640	183.020	44.670	223.870	1.267	0.953	2.797	
13	2.000	2.000	225.000	1492.055	686.245	688.400	689.198	9,	689.469,	nan	nan	9.000	692.215	54.640	122.320	44.670	223.870	1.166	0.799	2.154	
13	2.000	2.000	226.000	1492.055	694.383	696.658	697.544	8,9,	698.539,698.766,	nan	nan	9.000	700.556	66.830	183.020	81.750	122.320	1.286	0.886	3.781	
13	2.000	2.000	227.000	1492.055	704.351	706.448	708.414	9,	708.779,	nan	nan	9.000	711.427	81.750	122.320	44.670	149.620	1.108	1.966	2.527	
13	2.000	2.000	228.000	1492.055	713.967	716.213	717.846	8,	717.984,	nan	nan	8.000	720.864	54.640	122.320	66.830	223.870	1.257	1.633	3.151	
13	2.000	2.000	229.000	1492.055	724.029	725.860	727.242	9,	727.343,	nan	nan	9.000	730.259	66.830	122.320	54.640	149.620	0.842	1.383	3.350	
13	2.000	2.000	230.000	1492.055	733.624	736.106	737.700	8,9,	737.834,738.566,	nan	nan	9.000	740.718	66.830	183.020	54.640	223.870	1.494	1.595	3.929	
13	2.000	2.000	231.000	1492.055	744.661	747.182	749.095	8,	749.499,	nan	nan	8.000	752.108	44.670	223.870	81.750	149.620	1.532	1.913	2.199	
13	2.000	2.000	232.000	1492.055	754.322	756.365	757.636	9,	757.814,	nan	nan	9.000	760.649	81.750	122.320	66.830	223.870	1.055	1.272	3.891	
13	2.000	2.000	233.000	1492.055	764.554	766.654	767.332	9,	767.486,	nan	nan	9.000	770.344	81.750	149.620	54.640	223.870	1.113	0.678	2.727	
13	2.000	2.000	234.000	1492.055	773.087	775.378	776.534	9,	776.578,	nan	nan	9.000	779.546	66.830	122.320	44.670	183.020	1.305	1.156	3.498	
13	2.000	2.000	235.000	1492.055	783.059	785.295	786.744	8,	786.936,	nan	nan	8.000	789.757	54.640	122.320	81.750	122.320	1.248	1.450	3.093	
13	2.000	2.000	236.000	1492.055	792.864	795.153	796.438	8,	796.623,	nan	nan	8.000	799.457	44.670	149.620	81.750	122.320	1.301	1.286	3.061	
13	2.000	2.000	237.000	1492.055	802.532	804.970	806.917	9,	807.238,	nan	nan	9.000	809.936	81.750	223.870	44.670	149.620	1.450	1.947	3.460	
13	2.000	2.000	238.000	1492.055	813.408	815.626	817.235	9,	817.620,	nan	nan	9.000	820.253	81.750	122.320	54.640	149.620	1.228	1.609	2.553	
13	2.000	2.000	239.000	1492.055	822.819	824.540	825.141	9,	825.538,	nan	nan	9.000	828.154	54.640	223.870	66.830	149.620	0.732	0.601	3.698	
13	2.000	2.000	240.000	1492.055	831.866	834.169	835.059	9,	835.576,	nan	nan	9.000	838.076	66.830	223.870	81.750	183.020	1.315	0.891	3.910	
13	2.000	2.000	241.000	1492.055	842.005	844.935	846.838	8,	847.103,	nan	nan	8.000	849.857	44.670	183.020	66.830	122.320	1.947	1.904	3.048	
13	2.000	2.000	242.000	1492.055	852.921	854.629	855.872	9,	855.932,	nan	nan	9.000	858.884	81.750	183.020	44.670	149.620	0.722	1.243	2.096	
13	2.000	2.000	243.000	1492.055	860.996	863.824	865.602	8,	865.624,	nan	nan	8.000	868.614	54.640	223.870	81.750	122.320	1.841	1.778	2.572	
13	2.000	2.000	244.000	1492.055	871.199	873.041	873.801	8,	874.367,	nan	nan	8.000	876.814	44.670	183.020	66.830	149.620	0.852	0.760	3.100	
13	2.000	2.000	245.000	1492.055	879.928	882.192	883.999	8,	884.349,	nan	nan	8.000	887.016	44.670	223.870	81.750	183.020	1.277	1.807	3.601	
13	2.000	2.000	246.000	1492.055	890.631	892.510	893.521	8,	894.307,	nan	nan	8.000	896.539	44.670	223.870	54.640	183.020	0.891	1.011	3.286	
13	2.000	2.000	247.000	1492.055	899.838	902.664	904.572	8,	904.877,	nan	nan	8.000	907.590	44.670	149.620	54.640	122.320	1.836	1.908	3.293	
13	2.000	2.000	248.000	1492.055	910.896	912.853	913.511	8,	913.876,	nan	nan	8.000	916.529	54.640	44.670	81.750	44.670	0.968	0.659	3.203	
13	2.000	2.000	249.000	1492.055	919.746	922.333	923.170	8,	923.586,	nan	nan	8.000	926.188	54.640	149.620	66.830	122.320	1.600	0.838	3.106	
13	2.000	2.000	250.000	1492.055	929.307	931.283	933.032	8,	933.098,	nan	nan	8.000	936.049	44.670	183.020	81.750	122.320	0.987	1.749	2.682	
13	2.000	2.000	251.000	1492.055	938.745	941.135	942.387	8,	942.572,	nan	nan	8.000	945.400	44.670	223.870	81.750	122.320	1.402	1.252	2.939	
13	2.000	2.000	252.000	1492.055	948.352	950.005	950.693	8,9,8,9,	951.068,951.505,952.267,952.569,	nan	nan	9.000	953.704	66.830	122.320	54.640	223.870	0.664	0.688	3.768	
13	2.000	2.000	253.000	1492.055	957.490	959.930	961.785	8,	962.067,	nan	nan	8.000	964.805	44.670	223.870	66.830	183.020	1.455	1.855	2.617	
13	2.000	2.000	254.000	1492.055	967.438	970.043	970.615	9,	970.973,	nan	nan	9.000	973.628	66.830	149.620	81.750	122.320	1.619	0.572	3.260	
13	2.000	2.000	255.000	1492.055	976.902	978.666	979.749	9,	979.821,	nan	nan	9.000	982.767	54.640	223.870	66.830	183.020	0.775	1.084	2.219	
13	2.000	2.000	256.000	1492.055	985.002	987.370	988.589	8,	988.762,	nan	nan	8.000	991.601	44.670	183.020	54.640	149.620	1.383	1.219	3.196	
13	2.000	2.000	257.000	1492.055	994.816	997.568	998.545	9,	998.623,	nan	nan	9.000	1001.563	66.830	122.320	44.670	223.870	1.768	0.977	2.212	
13	2.000	2.000	258.000	1492.055	1003.800	1006.015	1007.629	8,	1007.787,	nan	nan	8.000	1010.642	54.640	183.020	66.830	149.620	1.238	1.614	3.055	
13	2.000	2.000	259.000	1492.055	1013.714	1016.501	1017.252	8,	1017.621,	nan	nan	8.000	1020.265	54.640	223.870	81.750	183.020	1.802	0.751	3.170	
13	2.000	2.000	260.000	1492.055	1023.449	1025.265	1026.889	8,	1027.006,	nan	nan	8.000	1029.902	44.670	149.620	66.830	122.320	0.828	1.624	3.473	
13	2.000	2.000	261.000	1492.055	1033.388	1035.562	1036.544	8,	1036.669,	nan	nan	8.000	1039.557	149.620	44.670	183.020	44.670	1.185	0.982	3.453	
13	2.000	2.000	262.000	1492.055	1043.024	1045.535	1046.227	8,8,	1046.735,1047.100,	nan	nan	8.000	1049.240	44.670	183.020	54.640	122.320	1.523	0.693	2.701	
13	2.000	2.000	263.000	1492.055	1051.954	1054.176	1056.036	9,	1056.093,	nan	nan	9.000	1059.050	81.750	183.020	54.640	149.620	1.233	1.860	2.971	
13	2.000	2.000	264.000	1492.055	1062.035	1063.817	1065.735	9,	1065.909,	nan	nan	9.000	1068.752	66.830	183.020	81.750	149.620	0.794	1.918	3.280	
13	2.000	2.000	265.000	1492.055	1072.056	1074.918	1076.518	9,	1076.743,	nan	nan	9.000	1079.531	81.750	183.020	66.830	122.320	1.884	1.600	2.534	
13	2.000	2.000	266.000	1492.055	1082.079	1083.649	1084.370	9,8,	1084.673,1085.433,	nan	nan	8.000	1087.383	54.640	223.870	81.750	149.620	0.582	0.722	2.868	
13	2.000	2.000	267.000	1492.055	1090.263	1092.761	1094.158	8,9,	1094.321,1094.690,	nan	nan	9.000	1097.170	44.670	223.870	54.640	122.320	1.508	1.397	3.183	
13	2.000	2.000	268.000	1492.055	1100.366	1102.256	1103.725	9,	1104.064,	nan	nan	9.000	1106.743	66.830	223.870	81.750	122.320	0.900	1.469	3.614	
13	2.000	2.000	269.000	1492.055	1110.370	1112.308	1113.454	9,	1113.550,	nan	nan	9.000	1116.473	44.670	223.870	54.640	149.620	0.949	1.146	3.254	
13	2.000	2.000	270.000	1492.055	1119.740	1121.813	1123.528	9,	1123.590,	nan	nan	9.000	1126.546	44.670	223.870	66.830	149.620	1.084	1.715	2.707	
13	2.000	2.000	271.000	1492.055	1129.276	1131.334	1132.736	9,8,	1133.114,1134.130,	nan	nan	8.000	1135.749	66.830	122.320	54.640	183.020	1.079	1.402	2.437	
13	2.000	2.000	272.000	1492.055	1138.200	1140.653	1142.084	8,	1142.614,	nan	nan	8.000	1145.097	54.640	183.020	81.750	122.320	1.465	1.431	2.141	
13	2.000	2.000	273.000	1492.055	1147.252	1149.378	1151.078	9,	1151.122,	nan	nan	9.000	1154.091	66.830	223.870	81.750	149.620	1.137	1.701	2.135	
13	2.000	2.000	274.000	1492.055	1156.243	1158.919	1160.509	8,	1160.620,	nan	nan	8.000	1163.521	149.620	223.870	183.020	223.870	1.691	1.590	3.582	
13	2.000	2.000	275.000	1492.055	1167.117	1169.479	1171.319	8,	1171.397,	nan	nan	8.000	1174.332	54.640	122.320	66.830	149.620	1.373	1.841	2.315	
13	2.000	2.000	276.000	1492.055	1176.660	1178.265	1179.985	8,	1180.021,	nan	nan	8.000	1182.999	66.830	149.620	81.750	223.870	0.616	1.720	4.000	
13	2.000	2.000	277.000	1492.055	1187.013	1188.631	1190.023	8,	1190.268,	nan	nan	8.000	1193.041	54.640	149.620	81.750	122.320	0.630	1.392	3.010	
13	2.000	2.000	278.000	1492.055	1196.069	1197.872	1198.424	8,	1198.576,	nan	nan	8.000	1201.442	44.670	122.320	66.830	183.020	0.818	0.553	2.367	
13	2.000	2.000	279.000	1492.055	1203.822	1206.280	1207.132	8,	1207.229,	nan	nan	8.000	1210.144	44.670	122.320	66.830	149.620	1.469	0.852	2.862	
13	2.000	2.000	280.000	1492.055	1213.019	1214.648	1215.423	8,	1215.454,	nan	nan	8.000	1218.435	66.830	122.320	81.750	183.020	0.640	0.775	2.257	
13	2.000	2.000	281.000	1492.055	1220.705	1222.383	1223.948	8,	1224.002,	nan	nan	8.000	1226.960	44.670	223.870	66.830	122.320	0.688	1.566	3.087	
13	2.000	2.000	282.000	1492.055	1230.062	1232.447	1233.978	8,	1234.028,	nan	nan	8.000	1236.995	44.670	149.620	66.830	183.020	1.397	1.532	2.605	
13	2.000	2.000	283.000	1492.055	1239.613	1242.245	1243.753	8,	1244.025,	nan	nan	8.000	1246.767	54.640	183.020	81.750	223.870	1.643	1.508	3.801	
13	2.000	2.000	284.000	1492.055	1250.584	1253.333	1255.198	8,	1255.632,	nan	nan	8.000	1258.216	66.830	122.320	81.750	223.870	1.764	1.865	3.576	
13	2.000	2.000	285.000	1492.055	1261.806	1263.323	1264.691	8,	1264.779,	nan	nan	8.000	1267.711	54.640	149.620	81.750	183.020	0.529	1.368	3.794	
13	2.000	2.000	286.000	1492.055	1271.519	1274.362	1275.465	8,	1275.978,	nan	nan	8.000	1278.477	44.670	149.620	81.750	223.870	1.855	1.103	3.267	
13	2.000	2.000	287.000	1492.055	1281.759	1284.476	1286.119	8,	1286.141,	nan	nan	8.000	1289.132	54.640	223.870	66.830	223.870	1.730	1.643	3.357	
13	2.000	2.000	288.000	1492.055	1292.503	1294.754	1296.430	8,	1296.751,	nan	nan	8.000	1299.449	66.830	183.020	81.750	223.870	1.262	1.677	3.408	
13	2.000	2.000	289.000	1492.055	1302.871	1304.909	1305.640	8,	1306.067,	nan	nan	8.000	1308.658	44.670	122.320	81.750	183.020	1.050	0.732	2.990	
13	2.000	2.000	290.000	1492.055	1311.662	1314.231	1314.827	8,	1315.072,	nan	nan	8.000	1317.844	54.640	122.320	81.750	223.870	1.580	0.596	2.161	
13	2.000	2.000	291.000	1492.055	1320.020	1321.584	1323.386	8,8,	1323.408,1323.754,	nan	nan	8.000	1326.399	44.670	149.620	54.640	183.020	0.577	1.802	2.418	
13	2.000	2.000	292.000	1492.055	1328.831	1330.324	1331.523	8,	1331.787,	nan	nan	8.000	1334.537	54.640	122.320	81.750	183.020	0.505	1.199	3.987	
13	2.000	2.000	293.000	1492.055	1338.538	1340.914	1342.851	8,	1343.215,	nan	nan	8.000	1345.863	54.640	149.620	66.830	223.870	1.387	1.937	2.405	
13	2.000	2.000	294.000	1492.055	1348.282	1350.813	1352.571	8,	1352.749,	nan	nan	8.000	1355.584	44.670	183.020	66.830	223.870	1.542	1.759	2.289	
13	2.000	2.000	295.000	1492.055	1357.888	1360.427	1361.048	8,	1361.307,	nan	nan	8.000	1364.060	44.670	149.620	66.830	223.870	1.551	0.621	3.273	
13	2.000	2.000	296.000	1492.055	1367.348	1369.014	1370.999	8,	1371.163,	nan	nan	8.000	1374.019	54.640	183.020	66.830	122.320	0.678	1.986	2.566	
13	2.000	2.000	297.000	1492.055	1376.600	1378.357	1379.850	8,	1380.243,	nan	nan	8.000	1382.862	54.640	149.620	66.830	183.020	0.770	1.494	2.952	
13	2.000	2.000	298.000	1492.055	1385.828	1388.228	1389.957	8,	1390.109,	nan	nan	8.000	1392.975	44.670	122.320	81.750	149.620	1.412	1.730	2.791	
13	2.000	2.000	299.000	1492.055	1395.778	1397.924	1399.793	8,	1399.872,	nan	nan	8.000	1402.806	44.670	183.020	54.640	223.870	1.156	1.870	3.756	
13	2.000	2.000	300.000	1492.055	1406.575	1408.874	1410.599	8,	1410.642,	nan	nan	8.000	1413.618	54.640	81.750	66.830	81.750	1.310	1.725	3.871	
13	2.000	2.000	301.000	1492.055	1417.502	1420.115	1421.140	8,	1421.464,	nan	nan	8.000	1424.159	66.830	149.620	81.750	183.020	1.624	1.026	2.392	
13	2.000	2.000	302.000	1492.055	1426.564	1428.892	1430.309	8,	1430.502,	nan	nan	8.000	1433.321	44.670	183.020	81.750	223.870	1.339	1.416	2.379	
13	2.000	2.000	303.000	1492.055	1435.714	1438.028	1439.265	8,9,	1439.373,1439.880,	nan	nan	9.000	1442.282	54.640	223.870	66.830	122.320	1.325	1.238	3.595	
13	2.000	2.000	304.000	1492.055	1445.892	1447.804	1449.461	8,	1449.791,	nan	nan	8.000	1452.478	44.670	122.320	54.640	183.020	0.924	1.658	3.177	
13	2.000	2.000	305.000	1492.055	1455.674	1457.383	1459.277	8,	1459.441,	nan	nan	8.000	1462.291	44.670	122.320	54.640	223.870	0.727	1.894	3.672	
13	2.000	2.000	306.000	1492.055	1465.979	1468.386	1469.498	8,8,	1469.645,1470.065,	nan	nan	8.000	1472.516	44.670	122.320	81.750	223.870	1.421	1.113	2.444	
13	2.000	2.000	307.000	1492.055	1474.973	1477.166	1478.399	8,	1478.707,	nan	nan	8.000	1481.411	44.670	122.320	54.640	149.620	1.204	1.233	3.833	
13	2.000	2.000	308.000	1492.055	1485.260	1488.222	1489.262	8,	1489.358,	nan	nan	8.000	1492.280	44.670	149.620	81.750	183.020	1.976	1.040	3.569	
13	2.000	2.000	309.000	1492.055	1495.863	1497.756	1498.295	8,	1498.862,	nan	nan	8.000	1501.307	66.830	122.320	81.750	149.620	0.905	0.539	3.209	
13	2.000	2.000	310.000	1492.055	1504.530	1506.448	1507.613	8,	1508.455,	nan	nan	8.000	1510.631	44.670	149.620	54.640	223.870	0.929	1.166	2.675	
13	2.000	2.000	311.000	1492.055	1513.321	1515.262	1516.133	8,	1516.210,	nan	nan	8.000	1519.146	54.640	149.620	81.750	223.870	0.953	0.871	3.016	
13	2.000	2.000	312.000	1492.055	1522.179	1524.942	1526.257	8,	1526.429,	nan	nan	8.000	1529.276	54.640	183.020	66.830	223.870	1.778	1.315	3.743	
