subjID	session	Block	trialCount	earnings	Gam1Onset	Gam2Onset	FBOnset	KPs	RT	KPlate	RTlate	KP_Final	SLOnset	Gam1_1	Gam1_2	Gam2_1	Gam2_2	jit1	jit2	jit3	
15	2.000	1.000	1.000	544.886	80.860	83.343	83.997	8,	84.522,	nan	nan	8.000	87.012	183.020	66.830	223.870	66.830	1.484	0.654	2.797	
15	2.000	1.000	2.000	544.886	89.821	92.300	93.205	9,	93.263,	nan	nan	9.000	96.217	81.750	223.870	54.640	122.320	1.489	0.905	3.698	
15	2.000	1.000	3.000	544.886	99.927	102.850	103.769	8,9,	104.107,104.602,	nan	nan	9.000	106.781	81.750	149.620	66.830	122.320	1.932	0.920	3.897	
15	2.000	1.000	4.000	544.886	110.689	113.430	115.150	9,	115.736,	nan	nan	9.000	118.163	66.830	223.870	44.670	149.620	1.749	1.720	2.309	
15	2.000	1.000	5.000	544.886	120.482	122.393	124.301	9,	124.486,	nan	nan	9.000	127.314	54.640	223.870	44.670	122.320	0.920	1.908	2.476	
15	2.000	1.000	6.000	544.886	129.801	132.016	132.554	9,	133.711,	nan	nan	9.000	135.572	81.750	223.870	54.640	149.620	1.223	0.539	2.585	
15	2.000	1.000	7.000	544.886	138.168	140.498	141.847	9,	142.381,	nan	nan	9.000	144.864	66.830	183.020	54.640	122.320	1.339	1.349	2.823	
15	2.000	1.000	8.000	544.886	147.698	150.424	151.266	9,	151.784,	nan	nan	9.000	154.279	81.750	223.870	66.830	122.320	1.735	0.842	4.000	
15	2.000	1.000	9.000	544.886	158.291	160.587	161.386	9,	162.241,	nan	nan	9.000	164.403	81.750	183.020	66.830	149.620	1.305	0.799	3.704	
15	2.000	1.000	10.000	544.886	168.118	170.443	171.652	8,	172.295,	nan	nan	8.000	174.669	81.750	149.620	44.670	223.870	1.334	1.209	3.357	
15	2.000	1.000	11.000	544.886	178.037	179.595	181.224	9,	181.483,	nan	nan	9.000	184.242	54.640	183.020	44.670	149.620	0.568	1.629	2.862	
15	2.000	1.000	12.000	544.886	187.114	189.691	191.464	8,8,	191.985,192.281,	nan	nan	8.000	194.481	81.750	149.620	54.640	183.020	1.585	1.773	2.662	
15	2.000	1.000	13.000	544.886	197.154	198.650	199.671	9,	200.094,	nan	nan	9.000	202.683	81.750	223.870	44.670	183.020	0.505	1.021	3.087	
15	2.000	1.000	14.000	544.886	205.780	208.193	208.837	8,	209.419,	nan	nan	8.000	211.855	183.020	149.620	223.870	149.620	1.421	0.645	2.547	
15	2.000	1.000	15.000	544.886	214.412	216.236	217.918	9,	218.114,	nan	nan	9.000	220.930	66.830	223.870	54.640	122.320	0.833	1.682	2.006	
15	2.000	1.000	16.000	544.886	222.947	225.543	226.139	9,	227.370,	nan	nan	9.000	229.152	54.640	183.020	44.670	122.320	1.605	0.596	3.968	
15	2.000	1.000	17.000	544.886	233.132	235.712	237.408	8,	237.496,	nan	nan	8.000	240.420	66.830	183.020	54.640	149.620	1.590	1.696	3.248	
15	2.000	1.000	18.000	544.886	243.679	246.385	248.187	9,	248.581,	nan	nan	9.000	251.205	66.830	223.870	54.640	149.620	1.715	1.802	2.212	
15	2.000	1.000	19.000	544.886	253.427	256.082	256.851	9,9,	258.179,258.736,	9.000	259.865	9.000	259.865	81.750	149.620	44.670	183.020	1.662	0.770	3.730	
15	2.000	1.000	20.000	544.886	263.606	265.666	266.363	9,	266.980,	nan	nan	9.000	269.382	81.750	223.870	66.830	149.620	1.069	0.698	3.614	
15	2.000	1.000	21.000	544.886	273.007	275.646	277.453	9,	277.483,	nan	nan	9.000	280.466	81.750	183.020	44.670	122.320	1.648	1.807	3.113	
15	2.000	1.000	22.000	544.886	283.590	286.460	287.871	8,	288.586,	nan	nan	8.000	290.888	66.830	149.620	54.640	122.320	1.879	1.412	2.559	
15	2.000	1.000	23.000	544.886	293.458	295.162	296.235	9,	296.582,	nan	nan	9.000	299.253	81.750	223.870	66.830	183.020	0.712	1.074	2.965	
15	2.000	1.000	24.000	544.886	302.228	304.578	305.719	8,	307.142,	nan	nan	8.000	308.735	81.750	122.320	66.830	183.020	1.359	1.141	3.003	
15	2.000	1.000	25.000	544.886	311.750	313.386	314.729	9,	314.780,	nan	nan	9.000	317.747	54.640	223.870	44.670	183.020	0.645	1.344	2.116	
15	2.000	1.000	26.000	544.886	319.874	321.640	323.273	9,	324.183,	nan	nan	9.000	326.285	66.830	183.020	44.670	122.320	0.775	1.633	3.421	
15	2.000	1.000	27.000	544.886	329.718	331.961	332.572	8,9,	333.504,334.325,	8.000	335.589	9.000	335.589	66.830	223.870	81.750	223.870	1.252	0.611	2.579	
15	2.000	1.000	28.000	544.886	338.179	340.577	341.390	9,	342.082,	nan	nan	9.000	344.408	81.750	183.020	54.640	122.320	1.407	0.814	2.521	
15	2.000	1.000	29.000	544.886	346.940	349.179	350.648	9,	350.906,	nan	nan	9.000	353.661	81.750	149.620	44.670	122.320	1.248	1.469	2.064	
15	2.000	1.000	30.000	544.886	355.736	357.454	359.208	9,	359.608,	nan	nan	9.000	362.220	66.830	149.620	44.670	122.320	0.727	1.754	3.543	
15	2.000	1.000	31.000	544.886	365.774	367.434	368.923	9,	369.855,	nan	nan	9.000	371.941	66.830	183.020	44.670	149.620	0.669	1.489	3.222	
15	2.000	1.000	32.000	544.886	375.174	377.244	378.313	nan	nan	9.000	381.350	nan	nan	66.830	223.870	54.640	183.020	1.079	1.069	2.379	
15	2.000	1.000	33.000	544.886	383.740	385.328	387.096	9,9,9,	387.116,387.448,387.710,	nan	nan	9.000	390.109	54.640	149.620	44.670	122.320	0.596	1.768	3.196	
15	2.000	1.000	34.000	544.886	393.317	394.870	396.865	9,9,9,	397.149,398.113,398.429,	nan	nan	9.000	399.882	66.830	223.870	44.670	122.320	0.563	1.995	3.286	
15	2.000	1.000	35.000	544.886	403.179	405.230	406.747	9,	407.023,	nan	nan	9.000	409.760	54.640	223.870	44.670	149.620	1.059	1.518	2.463	
15	2.000	1.000	36.000	544.886	412.235	413.769	415.190	9,	416.635,	nan	nan	9.000	418.202	81.750	223.870	54.640	183.020	0.543	1.421	2.367	
15	2.000	1.000	37.000	544.886	420.580	422.399	423.998	9,	424.241,	nan	nan	9.000	427.010	81.750	223.870	44.670	122.320	0.828	1.600	3.363	
15	2.000	1.000	38.000	544.886	430.385	433.067	434.845	9,	435.208,	nan	nan	9.000	437.864	66.830	223.870	44.670	183.020	1.691	1.778	3.595	
15	2.000	1.000	39.000	544.886	441.470	443.347	443.986	9,	444.663,	nan	nan	9.000	447.003	81.750	149.620	54.640	122.320	0.886	0.640	2.283	
15	2.000	1.000	40.000	544.886	449.298	452.206	452.836	8,	453.466,	nan	nan	8.000	455.849	66.830	44.670	81.750	44.670	1.918	0.630	2.360	
15	2.000	1.000	41.000	544.886	458.220	460.184	460.867	8,	462.175,	nan	nan	8.000	463.880	81.750	183.020	66.830	223.870	0.973	0.683	2.553	
15	2.000	1.000	42.000	544.886	466.444	469.194	470.065	9,	470.472,	nan	nan	9.000	473.082	81.750	183.020	44.670	223.870	1.759	0.871	3.273	
15	2.000	1.000	43.000	544.886	476.367	477.935	479.891	8,	480.694,	nan	nan	8.000	482.909	81.750	149.620	66.830	223.870	0.577	1.957	3.035	
15	2.000	1.000	44.000	544.886	485.957	487.567	488.303	9,	489.869,	nan	nan	9.000	491.315	66.830	122.320	44.670	183.020	0.621	0.736	3.383	
15	2.000	1.000	45.000	544.886	494.709	496.958	497.785	8,	498.989,	nan	nan	8.000	500.797	66.830	149.620	44.670	223.870	1.257	0.828	2.032	
15	2.000	1.000	46.000	544.886	502.840	505.195	506.230	8,	506.995,	nan	nan	8.000	509.243	66.830	122.320	54.640	149.620	1.363	1.035	2.225	
15	2.000	1.000	47.000	544.886	511.481	512.985	513.735	8,	514.874,	nan	nan	8.000	516.748	66.830	149.620	54.640	223.870	0.514	0.751	2.881	
15	2.000	1.000	48.000	544.886	519.640	522.593	524.414	8,9,	524.789,525.931,	nan	nan	9.000	527.427	66.830	183.020	44.670	223.870	1.961	1.822	3.209	
15	2.000	1.000	49.000	544.886	530.648	533.310	534.924	8,	535.077,	nan	nan	8.000	537.942	81.750	122.320	54.640	183.020	1.672	1.614	3.055	
15	2.000	1.000	50.000	544.886	541.008	543.150	545.092	8,	545.160,	nan	nan	8.000	548.105	54.640	122.320	44.670	223.870	1.151	1.942	2.887	
15	2.000	1.000	51.000	544.886	551.004	553.426	555.300	9,	555.447,	nan	nan	9.000	558.318	81.750	122.320	44.670	183.020	1.431	1.875	3.537	
15	2.000	1.000	52.000	544.886	561.868	564.187	565.078	8,	565.644,	9.000	568.095	8.000	568.095	81.750	149.620	66.830	183.020	1.330	0.891	3.633	
15	2.000	1.000	53.000	544.886	571.745	574.277	574.883	8,	575.292,	nan	nan	8.000	577.896	149.620	44.670	223.870	44.670	1.547	0.606	3.685	
15	2.000	1.000	54.000	544.886	581.592	584.424	586.163	8,	586.281,	nan	nan	8.000	589.181	66.830	183.020	54.640	223.870	1.841	1.740	3.961	
15	2.000	1.000	55.000	544.886	593.156	595.093	595.655	8,	596.946,	nan	nan	8.000	598.668	44.670	183.020	81.750	149.620	0.949	0.563	3.061	
15	2.000	1.000	56.000	544.886	601.741	604.235	605.409	9,	605.818,	8.000	608.422	9.000	608.422	66.830	122.320	44.670	149.620	1.503	1.175	2.842	
15	2.000	1.000	57.000	544.886	611.277	613.944	614.617	8,	615.718,	nan	nan	8.000	617.629	44.670	223.870	81.750	149.620	1.677	0.674	2.875	
15	2.000	1.000	58.000	544.886	620.517	622.411	624.315	8,8,	624.368,624.687,	nan	nan	8.000	627.328	81.750	122.320	66.830	223.870	0.905	1.904	3.016	
15	2.000	1.000	59.000	544.886	630.356	632.039	632.698	8,	633.548,	9.000	635.715	8.000	635.715	81.750	183.020	54.640	223.870	0.693	0.659	2.289	
15	2.000	1.000	60.000	544.886	638.016	640.785	641.887	8,	642.676,	nan	nan	8.000	644.899	54.640	122.320	66.830	223.870	1.778	1.103	2.772	
15	2.000	1.000	61.000	544.886	647.684	649.371	650.980	8,9,	651.209,651.571,	nan	nan	9.000	653.992	66.830	149.620	44.670	183.020	0.698	1.609	2.836	
15	2.000	1.000	62.000	544.886	656.842	658.712	660.094	8,	660.277,	nan	nan	8.000	663.107	54.640	122.320	66.830	183.020	0.881	1.383	3.170	
15	2.000	1.000	63.000	544.886	666.289	668.083	669.996	8,	670.405,	nan	nan	8.000	673.008	54.640	122.320	44.670	183.020	0.804	1.913	3.820	
15	2.000	1.000	64.000	544.886	676.842	678.514	680.403	8,	680.657,	nan	nan	8.000	683.420	54.640	122.320	81.750	149.620	0.683	1.889	3.106	
15	2.000	1.000	65.000	544.886	686.541	688.289	690.274	8,	690.385,	nan	nan	8.000	693.287	44.670	122.320	66.830	223.870	0.760	1.986	3.138	
15	2.000	1.000	66.000	544.886	696.437	699.129	699.855	8,	700.338,	nan	nan	8.000	702.867	149.620	183.020	223.870	183.020	1.701	0.727	2.502	
15	2.000	1.000	67.000	544.886	705.380	707.913	709.233	9,	709.570,	nan	nan	9.000	712.250	81.750	122.320	44.670	149.620	1.542	1.320	2.180	
15	2.000	1.000	68.000	544.886	714.442	717.264	718.776	9,	720.302,	nan	nan	9.000	721.790	54.640	122.320	44.670	149.620	1.831	1.513	3.762	
15	2.000	1.000	69.000	544.886	725.567	727.561	728.128	9,9,9,	729.239,729.699,730.076,	nan	nan	9.000	731.145	66.830	183.020	81.750	122.320	1.006	0.568	2.013	
15	2.000	1.000	70.000	544.886	733.173	734.863	736.318	8,	736.904,	nan	nan	8.000	739.335	54.640	149.620	44.670	223.870	0.703	1.455	2.688	
15	2.000	1.000	71.000	544.886	742.036	744.813	746.345	9,	746.791,	nan	nan	9.000	749.362	54.640	149.620	44.670	183.020	1.788	1.532	2.219	
15	2.000	1.000	72.000	544.886	751.592	753.681	755.053	8,9,	755.348,756.484,	nan	nan	9.000	758.066	81.750	122.320	66.830	149.620	1.098	1.373	2.785	
15	2.000	1.000	73.000	544.886	760.862	763.804	765.423	8,	765.706,	nan	nan	8.000	768.435	66.830	149.620	54.640	183.020	1.952	1.619	2.167	
15	2.000	1.000	74.000	544.886	770.614	772.244	774.167	8,	774.571,	9.000	777.180	8.000	777.180	81.750	149.620	54.640	223.870	0.640	1.923	3.531	
15	2.000	1.000	75.000	544.886	780.725	782.999	783.759	8,9,8,	784.163,785.284,785.683,	nan	nan	8.000	786.776	81.750	122.320	54.640	223.870	1.286	0.760	2.997	
15	2.000	1.000	76.000	544.886	789.785	792.520	793.232	8,9,	794.133,794.705,	nan	nan	9.000	796.244	54.640	183.020	44.670	223.870	1.744	0.712	3.023	
15	2.000	1.000	77.000	544.886	799.279	801.646	803.622	9,8,	803.956,805.508,	nan	nan	8.000	806.638	54.640	183.020	81.750	149.620	1.378	1.976	2.624	
15	2.000	1.000	78.000	544.886	809.276	811.994	813.304	9,	814.470,	nan	nan	9.000	816.316	81.750	122.320	44.670	223.870	1.730	1.310	2.071	
15	2.000	1.000	79.000	544.886	818.398	820.044	820.760	8,	821.448,	nan	nan	8.000	823.773	54.640	183.020	81.750	183.020	0.654	0.717	2.244	
15	2.000	1.000	80.000	544.886	826.031	828.340	829.129	8,9,	829.751,830.948,	nan	nan	9.000	832.141	54.640	223.870	81.750	149.620	1.320	0.789	3.576	
15	2.000	1.000	81.000	544.886	835.741	838.270	839.493	8,	840.554,	nan	nan	8.000	842.506	66.830	149.620	81.750	122.320	1.551	1.223	2.945	
15	2.000	1.000	82.000	544.886	845.463	848.449	848.977	8,9,8,	850.053,850.502,850.866,	9.000	851.990	8.000	851.990	44.670	223.870	54.640	122.320	1.995	0.529	2.527	
15	2.000	1.000	83.000	544.886	854.536	857.051	858.998	9,9,	859.169,859.376,	nan	nan	9.000	862.017	81.750	223.870	44.670	149.620	1.532	1.947	3.350	
15	2.000	1.000	84.000	544.886	865.380	868.138	869.785	8,	870.209,	nan	nan	8.000	872.803	44.670	149.620	66.830	122.320	1.768	1.648	2.752	
15	2.000	1.000	85.000	544.886	875.568	878.095	879.434	9,	879.585,	nan	nan	9.000	882.446	54.640	223.870	81.750	122.320	1.537	1.339	3.736	
15	2.000	1.000	86.000	544.886	886.195	887.974	889.376	9,	890.043,	8.000	892.393	9.000	892.393	44.670	149.620	81.750	122.320	0.789	1.402	2.971	
15	2.000	1.000	87.000	544.886	895.377	897.532	898.418	8,	898.903,	nan	nan	8.000	901.434	66.830	223.870	81.750	183.020	1.166	0.886	3.621	
15	2.000	1.000	88.000	544.886	905.067	907.691	908.224	8,	908.913,	nan	nan	8.000	911.241	66.830	122.320	54.640	183.020	1.633	0.534	2.277	
15	2.000	1.000	89.000	544.886	913.530	915.609	916.697	8,	918.255,	nan	nan	8.000	919.709	44.670	183.020	66.830	149.620	1.088	1.088	2.958	
15	2.000	1.000	90.000	544.886	922.678	924.468	925.262	8,	926.606,	nan	nan	8.000	928.279	44.670	183.020	81.750	122.320	0.799	0.794	2.791	
15	2.000	1.000	91.000	544.886	931.084	933.870	935.204	9,	936.137,	8.000	938.217	9.000	938.217	54.640	183.020	81.750	122.320	1.797	1.334	3.466	
15	2.000	1.000	92.000	544.886	941.697	943.904	945.768	8,8,8,	945.955,946.210,946.458,	nan	nan	8.000	948.786	54.640	44.670	81.750	44.670	1.219	1.865	2.418	
15	2.000	1.000	93.000	544.886	951.221	952.813	954.094	9,	954.963,	nan	nan	9.000	957.106	44.670	223.870	66.830	149.620	0.606	1.281	3.910	
15	2.000	1.000	94.000	544.886	961.029	963.059	964.084	8,8,	964.852,965.246,	9.000	967.102	8.000	967.102	44.670	183.020	66.830	122.320	1.040	1.026	3.158	
15	2.000	1.000	95.000	544.886	970.275	972.345	973.120	8,	973.808,	nan	nan	8.000	976.136	54.640	223.870	81.750	183.020	1.084	0.775	3.865	
15	2.000	1.000	96.000	544.886	980.014	982.728	984.699	9,	984.737,	nan	nan	9.000	987.716	44.670	149.620	54.640	122.320	1.725	1.971	2.495	
15	2.000	1.000	97.000	544.886	990.225	992.606	993.482	9,	994.677,	nan	nan	9.000	996.494	44.670	223.870	54.640	149.620	1.392	0.876	2.019	
15	2.000	1.000	98.000	544.886	998.525	1001.404	1002.227	9,8,9,8,	1002.309,1002.992,1003.442,1003.690,	nan	nan	8.000	1005.240	81.750	122.320	54.640	149.620	1.889	0.823	2.457	
15	2.000	1.000	99.000	544.886	1007.709	1010.144	1011.314	8,	1012.033,	nan	nan	8.000	1014.327	66.830	122.320	54.640	223.870	1.445	1.170	2.251	
15	2.000	1.000	100.000	544.886	1016.595	1018.446	1019.944	8,9,	1020.163,1020.618,	nan	nan	9.000	1022.957	44.670	223.870	81.750	122.320	0.867	1.498	3.588	
15	2.000	1.000	101.000	544.886	1026.560	1028.613	1029.551	9,	1029.929,	nan	nan	9.000	1032.568	66.830	223.870	81.750	149.620	1.064	0.939	2.334	
15	2.000	1.000	102.000	544.886	1034.917	1036.685	1037.850	9,	1038.509,	nan	nan	9.000	1040.862	44.670	223.870	66.830	183.020	0.780	1.166	3.190	
15	2.000	1.000	103.000	544.886	1044.064	1046.244	1047.747	9,	1048.846,	nan	nan	9.000	1050.765	54.640	149.620	66.830	122.320	1.190	1.503	3.042	
15	2.000	1.000	104.000	544.886	1053.822	1056.037	1056.937	9,	1057.403,	nan	nan	9.000	1059.954	54.640	183.020	66.830	149.620	1.228	0.900	3.942	
15	2.000	1.000	105.000	544.886	1063.908	1065.615	1067.156	8,	1067.547,	nan	nan	8.000	1070.174	149.620	44.670	183.020	44.670	0.717	1.542	3.749	
15	2.000	1.000	106.000	544.886	1073.937	1076.033	1077.280	9,	1078.011,	nan	nan	9.000	1080.298	44.670	223.870	54.640	183.020	1.108	1.248	2.617	
15	2.000	1.000	107.000	544.886	1082.927	1085.691	1086.880	8,	1087.804,	nan	nan	8.000	1089.893	66.830	122.320	44.670	223.870	1.773	1.190	3.235	
15	2.000	1.000	108.000	544.886	1093.147	1094.938	1095.641	9,	1096.930,	nan	nan	9.000	1098.657	81.750	183.020	44.670	149.620	0.809	0.703	3.395	
15	2.000	1.000	109.000	544.886	1102.068	1103.893	1104.561	9,	1105.159,	nan	nan	9.000	1107.577	81.750	183.020	66.830	122.320	0.838	0.669	2.701	
15	2.000	1.000	110.000	544.886	1110.291	1113.175	1114.185	9,	1115.060,	nan	nan	9.000	1117.197	44.670	183.020	54.640	122.320	1.894	1.011	2.637	
15	2.000	1.000	111.000	544.886	1119.849	1121.346	1122.940	9,	1123.465,	nan	nan	9.000	1125.953	54.640	223.870	66.830	149.620	0.510	1.595	2.675	
15	2.000	1.000	112.000	544.886	1128.643	1130.289	1130.871	8,	1132.022,	nan	nan	8.000	1133.884	54.640	223.870	66.830	183.020	0.659	0.582	3.293	
15	2.000	1.000	113.000	544.886	1137.189	1140.053	1140.644	9,	1142.527,	9.000	1143.661	9.000	1143.661	66.830	183.020	81.750	149.620	1.875	0.592	3.524	
15	2.000	1.000	114.000	544.886	1147.198	1149.261	1150.398	8,	1150.522,	nan	nan	8.000	1153.414	44.670	223.870	81.750	183.020	1.074	1.137	3.640	
15	2.000	1.000	115.000	544.886	1157.069	1159.454	1161.251	8,	1162.011,	nan	nan	8.000	1164.268	44.670	183.020	54.640	149.620	1.397	1.797	3.093	
15	2.000	1.000	116.000	544.886	1167.374	1169.129	1170.082	8,9,	1170.469,1171.539,	nan	nan	9.000	1173.099	66.830	223.870	81.750	122.320	0.765	0.953	2.855	
15	2.000	1.000	117.000	544.886	1175.966	1178.884	1180.739	9,	1181.194,	nan	nan	9.000	1183.756	81.750	183.020	54.640	149.620	1.928	1.855	2.328	
15	2.000	1.000	118.000	544.886	1186.102	1188.088	1188.954	8,8,8,8,8,	1189.016,1189.435,1189.826,1190.193,1190.496,	nan	nan	8.000	1191.965	149.620	223.870	183.020	223.870	1.002	0.867	2.347	
15	2.000	1.000	119.000	544.886	1194.326	1196.350	1197.168	8,8,	1198.282,1198.575,	nan	nan	8.000	1200.181	66.830	122.320	81.750	223.870	1.035	0.818	2.129	
15	2.000	1.000	120.000	544.886	1202.322	1205.225	1206.902	8,	1207.161,	nan	nan	8.000	1209.914	54.640	122.320	81.750	183.020	1.913	1.677	3.164	
15	2.000	1.000	121.000	544.886	1213.089	1215.318	1216.464	8,	1216.795,	nan	nan	8.000	1219.476	66.830	183.020	81.750	223.870	1.238	1.146	2.765	
15	2.000	1.000	122.000	544.886	1222.255	1224.086	1225.492	8,	1225.671,	nan	nan	8.000	1228.509	44.670	149.620	54.640	183.020	0.842	1.407	3.826	
15	2.000	1.000	123.000	544.886	1232.355	1234.070	1235.066	8,	1235.554,	nan	nan	8.000	1238.079	44.670	149.620	66.830	183.020	0.732	0.997	3.659	
15	2.000	1.000	124.000	544.886	1241.757	1243.491	1245.076	8,	1245.194,	nan	nan	8.000	1248.094	44.670	122.320	66.830	183.020	0.751	1.585	2.656	
15	2.000	1.000	125.000	544.886	1250.763	1253.458	1255.207	8,	1255.397,	nan	nan	8.000	1258.225	44.670	122.320	81.750	183.020	1.706	1.749	2.984	
15	2.000	1.000	126.000	544.886	1261.221	1264.177	1265.087	9,	1265.261,	nan	nan	9.000	1268.103	54.640	223.870	66.830	122.320	1.966	0.910	2.148	
15	2.000	1.000	127.000	544.886	1270.263	1272.771	1273.835	nan	nan	9.000	1276.865	nan	nan	54.640	183.020	66.830	122.320	1.518	1.064	2.450	
15	2.000	1.000	128.000	544.886	1279.331	1281.464	1282.677	8,	1282.955,	nan	nan	8.000	1285.690	54.640	183.020	66.830	223.870	1.146	1.214	3.775	
15	2.000	1.000	129.000	544.886	1289.477	1291.763	1293.179	9,	1293.894,	nan	nan	9.000	1296.196	44.670	223.870	66.830	122.320	1.296	1.416	3.955	
15	2.000	1.000	130.000	544.886	1300.197	1302.806	1304.690	9,8,	1304.956,1306.216,	nan	nan	8.000	1307.707	54.640	149.620	81.750	122.320	1.653	1.884	2.894	
15	2.000	1.000	131.000	544.886	1310.613	1312.238	1312.752	8,	1314.744,	nan	nan	8.000	1315.764	54.640	149.620	66.830	149.620	0.635	0.514	2.232	
15	2.000	1.000	132.000	544.886	1318.011	1319.527	1321.464	8,	1321.660,	nan	nan	8.000	1324.482	44.670	183.020	54.640	223.870	0.529	1.937	3.402	
15	2.000	1.000	133.000	544.886	1327.902	1330.356	1330.913	8,	1331.442,	nan	nan	8.000	1333.930	54.640	122.320	66.830	149.620	1.469	0.558	2.386	
15	2.000	1.000	134.000	544.886	1336.329	1338.663	1339.760	8,	1339.904,	nan	nan	8.000	1342.777	44.670	122.320	54.640	183.020	1.344	1.098	3.080	
15	2.000	1.000	135.000	544.886	1345.871	1347.755	1349.301	8,	1349.486,	nan	nan	8.000	1352.318	66.830	149.620	81.750	223.870	0.895	1.547	2.952	
15	2.000	1.000	136.000	544.886	1355.281	1356.883	1357.686	8,	1358.146,	nan	nan	8.000	1360.702	44.670	183.020	66.830	223.870	0.611	0.804	2.238	
15	2.000	1.000	137.000	544.886	1362.952	1365.629	1367.291	8,	1367.382,	nan	nan	8.000	1370.308	54.640	122.320	81.750	223.870	1.686	1.662	2.199	
15	2.000	1.000	138.000	544.886	1372.520	1374.265	1375.044	8,8,8,8,	1375.154,1375.526,1376.130,1376.439,	nan	nan	8.000	1378.057	44.670	149.620	66.830	223.870	0.756	0.780	2.643	
15	2.000	1.000	139.000	544.886	1380.712	1383.312	1385.123	8,	1385.375,	nan	nan	8.000	1388.136	44.670	122.320	66.830	149.620	1.609	1.812	3.563	
15	2.000	1.000	140.000	544.886	1391.712	1393.833	1394.950	8,8,	1395.104,1395.402,	nan	nan	8.000	1397.967	66.830	122.320	81.750	149.620	1.132	1.117	3.473	
15	2.000	1.000	141.000	544.886	1401.456	1403.651	1404.623	8,	1405.232,	nan	nan	8.000	1407.641	66.830	149.620	81.750	183.020	1.209	0.973	2.412	
15	2.000	1.000	142.000	544.886	1410.066	1412.678	1414.678	8,	1415.439,	nan	nan	8.000	1417.691	44.670	122.320	54.640	223.870	1.624	2.000	3.280	
15	2.000	1.000	143.000	544.886	1420.991	1423.274	1424.917	8,8,	1425.202,1425.472,	nan	nan	8.000	1427.934	54.640	149.620	81.750	223.870	1.301	1.643	2.727	
15	2.000	1.000	144.000	544.886	1430.676	1433.079	1433.666	8,8,	1434.763,1435.192,	nan	nan	8.000	1436.677	54.640	81.750	66.830	81.750	1.416	0.587	2.778	
15	2.000	1.000	145.000	544.886	1439.469	1441.194	1443.044	8,	1443.149,	nan	nan	8.000	1446.062	44.670	183.020	81.750	223.870	0.736	1.850	3.717	
15	2.000	1.000	146.000	544.886	1449.791	1452.309	1453.874	8,	1454.004,	nan	nan	8.000	1456.887	44.670	122.320	81.750	149.620	1.527	1.566	3.666	
15	2.000	1.000	147.000	544.886	1460.574	1462.937	1464.513	8,	1465.086,	nan	nan	8.000	1467.525	54.640	149.620	66.830	183.020	1.383	1.576	3.376	
15	2.000	1.000	148.000	544.886	1470.914	1472.881	1474.205	8,	1474.407,	nan	nan	8.000	1477.222	66.830	122.320	81.750	183.020	0.977	1.325	3.859	
15	2.000	1.000	149.000	544.886	1481.093	1482.853	1483.517	8,	1483.930,	nan	nan	8.000	1486.530	44.670	149.620	81.750	183.020	0.770	0.664	3.492	
15	2.000	1.000	150.000	544.886	1490.034	1492.522	1494.257	8,	1494.322,	nan	nan	8.000	1497.274	54.640	149.620	66.830	223.870	1.498	1.735	2.913	
15	2.000	1.000	151.000	544.886	1500.201	1503.045	1505.026	8,	1505.167,	nan	nan	8.000	1508.038	44.670	149.620	81.750	223.870	1.855	1.981	2.489	
15	2.000	1.000	152.000	544.886	1510.540	1513.500	1514.077	8,	1514.930,	nan	nan	8.000	1517.094	54.640	183.020	81.750	223.870	1.971	0.577	2.482	
15	2.000	1.000	153.000	544.886	1519.589	1522.415	1524.241	8,	1524.470,	nan	nan	8.000	1527.253	54.640	149.620	81.750	183.020	1.836	1.826	3.203	
15	2.000	1.000	154.000	544.886	1530.469	1532.136	1533.249	8,	1534.125,	nan	nan	8.000	1536.266	44.670	122.320	54.640	149.620	0.678	1.113	2.900	
15	2.000	1.000	155.000	544.886	1539.179	1541.412	1542.770	8,	1542.949,	nan	nan	8.000	1545.782	44.670	122.320	81.750	223.870	1.243	1.359	3.177	
15	2.000	1.000	156.000	544.886	1548.971	1550.577	1551.129	8,	1552.067,	nan	nan	8.000	1554.146	44.670	149.620	54.640	223.870	0.616	0.553	2.264	
15	2.000	2.000	157.000	544.886	42.318	44.217	45.049	8,	45.415,	nan	nan	8.000	48.065	183.020	81.750	223.870	81.750	0.900	0.833	3.839	
15	2.000	2.000	158.000	544.886	51.918	54.853	56.525	9,	56.696,	nan	nan	9.000	59.542	54.640	223.870	44.670	183.020	1.947	1.672	2.135	
15	2.000	2.000	159.000	544.886	61.691	64.588	65.237	9,	65.753,	nan	nan	9.000	68.250	81.750	183.020	66.830	149.620	1.908	0.650	3.100	
15	2.000	2.000	160.000	544.886	71.362	73.565	74.306	9,	74.619,	nan	nan	9.000	77.323	66.830	183.020	44.670	149.620	1.214	0.741	2.682	
15	2.000	2.000	161.000	544.886	80.017	82.163	83.401	9,	83.828,	nan	nan	9.000	86.414	81.750	183.020	54.640	122.320	1.156	1.238	3.453	
15	2.000	2.000	162.000	544.886	89.880	91.997	92.540	9,	93.375,	nan	nan	9.000	95.557	81.750	149.620	44.670	223.870	1.127	0.543	2.630	
15	2.000	2.000	163.000	544.886	98.200	100.129	101.911	9,	102.175,	nan	nan	9.000	104.929	66.830	183.020	54.640	122.320	0.939	1.783	2.868	
15	2.000	2.000	164.000	544.886	107.810	109.401	110.686	9,	111.095,	nan	nan	9.000	113.704	66.830	149.620	54.640	122.320	0.601	1.286	3.151	
15	2.000	2.000	165.000	544.886	116.870	118.651	119.609	9,	120.699,	nan	nan	9.000	122.622	81.750	223.870	66.830	122.320	0.794	0.958	3.891	
15	2.000	2.000	166.000	544.886	126.526	129.501	130.815	9,	131.208,	nan	nan	9.000	133.833	81.750	149.620	44.670	183.020	1.986	1.315	3.074	
15	2.000	2.000	167.000	544.886	136.921	139.234	140.288	8,9,8,	140.490,141.454,141.868,	nan	nan	8.000	143.306	81.750	122.320	66.830	183.020	1.325	1.055	2.206	
15	2.000	2.000	168.000	544.886	145.526	148.514	149.911	9,	150.086,	nan	nan	9.000	152.923	54.640	183.020	44.670	149.620	2.000	1.397	2.810	
15	2.000	2.000	169.000	544.886	155.746	158.712	160.205	9,	160.243,	nan	nan	9.000	163.222	81.750	223.870	44.670	122.320	1.976	1.494	2.270	
15	2.000	2.000	170.000	544.886	165.506	168.378	168.897	8,	169.249,	nan	nan	8.000	171.914	183.020	122.320	223.870	122.320	1.884	0.519	2.746	
15	2.000	2.000	171.000	544.886	174.673	176.866	178.306	9,	178.591,	nan	nan	9.000	181.319	81.750	223.870	54.640	122.320	1.204	1.441	3.627	
15	2.000	2.000	172.000	544.886	184.961	187.389	189.379	9,9,9,	189.463,189.759,190.061,	nan	nan	9.000	192.397	66.830	183.020	44.670	122.320	1.441	1.990	3.048	
15	2.000	2.000	173.000	544.886	195.459	197.434	199.005	9,	199.200,	nan	nan	9.000	202.017	66.830	223.870	44.670	183.020	0.987	1.571	3.871	
15	2.000	2.000	174.000	544.886	205.903	208.452	209.656	9,	209.966,	nan	nan	9.000	212.668	54.640	223.870	44.670	122.320	1.561	1.204	2.469	
15	2.000	2.000	175.000	544.886	215.150	217.016	218.673	9,	218.772,	nan	nan	9.000	221.686	81.750	149.620	66.830	122.320	0.876	1.658	3.852	
15	2.000	2.000	176.000	544.886	225.551	228.280	229.764	9,	230.560,	nan	nan	9.000	232.782	66.830	149.620	44.670	122.320	1.740	1.484	3.582	
15	2.000	2.000	177.000	544.886	236.378	237.992	239.244	9,	239.278,	nan	nan	9.000	242.257	81.750	183.020	44.670	122.320	0.625	1.252	3.344	
15	2.000	2.000	178.000	544.886	245.613	248.005	249.165	9,	249.491,	nan	nan	9.000	252.184	66.830	223.870	44.670	149.620	1.402	1.161	3.711	
15	2.000	2.000	179.000	544.886	255.908	258.462	259.734	9,	260.076,	nan	nan	9.000	262.751	81.750	223.870	54.640	149.620	1.566	1.272	2.611	
15	2.000	2.000	180.000	544.886	265.375	268.302	269.057	9,	269.495,	nan	nan	9.000	272.075	81.750	149.620	54.640	122.320	1.937	0.756	3.267	
15	2.000	2.000	181.000	544.886	275.356	277.370	278.921	9,	279.023,	nan	nan	9.000	281.939	66.830	223.870	44.670	122.320	1.026	1.551	2.759	
15	2.000	2.000	182.000	544.886	284.711	286.625	288.383	9,	288.803,	nan	nan	9.000	291.396	66.830	223.870	54.640	122.320	0.924	1.759	2.920	
15	2.000	2.000	183.000	544.886	294.335	296.489	298.276	8,8,	298.380,298.605,	nan	nan	8.000	301.289	66.830	223.870	81.750	223.870	1.170	1.788	2.161	
15	2.000	2.000	184.000	544.886	303.463	305.497	306.739	9,	306.972,	nan	nan	9.000	309.752	81.750	223.870	66.830	183.020	1.045	1.243	3.878	
15	2.000	2.000	185.000	544.886	313.650	316.251	317.841	9,	318.107,	nan	nan	9.000	320.859	81.750	223.870	54.640	183.020	1.619	1.590	3.183	
15	2.000	2.000	186.000	544.886	324.059	326.012	327.698	9,	328.092,	nan	nan	9.000	330.710	66.830	223.870	54.640	149.620	0.968	1.686	2.392	
15	2.000	2.000	187.000	544.886	333.117	335.097	336.604	9,	336.962,	nan	nan	9.000	339.617	81.750	149.620	54.640	183.020	0.992	1.508	2.939	
15	2.000	2.000	188.000	544.886	342.571	345.385	346.116	9,	346.535,	nan	nan	9.000	349.128	81.750	223.870	44.670	183.020	1.826	0.732	3.498	
15	2.000	2.000	189.000	544.886	352.641	354.351	356.003	9,	356.133,	nan	nan	9.000	359.021	81.750	149.620	44.670	122.320	0.722	1.653	3.312	
15	2.000	2.000	190.000	544.886	362.345	364.848	366.211	9,	367.230,	nan	nan	9.000	369.223	54.640	183.020	44.670	122.320	1.513	1.363	3.691	
15	2.000	2.000	191.000	544.886	372.929	375.396	377.348	9,9,	377.431,377.715,	nan	nan	9.000	380.366	54.640	223.870	44.670	149.620	1.479	1.952	3.756	
15	2.000	2.000	192.000	544.886	384.136	386.434	387.691	9,	388.128,	nan	nan	9.000	390.709	81.750	223.870	66.830	149.620	1.310	1.257	3.608	
15	2.000	2.000	193.000	544.886	394.331	396.518	397.442	9,	397.683,	nan	nan	9.000	400.460	54.640	149.620	44.670	122.320	1.199	0.924	2.669	
15	2.000	2.000	194.000	544.886	403.141	404.819	405.323	9,	406.588,	nan	nan	9.000	408.340	66.830	183.020	54.640	149.620	0.688	0.505	3.794	
15	2.000	2.000	195.000	544.886	412.148	414.645	415.945	9,	416.249,	nan	nan	9.000	418.962	66.830	223.870	54.640	183.020	1.508	1.301	3.029	
15	2.000	2.000	196.000	544.886	422.005	424.004	425.440	8,	425.480,	nan	nan	8.000	428.457	66.830	54.640	81.750	54.640	1.011	1.436	2.566	
15	2.000	2.000	197.000	544.886	431.035	434.015	435.142	8,9,8,	435.855,436.550,437.038,	nan	nan	8.000	438.155	54.640	122.320	44.670	183.020	1.990	1.127	2.720	
15	2.000	2.000	198.000	544.886	440.892	443.781	445.472	8,	446.191,	nan	nan	8.000	448.485	66.830	122.320	44.670	149.620	1.904	1.691	2.437	
15	2.000	2.000	199.000	544.886	450.936	453.028	454.068	8,9,	454.307,455.390,	nan	nan	9.000	457.080	81.750	149.620	66.830	223.870	1.103	1.040	2.540	
15	2.000	2.000	200.000	544.886	459.634	461.156	462.872	8,	463.206,	nan	nan	8.000	465.884	81.750	122.320	66.830	223.870	0.534	1.715	3.486	
15	2.000	2.000	201.000	544.886	469.385	471.822	473.489	8,	473.575,	nan	nan	8.000	476.507	81.750	122.320	54.640	223.870	1.450	1.667	3.068	
15	2.000	2.000	202.000	544.886	479.588	481.718	482.647	9,	483.359,	nan	nan	9.000	485.659	81.750	122.320	44.670	149.620	1.141	0.929	3.215	
15	2.000	2.000	203.000	544.886	488.889	490.990	492.821	8,8,	493.222,493.546,	nan	nan	8.000	495.839	54.640	122.320	66.830	183.020	1.113	1.831	2.257	
15	2.000	2.000	204.000	544.886	498.108	499.656	501.294	9,8,	501.694,502.375,	nan	nan	8.000	504.311	54.640	183.020	44.670	223.870	0.558	1.638	2.514	
15	2.000	2.000	205.000	544.886	506.841	509.471	510.439	8,8,	510.816,511.554,	nan	nan	8.000	513.451	66.830	149.620	54.640	183.020	1.643	0.968	2.084	
15	2.000	2.000	206.000	544.886	515.550	518.194	519.041	8,	520.931,	nan	nan	8.000	522.058	54.640	122.320	81.750	149.620	1.658	0.847	3.125	
15	2.000	2.000	207.000	544.886	525.197	527.949	528.955	9,8,	529.572,530.858,	nan	nan	8.000	531.967	54.640	149.620	44.670	183.020	1.764	1.006	3.788	
15	2.000	2.000	208.000	544.886	535.770	538.565	539.349	8,	539.513,	nan	nan	8.000	542.366	54.640	149.620	44.670	223.870	1.807	0.785	2.026	
15	2.000	2.000	209.000	544.886	544.405	545.966	547.884	8,8,	547.925,548.151,	nan	nan	8.000	550.898	149.620	44.670	223.870	44.670	0.572	1.918	2.849	
15	2.000	2.000	210.000	544.886	553.759	555.693	557.080	8,9,	557.239,558.273,	nan	nan	9.000	560.098	81.750	149.620	54.640	223.870	0.944	1.387	3.781	
15	2.000	2.000	211.000	544.886	563.899	566.317	567.516	8,	567.978,	nan	nan	8.000	570.529	66.830	149.620	54.640	223.870	1.436	1.199	3.518	
15	2.000	2.000	212.000	544.886	574.061	576.364	578.069	8,	578.212,	nan	nan	8.000	581.082	44.670	122.320	66.830	223.870	1.315	1.706	3.974	
15	2.000	2.000	213.000	544.886	585.071	587.412	589.378	8,8,8,8,	589.404,589.996,590.338,590.645,	nan	nan	8.000	592.391	81.750	122.320	44.670	223.870	1.354	1.966	3.119	
15	2.000	2.000	214.000	544.886	595.524	597.374	598.289	8,9,8,	598.919,599.907,600.227,	nan	nan	8.000	601.307	66.830	149.620	44.670	223.870	0.862	0.915	3.678	
15	2.000	2.000	215.000	544.886	605.002	607.337	608.666	8,9,	608.882,609.662,	nan	nan	9.000	611.679	81.750	183.020	66.830	223.870	1.349	1.330	3.916	
15	2.000	2.000	216.000	544.886	615.611	617.454	618.822	8,9,	619.366,620.287,	nan	nan	9.000	621.835	66.830	183.020	54.640	223.870	0.857	1.368	3.145	
15	2.000	2.000	217.000	544.886	624.994	627.678	629.379	9,	629.512,	nan	nan	9.000	632.397	54.640	122.320	44.670	149.620	1.696	1.701	2.122	
15	2.000	2.000	218.000	544.886	634.532	636.436	637.384	8,	638.155,	nan	nan	8.000	640.397	81.750	122.320	66.830	149.620	0.915	0.949	2.926	
15	2.000	2.000	219.000	544.886	643.337	645.511	646.319	8,	647.144,	nan	nan	8.000	649.332	44.670	183.020	81.750	149.620	1.185	0.809	2.707	
15	2.000	2.000	220.000	544.886	652.055	653.861	654.852	9,8,	655.267,655.856,	nan	nan	8.000	657.864	66.830	122.320	44.670	183.020	0.818	0.992	3.318	
15	2.000	2.000	221.000	544.886	661.196	663.649	664.631	9,	665.142,	nan	nan	9.000	667.645	81.750	183.020	54.640	223.870	1.465	0.982	3.241	
15	2.000	2.000	222.000	544.886	670.899	673.411	674.677	8,8,	674.750,675.032,	nan	nan	8.000	677.696	149.620	183.020	223.870	183.020	1.523	1.267	2.096	
15	2.000	2.000	223.000	544.886	679.826	681.728	683.689	9,9,	684.236,684.477,	nan	nan	9.000	686.703	66.830	183.020	44.670	223.870	0.934	1.961	3.228	
15	2.000	2.000	224.000	544.886	689.951	691.964	692.579	9,8,9,8,	692.860,693.726,694.133,694.430,	nan	nan	8.000	695.593	81.750	122.320	54.640	183.020	1.031	0.616	2.405	
15	2.000	2.000	225.000	544.886	698.016	700.373	701.225	8,	701.677,	nan	nan	8.000	704.243	54.640	122.320	66.830	223.870	1.373	0.852	3.132	
15	2.000	2.000	226.000	544.886	707.391	709.645	710.723	8,	711.147,	nan	nan	8.000	713.741	54.640	183.020	81.750	149.620	1.267	1.079	3.505	
15	2.000	2.000	227.000	544.886	717.261	719.096	719.644	9,	720.198,	nan	nan	9.000	722.662	81.750	183.020	44.670	223.870	0.847	0.548	3.646	
15	2.000	2.000	228.000	544.886	726.322	729.233	730.090	8,	731.261,	nan	nan	8.000	733.107	54.640	122.320	44.670	223.870	1.923	0.857	3.331	
15	2.000	2.000	229.000	544.886	736.451	738.312	739.463	9,9,9,9,	739.866,740.249,740.538,740.787,	nan	nan	9.000	742.480	66.830	183.020	81.750	122.320	0.871	1.151	2.141	
15	2.000	2.000	230.000	544.886	744.634	747.440	748.562	9,	748.786,	nan	nan	9.000	751.575	66.830	149.620	44.670	183.020	1.817	1.122	2.077	
15	2.000	2.000	231.000	544.886	753.665	756.023	757.448	9,	758.296,	nan	nan	9.000	760.467	81.750	122.320	44.670	183.020	1.368	1.426	2.103	
15	2.000	2.000	232.000	544.886	762.583	765.027	766.819	9,8,	766.911,767.688,	nan	nan	8.000	769.832	66.830	122.320	54.640	149.620	1.455	1.793	2.315	
15	2.000	2.000	233.000	544.886	772.160	774.971	776.165	8,	776.456,	nan	nan	8.000	779.183	44.670	223.870	81.750	149.620	1.822	1.195	2.650	
15	2.000	2.000	234.000	544.886	781.846	784.464	785.065	8,	785.798,	nan	nan	8.000	788.083	81.750	149.620	66.830	183.020	1.629	0.601	2.424	
15	2.000	2.000	235.000	544.886	790.521	792.921	793.884	8,	794.255,	nan	nan	8.000	796.897	54.640	183.020	81.750	183.020	1.412	0.963	2.977	
15	2.000	2.000	236.000	544.886	799.890	801.526	802.248	9,	803.111,	nan	nan	9.000	805.266	81.750	183.020	54.640	149.620	0.650	0.722	2.695	
15	2.000	2.000	237.000	544.886	807.975	810.630	811.322	9,	812.150,	nan	nan	9.000	814.335	44.670	223.870	54.640	183.020	1.667	0.693	2.341	
15	2.000	2.000	238.000	544.886	816.690	819.278	820.815	9,	821.619,	8.000	823.827	9.000	823.827	44.670	183.020	54.640	149.620	1.600	1.537	3.299	
15	2.000	2.000	239.000	544.886	827.140	829.709	830.344	9,	831.286,	8.000	833.361	9.000	833.361	54.640	149.620	66.830	122.320	1.580	0.635	3.010	
15	2.000	2.000	240.000	544.886	836.386	838.568	839.555	9,	840.421,	nan	nan	9.000	842.567	44.670	223.870	81.750	122.320	1.195	0.987	3.338	
15	2.000	2.000	241.000	544.886	845.918	847.957	849.686	9,	849.972,	nan	nan	9.000	852.704	54.640	223.870	66.830	183.020	1.050	1.730	3.415	
15	2.000	2.000	242.000	544.886	856.133	857.863	859.385	8,	859.516,	nan	nan	8.000	862.402	66.830	122.320	54.640	223.870	0.741	1.523	3.846	
15	2.000	2.000	243.000	544.886	866.266	869.231	869.856	8,	870.253,	nan	nan	8.000	872.873	54.640	223.870	81.750	183.020	1.981	0.625	3.936	
15	2.000	2.000	244.000	544.886	876.823	878.928	880.306	9,	880.645,	nan	nan	9.000	883.319	81.750	223.870	44.670	149.620	1.117	1.378	2.907	
15	2.000	2.000	245.000	544.886	886.239	887.974	889.834	9,	889.946,	nan	nan	9.000	892.847	66.830	223.870	81.750	149.620	0.746	1.860	2.039	
15	2.000	2.000	246.000	544.886	894.899	896.779	898.007	8,	898.602,	nan	nan	8.000	901.020	54.640	223.870	81.750	122.320	0.891	1.228	3.305	
15	2.000	2.000	247.000	544.886	904.340	906.281	907.046	9,	907.543,	nan	nan	9.000	910.063	81.750	183.020	66.830	122.320	0.953	0.765	3.325	
15	2.000	2.000	248.000	544.886	913.402	915.387	916.572	9,8,	916.753,917.123,	nan	nan	8.000	919.584	54.640	44.670	81.750	44.670	0.997	1.185	2.990	
15	2.000	2.000	249.000	544.886	922.589	924.284	925.344	8,	925.523,	nan	nan	8.000	928.362	54.640	183.020	66.830	149.620	0.707	1.059	3.768	
15	2.000	2.000	250.000	544.886	932.157	934.414	935.357	8,	936.345,	nan	nan	8.000	938.370	66.830	122.320	44.670	223.870	1.281	0.944	3.884	
15	2.000	2.000	251.000	544.886	942.268	944.109	945.978	9,	946.221,	nan	nan	9.000	948.996	44.670	223.870	54.640	149.620	0.852	1.870	2.804	
15	2.000	2.000	252.000	544.886	951.813	954.653	955.331	8,	955.823,	nan	nan	8.000	958.343	44.670	223.870	81.750	183.020	1.850	0.678	2.830	
15	2.000	2.000	253.000	544.886	961.187	963.895	964.911	8,8,9,	965.101,966.102,966.437,	nan	nan	9.000	967.922	44.670	183.020	81.750	122.320	1.720	1.016	3.428	
15	2.000	2.000	254.000	544.886	971.364	974.135	975.431	8,9,	975.734,976.609,	nan	nan	9.000	978.448	66.830	223.870	81.750	183.020	1.783	1.296	3.460	
15	2.000	2.000	255.000	544.886	981.925	984.182	984.928	8,	985.801,	nan	nan	8.000	987.946	44.670	149.620	81.750	122.320	1.272	0.746	3.447	
15	2.000	2.000	256.000	544.886	991.407	993.059	994.292	8,	994.564,	nan	nan	8.000	997.309	44.670	223.870	66.830	183.020	0.664	1.233	3.833	
15	2.000	2.000	257.000	544.886	1001.156	1003.107	1004.499	8,	1005.132,	nan	nan	8.000	1007.511	54.640	183.020	81.750	122.320	0.963	1.392	2.154	
15	2.000	2.000	258.000	544.886	1009.682	1012.625	1013.780	8,9,	1014.237,1015.229,	nan	nan	9.000	1016.793	44.670	183.020	54.640	122.320	1.957	1.156	3.814	
15	2.000	2.000	259.000	544.886	1020.623	1022.770	1023.853	8,	1024.062,	nan	nan	8.000	1026.871	66.830	122.320	54.640	183.020	1.161	1.084	3.556	
15	2.000	2.000	260.000	544.886	1030.441	1032.243	1033.138	8,9,	1034.197,1034.686,	nan	nan	9.000	1036.150	66.830	149.620	81.750	122.320	0.814	0.895	3.743	
15	2.000	2.000	261.000	544.886	1039.908	1042.490	1044.331	8,8,	1044.474,1044.732,	nan	nan	8.000	1047.349	149.620	66.830	183.020	66.830	1.595	1.841	2.058	
15	2.000	2.000	262.000	544.886	1049.421	1052.091	1053.353	9,	1053.437,	nan	nan	9.000	1056.365	44.670	183.020	66.830	122.320	1.682	1.262	3.672	
15	2.000	2.000	263.000	544.886	1060.051	1062.884	1064.648	8,9,	1064.780,1065.350,	nan	nan	9.000	1067.661	44.670	223.870	66.830	149.620	1.846	1.764	2.740	
15	2.000	2.000	264.000	544.886	1070.415	1072.361	1073.888	9,	1074.088,	8.000	1076.901	9.000	1076.901	54.640	223.870	66.830	149.620	0.958	1.527	2.605	
15	2.000	2.000	265.000	544.886	1079.520	1082.368	1084.247	9,	1084.369,	nan	nan	9.000	1087.260	44.670	223.870	54.640	122.320	1.860	1.879	3.949	
15	2.000	2.000	266.000	544.886	1091.224	1093.921	1095.482	8,	1095.627,	nan	nan	8.000	1098.500	44.670	183.020	66.830	149.620	1.711	1.561	2.296	
15	2.000	2.000	267.000	544.886	1100.818	1103.610	1104.182	8,	1105.648,	nan	nan	8.000	1107.194	66.830	183.020	81.750	149.620	1.812	0.572	3.434	
15	2.000	2.000	268.000	544.886	1110.654	1113.057	1114.521	9,	1115.223,	nan	nan	9.000	1117.533	81.750	122.320	54.640	149.620	1.426	1.465	2.534	
15	2.000	2.000	269.000	544.886	1120.082	1122.862	1124.755	9,	1124.786,	nan	nan	9.000	1127.772	81.750	183.020	44.670	149.620	1.793	1.894	2.354	
15	2.000	2.000	270.000	544.886	1130.140	1132.516	1133.990	8,9,	1134.178,1135.517,	nan	nan	9.000	1137.007	54.640	223.870	81.750	149.620	1.387	1.474	2.508	
15	2.000	2.000	271.000	544.886	1139.530	1141.779	1142.617	9,8,	1143.639,1144.512,	nan	nan	8.000	1145.629	44.670	149.620	66.830	122.320	1.262	0.838	3.987	
15	2.000	2.000	272.000	544.886	1149.631	1152.189	1154.116	8,	1154.531,	nan	nan	8.000	1157.133	44.670	149.620	54.640	122.320	1.571	1.928	2.302	
15	2.000	2.000	273.000	544.886	1159.449	1161.222	1162.156	9,9,9,	1162.528,1163.122,1163.616,	nan	nan	9.000	1165.168	66.830	223.870	81.750	122.320	0.785	0.934	3.550	
15	2.000	2.000	274.000	544.886	1168.733	1171.277	1172.756	8,	1172.984,	nan	nan	8.000	1175.768	149.620	122.320	183.020	122.320	1.556	1.479	2.090	
15	2.000	2.000	275.000	544.886	1177.875	1180.041	1181.259	8,	1181.556,	nan	nan	8.000	1184.271	44.670	183.020	66.830	223.870	1.180	1.219	3.389	
15	2.000	2.000	276.000	544.886	1187.675	1190.238	1190.926	8,	1191.475,	nan	nan	8.000	1193.943	54.640	183.020	66.830	223.870	1.576	0.688	2.373	
15	2.000	2.000	277.000	544.886	1196.330	1197.949	1199.529	8,	1199.826,	nan	nan	8.000	1202.542	44.670	149.620	66.830	183.020	0.630	1.580	2.572	
15	2.000	2.000	278.000	544.886	1205.129	1207.754	1208.862	8,	1209.043,	nan	nan	8.000	1211.875	66.830	149.620	81.750	223.870	1.638	1.108	3.479	
15	2.000	2.000	279.000	544.886	1215.367	1217.030	1218.962	8,	1219.079,	nan	nan	8.000	1221.979	66.830	122.320	81.750	183.020	0.674	1.932	3.923	
15	2.000	2.000	280.000	544.886	1225.917	1228.041	1229.395	8,	1229.438,	nan	nan	8.000	1232.412	54.640	149.620	81.750	223.870	1.137	1.354	3.723	
15	2.000	2.000	281.000	544.886	1236.149	1237.690	1238.214	9,	1239.125,	nan	nan	9.000	1241.232	54.640	183.020	66.830	122.320	0.553	0.524	2.399	
15	2.000	2.000	282.000	544.886	1243.649	1245.181	1246.906	8,	1246.949,	nan	nan	8.000	1249.918	44.670	149.620	54.640	223.870	0.548	1.725	3.511	
15	2.000	2.000	283.000	544.886	1253.444	1256.374	1257.664	8,	1257.817,	nan	nan	8.000	1260.681	44.670	122.320	66.830	149.620	1.942	1.291	3.408	
15	2.000	2.000	284.000	544.886	1264.103	1266.894	1267.924	8,	1268.429,	nan	nan	8.000	1270.936	54.640	149.620	66.830	223.870	1.802	1.031	3.260	
15	2.000	2.000	285.000	544.886	1274.211	1276.432	1276.931	8,	1278.090,	nan	nan	8.000	1279.944	44.670	122.320	54.640	149.620	1.233	0.500	3.370	
15	2.000	2.000	286.000	544.886	1283.328	1285.337	1287.047	8,	1287.185,	nan	nan	8.000	1290.060	44.670	149.620	81.750	223.870	1.021	1.711	2.174	
15	2.000	2.000	287.000	544.886	1292.248	1293.828	1294.448	8,	1295.580,	nan	nan	8.000	1297.466	54.640	122.320	66.830	122.320	0.592	0.621	2.444	
15	2.000	2.000	288.000	544.886	1299.924	1302.810	1304.646	9,	1304.693,	nan	nan	9.000	1307.663	44.670	223.870	66.830	122.320	1.899	1.836	3.254	
15	2.000	2.000	289.000	544.886	1310.932	1312.438	1313.319	8,	1313.585,	nan	nan	8.000	1316.336	66.830	122.320	81.750	223.870	0.519	0.881	3.981	
15	2.000	2.000	290.000	544.886	1320.339	1321.843	1322.975	8,	1323.409,	nan	nan	8.000	1325.993	44.670	122.320	54.640	183.020	0.524	1.132	2.051	
15	2.000	2.000	291.000	544.886	1328.059	1330.521	1332.265	8,	1332.543,	nan	nan	8.000	1335.278	54.640	122.320	81.750	223.870	1.474	1.744	3.441	
15	2.000	2.000	292.000	544.886	1338.733	1340.650	1341.955	8,	1342.144,	nan	nan	8.000	1344.972	44.670	149.620	66.830	223.870	0.929	1.305	2.733	
15	2.000	2.000	293.000	544.886	1347.720	1349.829	1351.728	8,8,	1351.752,1351.978,	nan	nan	8.000	1354.740	44.670	122.320	81.750	149.620	1.122	1.899	2.109	
15	2.000	2.000	294.000	544.886	1356.864	1359.606	1360.313	8,	1360.871,	nan	nan	8.000	1363.325	44.670	183.020	54.640	223.870	1.754	0.707	2.932	
15	2.000	2.000	295.000	544.886	1366.272	1368.435	1369.712	8,8,	1369.951,1370.516,	nan	nan	8.000	1372.729	44.670	122.320	81.750	223.870	1.175	1.277	2.193	
15	2.000	2.000	296.000	544.886	1374.936	1377.200	1378.756	8,8,8,8,	1378.998,1379.391,1379.762,1380.025,	nan	nan	8.000	1381.774	54.640	149.620	81.750	122.320	1.277	1.556	3.601	
15	2.000	2.000	297.000	544.886	1385.391	1387.288	1388.289	8,	1388.614,	nan	nan	8.000	1391.306	66.830	149.620	81.750	183.020	0.910	1.002	3.801	
15	2.000	2.000	298.000	544.886	1395.122	1397.569	1398.619	8,	1398.685,	nan	nan	8.000	1401.636	44.670	183.020	81.750	223.870	1.460	1.050	3.807	
15	2.000	2.000	299.000	544.886	1405.460	1407.428	1408.289	8,8,	1408.327,1408.614,	nan	nan	8.000	1411.307	44.670	122.320	81.750	183.020	0.982	0.862	3.994	
15	2.000	2.000	300.000	544.886	1415.315	1417.357	1418.817	8,	1419.015,	nan	nan	8.000	1421.834	54.640	81.750	66.830	81.750	1.055	1.460	2.817	
15	2.000	2.000	301.000	544.886	1424.667	1426.153	1427.198	8,	1427.840,	nan	nan	8.000	1430.210	54.640	183.020	81.750	223.870	0.500	1.045	3.904	
15	2.000	2.000	302.000	544.886	1434.128	1435.655	1437.471	8,	1437.880,	nan	nan	8.000	1440.484	66.830	183.020	81.750	223.870	0.539	1.817	2.592	
15	2.000	2.000	303.000	544.886	1443.090	1445.943	1447.393	8,	1447.517,	nan	nan	8.000	1450.406	54.640	122.320	66.830	149.620	1.865	1.450	2.431	
15	2.000	2.000	304.000	544.886	1452.851	1454.933	1456.378	8,	1456.593,	nan	nan	8.000	1459.395	54.640	122.320	81.750	183.020	1.093	1.445	2.000	
15	2.000	2.000	305.000	544.886	1461.425	1464.011	1464.521	8,	1465.089,	nan	nan	8.000	1467.534	44.670	122.320	66.830	183.020	1.614	0.510	3.929	
15	2.000	2.000	306.000	544.886	1471.477	1474.335	1476.180	8,	1476.628,	nan	nan	8.000	1479.198	54.640	149.620	81.750	183.020	1.870	1.846	2.186	
15	2.000	2.000	307.000	544.886	1481.402	1483.880	1485.060	8,	1485.251,	nan	nan	8.000	1488.072	44.670	149.620	81.750	183.020	1.494	1.180	3.569	
15	2.000	2.000	308.000	544.886	1491.656	1493.659	1494.752	8,	1495.125,	nan	nan	8.000	1497.764	44.670	149.620	54.640	183.020	1.016	1.093	2.045	
15	2.000	2.000	309.000	544.886	1499.824	1501.635	1503.065	8,	1503.454,	nan	nan	8.000	1506.078	66.830	122.320	81.750	149.620	0.823	1.431	2.322	
15	2.000	2.000	310.000	544.886	1508.416	1509.988	1510.965	8,	1511.922,	nan	nan	8.000	1513.978	54.640	149.620	66.830	183.020	0.587	0.977	2.598	
15	2.000	2.000	311.000	544.886	1516.591	1518.161	1519.765	8,	1519.836,	nan	nan	8.000	1522.781	44.670	122.320	54.640	223.870	0.582	1.605	3.653	
15	2.000	2.000	312.000	544.886	1526.448	1528.727	1530.351	9,	1530.629,	nan	nan	9.000	1533.369	54.640	223.870	66.830	122.320	1.291	1.624	2.714	
