subjID	session	Block	trialCount	earnings	Gam1Onset	Gam2Onset	FBOnset	KPs	RT	KPlate	RTlate	KP_Final	SLOnset	Gam1_1	Gam1_2	Gam2_1	Gam2_2	jit1	jit2	jit3	
16	2.000	1.000	1.000	815.235	189.548	192.372	193.624	8,	193.909,	nan	nan	8.000	196.647	183.020	44.670	223.870	44.670	1.836	1.252	3.736	
16	2.000	1.000	2.000	815.235	200.395	203.289	204.227	9,	204.535,	nan	nan	9.000	207.245	66.830	223.870	54.640	122.320	1.904	0.939	3.820	
16	2.000	1.000	3.000	815.235	211.077	212.991	214.778	9,	215.109,	nan	nan	9.000	217.797	81.750	223.870	66.830	183.020	0.924	1.788	3.627	
16	2.000	1.000	4.000	815.235	221.435	223.457	224.473	9,	224.828,	nan	nan	9.000	227.491	66.830	223.870	44.670	122.320	1.031	1.016	3.055	
16	2.000	1.000	5.000	815.235	230.559	232.607	233.854	9,	234.220,	nan	nan	9.000	236.871	66.830	223.870	54.640	149.620	1.059	1.248	3.119	
16	2.000	1.000	6.000	815.235	240.001	242.562	244.538	9,	244.870,	nan	nan	9.000	247.551	81.750	223.870	44.670	183.020	1.571	1.976	2.540	
16	2.000	1.000	7.000	815.235	250.102	251.795	252.512	9,	253.491,	nan	nan	9.000	255.524	81.750	149.620	54.640	122.320	0.703	0.717	3.370	
16	2.000	1.000	8.000	815.235	258.905	260.574	261.407	9,	261.799,	nan	nan	9.000	264.424	54.640	223.870	44.670	183.020	0.678	0.833	3.460	
16	2.000	1.000	9.000	815.235	267.895	269.695	270.822	9,	271.274,	nan	nan	9.000	273.840	54.640	183.020	44.670	122.320	0.809	1.127	3.582	
16	2.000	1.000	10.000	815.235	277.432	278.933	280.798	9,	281.112,	nan	nan	9.000	283.811	81.750	223.870	66.830	122.320	0.510	1.865	2.733	
16	2.000	1.000	11.000	815.235	286.554	288.239	289.448	9,	289.762,	nan	nan	9.000	292.465	81.750	223.870	54.640	149.620	0.693	1.209	3.768	
16	2.000	1.000	12.000	815.235	296.244	299.226	301.062	9,	301.368,	nan	nan	9.000	304.074	81.750	149.620	54.640	183.020	1.990	1.836	3.325	
16	2.000	1.000	13.000	815.235	307.410	309.321	311.316	9,	312.130,	nan	nan	9.000	314.328	81.750	149.620	66.830	122.320	0.920	1.995	3.987	
16	2.000	1.000	14.000	815.235	318.326	320.951	322.256	8,	322.562,	nan	nan	8.000	325.268	183.020	122.320	223.870	122.320	1.633	1.305	3.473	
16	2.000	1.000	15.000	815.235	328.753	330.474	332.035	9,	332.399,	nan	nan	9.000	335.047	81.750	183.020	54.640	122.320	0.732	1.561	2.759	
16	2.000	1.000	16.000	815.235	337.817	340.437	341.771	9,	342.143,	nan	nan	9.000	344.788	81.750	149.620	44.670	223.870	1.629	1.334	3.466	
16	2.000	1.000	17.000	815.235	348.265	350.480	351.293	8,	351.936,	nan	nan	8.000	354.309	81.750	122.320	66.830	183.020	1.223	0.814	2.785	
16	2.000	1.000	18.000	815.235	357.105	359.252	360.977	9,	361.302,	nan	nan	9.000	363.990	81.750	183.020	44.670	122.320	1.156	1.725	3.865	
16	2.000	1.000	19.000	815.235	367.866	369.401	371.381	9,	371.680,	nan	nan	9.000	374.399	66.830	183.020	54.640	122.320	0.543	1.981	2.688	
16	2.000	1.000	20.000	815.235	377.097	378.604	379.774	9,	380.104,	nan	nan	9.000	382.786	66.830	223.870	44.670	183.020	0.514	1.170	2.444	
16	2.000	1.000	21.000	815.235	385.241	386.804	388.355	9,	388.658,	nan	nan	9.000	391.368	66.830	183.020	44.670	149.620	0.572	1.551	3.106	
16	2.000	1.000	22.000	815.235	394.486	397.390	399.013	9,	399.351,	nan	nan	9.000	402.031	81.750	149.620	44.670	183.020	1.913	1.624	2.302	
16	2.000	1.000	23.000	815.235	404.345	405.999	407.261	9,	407.529,	nan	nan	9.000	410.274	54.640	223.870	44.670	149.620	0.664	1.262	3.563	
16	2.000	1.000	24.000	815.235	413.847	415.932	417.594	9,	417.944,	nan	nan	9.000	420.612	66.830	149.620	44.670	122.320	1.093	1.662	3.588	
16	2.000	1.000	25.000	815.235	424.212	425.804	427.514	9,	427.765,	nan	nan	9.000	430.532	66.830	223.870	54.640	183.020	0.601	1.711	2.952	
16	2.000	1.000	26.000	815.235	433.494	435.564	436.493	9,	437.252,	nan	nan	9.000	439.511	81.750	223.870	44.670	122.320	1.079	0.929	2.238	
16	2.000	1.000	27.000	815.235	441.760	443.878	445.068	8,	445.696,	nan	nan	8.000	448.080	66.830	149.620	81.750	149.620	1.127	1.190	2.418	
16	2.000	1.000	28.000	815.235	450.509	452.699	454.371	9,	454.666,	nan	nan	9.000	457.389	81.750	223.870	66.830	149.620	1.199	1.672	3.190	
16	2.000	1.000	29.000	815.235	460.593	462.491	463.227	9,	463.532,	nan	nan	9.000	466.240	54.640	223.870	44.670	122.320	0.910	0.736	2.373	
16	2.000	1.000	30.000	815.235	468.623	471.383	472.872	9,	473.194,	nan	nan	9.000	475.885	81.750	223.870	54.640	122.320	1.768	1.489	3.492	
16	2.000	1.000	31.000	815.235	479.389	481.164	482.537	9,	482.848,	nan	nan	9.000	485.554	66.830	223.870	44.670	149.620	0.785	1.373	3.518	
16	2.000	1.000	32.000	815.235	489.083	490.704	492.424	9,	493.176,	nan	nan	9.000	495.437	54.640	183.020	44.670	149.620	0.630	1.720	3.781	
16	2.000	1.000	33.000	815.235	499.235	501.358	502.306	9,	502.673,	nan	nan	9.000	505.319	81.750	149.620	44.670	122.320	1.137	0.949	3.003	
16	2.000	1.000	34.000	815.235	508.334	511.150	513.034	9,	513.384,	nan	nan	9.000	516.047	81.750	223.870	54.640	183.020	1.826	1.884	2.920	
16	2.000	1.000	35.000	815.235	518.980	521.468	523.323	9,	523.953,	nan	nan	9.000	526.340	54.640	149.620	44.670	122.320	1.498	1.855	3.235	
16	2.000	1.000	36.000	815.235	529.587	532.447	533.154	9,	534.268,	nan	nan	9.000	536.166	66.830	183.020	54.640	149.620	1.870	0.707	2.116	
16	2.000	1.000	37.000	815.235	538.292	540.348	541.576	9,	542.081,	nan	nan	9.000	544.588	66.830	149.620	54.640	122.320	1.064	1.228	3.215	
16	2.000	1.000	38.000	815.235	547.816	550.483	551.875	9,	552.227,	nan	nan	9.000	554.888	81.750	183.020	66.830	149.620	1.677	1.392	2.765	
16	2.000	1.000	39.000	815.235	557.666	560.255	561.314	9,	561.625,	nan	nan	9.000	564.326	66.830	183.020	44.670	122.320	1.600	1.059	2.071	
16	2.000	1.000	40.000	815.235	566.408	568.926	570.873	8,	571.280,	nan	nan	8.000	573.886	66.830	54.640	81.750	54.640	1.527	1.947	3.042	
16	2.000	1.000	41.000	815.235	576.938	579.182	579.696	9,	580.691,	nan	nan	9.000	582.713	54.640	122.320	44.670	149.620	1.252	0.514	3.633	
16	2.000	1.000	42.000	815.235	586.358	587.998	588.744	9,	589.434,	nan	nan	9.000	591.763	66.830	183.020	44.670	223.870	0.650	0.746	3.338	
16	2.000	1.000	43.000	815.235	595.111	596.819	598.727	9,	599.339,	nan	nan	9.000	601.745	54.640	149.620	44.670	183.020	0.717	1.908	2.463	
16	2.000	1.000	44.000	815.235	604.219	606.082	606.987	8,	607.943,	nan	nan	8.000	609.999	54.640	183.020	81.750	149.620	0.871	0.905	3.936	
16	2.000	1.000	45.000	815.235	613.945	616.903	618.126	9,	618.987,	nan	nan	9.000	621.139	66.830	122.320	44.670	149.620	1.966	1.223	3.762	
16	2.000	1.000	46.000	815.235	624.912	627.604	628.615	8,	629.275,	nan	nan	8.000	631.627	81.750	122.320	54.640	223.870	1.701	1.011	2.566	
16	2.000	1.000	47.000	815.235	634.205	635.965	637.897	9,	638.966,	nan	nan	9.000	640.910	81.750	149.620	54.640	223.870	0.770	1.932	3.794	
16	2.000	1.000	48.000	815.235	644.717	647.369	648.149	8,	648.970,	nan	nan	8.000	651.160	81.750	183.020	54.640	223.870	1.662	0.780	3.801	
16	2.000	1.000	49.000	815.235	654.973	656.950	658.144	8,	658.870,	nan	nan	8.000	661.161	54.640	183.020	44.670	223.870	0.987	1.195	2.469	
16	2.000	1.000	50.000	815.235	663.642	666.570	667.190	9,	669.158,	nan	nan	9.000	670.203	81.750	149.620	66.830	183.020	1.937	0.621	3.331	
16	2.000	1.000	51.000	815.235	673.545	675.060	676.389	8,	676.693,	nan	nan	8.000	679.402	44.670	122.320	66.830	223.870	0.524	1.330	2.315	
16	2.000	1.000	52.000	815.235	681.728	683.871	685.682	9,	685.952,	nan	nan	9.000	688.695	66.830	149.620	44.670	183.020	1.151	1.812	2.559	
16	2.000	1.000	53.000	815.235	691.267	693.495	694.819	8,	695.369,	nan	nan	8.000	697.831	149.620	66.830	223.870	66.830	1.238	1.325	2.521	
16	2.000	1.000	54.000	815.235	700.363	703.166	703.994	8,	704.560,	nan	nan	8.000	707.011	81.750	183.020	66.830	223.870	1.812	0.828	3.569	
16	2.000	1.000	55.000	815.235	710.594	713.086	714.926	8,	715.344,	nan	nan	8.000	717.939	66.830	149.620	54.640	223.870	1.503	1.841	3.158	
16	2.000	1.000	56.000	815.235	721.112	723.370	724.251	9,	724.874,	nan	nan	9.000	727.263	81.750	122.320	44.670	183.020	1.272	0.881	3.614	
16	2.000	1.000	57.000	815.235	730.890	732.408	733.814	8,	734.155,	nan	nan	8.000	736.827	44.670	223.870	81.750	149.620	0.529	1.407	2.817	
16	2.000	1.000	58.000	815.235	739.655	741.411	742.051	9,	742.539,	nan	nan	9.000	745.063	66.830	149.620	44.670	223.870	0.765	0.640	2.971	
16	2.000	1.000	59.000	815.235	748.047	750.091	751.633	9,	752.174,	nan	nan	9.000	754.650	81.750	122.320	54.640	183.020	1.055	1.542	3.646	
16	2.000	1.000	60.000	815.235	758.308	759.919	761.726	9,	762.056,	nan	nan	9.000	764.738	81.750	183.020	44.670	223.870	0.621	1.807	2.392	
16	2.000	1.000	61.000	815.235	767.141	768.956	770.695	8,	770.959,	nan	nan	8.000	773.712	81.750	149.620	66.830	223.870	0.823	1.740	3.595	
16	2.000	1.000	62.000	815.235	777.319	780.188	781.672	9,	782.891,	nan	nan	9.000	784.685	54.640	149.620	44.670	223.870	1.879	1.484	3.228	
16	2.000	1.000	63.000	815.235	787.940	790.525	792.346	8,	792.638,	nan	nan	8.000	795.360	44.670	183.020	81.750	149.620	1.609	1.822	2.199	
16	2.000	1.000	64.000	815.235	797.584	800.021	801.818	8,	802.890,	nan	nan	8.000	804.836	54.640	122.320	44.670	183.020	1.460	1.797	2.186	
16	2.000	1.000	65.000	815.235	807.034	808.993	810.906	8,	811.508,	nan	nan	8.000	813.919	54.640	122.320	44.670	223.870	0.968	1.913	3.859	
16	2.000	1.000	66.000	815.235	817.790	820.061	821.351	8,	821.653,	nan	nan	8.000	824.364	149.620	122.320	223.870	122.320	1.281	1.291	3.164	
16	2.000	1.000	67.000	815.235	827.540	829.112	830.393	8,	831.083,	nan	nan	8.000	833.410	54.640	122.320	66.830	183.020	0.582	1.281	3.350	
16	2.000	1.000	68.000	815.235	836.772	839.652	840.918	9,	842.230,	nan	nan	9.000	843.936	66.830	122.320	54.640	149.620	1.889	1.267	2.322	
16	2.000	1.000	69.000	815.235	846.270	848.242	849.895	8,	850.492,	nan	nan	8.000	852.907	66.830	183.020	54.640	223.870	0.982	1.653	2.592	
16	2.000	1.000	70.000	815.235	855.512	857.879	858.639	9,	859.072,	nan	nan	9.000	861.656	81.750	122.320	44.670	223.870	1.378	0.760	3.666	
16	2.000	1.000	71.000	815.235	865.334	867.036	867.575	8,	868.305,	nan	nan	8.000	870.591	81.750	122.320	66.830	149.620	0.712	0.539	2.045	
16	2.000	1.000	72.000	815.235	872.649	875.041	876.326	9,	876.795,	nan	nan	9.000	879.339	66.830	183.020	81.750	122.320	1.402	1.286	3.775	
16	2.000	1.000	73.000	815.235	883.129	885.740	886.336	9,	887.184,	nan	nan	9.000	889.354	66.830	149.620	54.640	183.020	1.624	0.596	2.084	
16	2.000	1.000	74.000	815.235	891.459	893.215	893.826	8,	894.204,	nan	nan	8.000	896.838	54.640	122.320	81.750	149.620	0.775	0.611	3.023	
16	2.000	1.000	75.000	815.235	899.871	901.946	903.121	8,	903.388,	nan	nan	8.000	906.138	54.640	122.320	66.830	223.870	1.084	1.175	2.502	
16	2.000	1.000	76.000	815.235	908.652	911.328	912.764	9,	913.423,	nan	nan	9.000	915.781	66.830	122.320	44.670	183.020	1.686	1.436	2.264	
16	2.000	1.000	77.000	815.235	918.056	920.223	921.865	9,	922.839,	nan	nan	9.000	924.883	81.750	122.320	44.670	149.620	1.175	1.643	2.849	
16	2.000	1.000	78.000	815.235	927.743	930.493	931.514	8,	931.833,	nan	nan	8.000	934.531	81.750	122.320	66.830	223.870	1.759	1.021	2.611	
16	2.000	1.000	79.000	815.235	937.154	940.086	942.071	8,	942.528,	nan	nan	8.000	945.089	54.640	122.320	81.750	122.320	1.942	1.986	3.035	
16	2.000	1.000	80.000	815.235	948.144	950.692	952.258	8,	953.002,	nan	nan	8.000	955.271	44.670	149.620	54.640	122.320	1.566	1.566	3.428	
16	2.000	1.000	81.000	815.235	958.715	960.867	962.292	8,	962.570,	nan	nan	8.000	965.309	44.670	223.870	81.750	183.020	1.166	1.426	2.804	
16	2.000	1.000	82.000	815.235	968.125	970.498	971.355	8,	972.679,	nan	nan	8.000	974.371	44.670	149.620	66.830	122.320	1.383	0.857	3.576	
16	2.000	1.000	83.000	815.235	977.959	980.496	982.032	8,	983.102,	nan	nan	8.000	985.044	66.830	122.320	54.640	183.020	1.547	1.537	2.527	
16	2.000	1.000	84.000	815.235	987.585	989.903	990.828	9,	992.097,	nan	nan	9.000	993.840	81.750	122.320	54.640	149.620	1.330	0.924	3.537	
16	2.000	1.000	85.000	815.235	997.393	999.352	1000.459	8,	1001.251,	nan	nan	8.000	1003.472	54.640	183.020	81.750	122.320	0.973	1.108	2.431	
16	2.000	1.000	86.000	815.235	1005.914	1007.839	1008.613	8,	1009.461,	nan	nan	8.000	1011.626	44.670	223.870	66.830	149.620	0.934	0.775	2.232	
16	2.000	1.000	87.000	815.235	1013.870	1015.470	1017.214	8,	1018.029,	nan	nan	8.000	1020.227	44.670	149.620	81.750	122.320	0.611	1.744	2.637	
16	2.000	1.000	88.000	815.235	1022.875	1024.872	1025.956	9,	1026.294,	nan	nan	9.000	1028.968	66.830	223.870	81.750	183.020	1.006	1.084	3.511	
16	2.000	1.000	89.000	815.235	1032.492	1035.299	1037.159	9,	1037.509,	nan	nan	9.000	1040.177	54.640	223.870	81.750	122.320	1.817	1.860	3.415	
16	2.000	1.000	90.000	815.235	1043.603	1045.822	1047.098	8,	1047.501,	nan	nan	8.000	1050.115	44.670	183.020	81.750	122.320	1.228	1.277	2.746	
16	2.000	1.000	91.000	815.235	1052.878	1055.839	1057.670	8,	1058.437,	nan	nan	8.000	1060.688	44.670	223.870	54.640	149.620	1.976	1.831	3.280	
16	2.000	1.000	92.000	815.235	1063.982	1065.528	1066.225	8,	1066.885,	nan	nan	8.000	1069.238	54.640	44.670	81.750	44.670	0.558	0.698	3.029	
16	2.000	1.000	93.000	815.235	1072.280	1074.603	1076.116	8,	1076.664,	nan	nan	8.000	1079.132	44.670	183.020	66.830	149.620	1.334	1.513	3.910	
16	2.000	1.000	94.000	815.235	1083.056	1085.663	1086.269	9,	1086.620,	nan	nan	9.000	1089.287	66.830	223.870	81.750	149.620	1.619	0.606	3.891	
16	2.000	1.000	95.000	815.235	1093.189	1095.374	1096.573	8,	1097.157,	nan	nan	8.000	1099.586	54.640	183.020	66.830	149.620	1.195	1.199	2.900	
16	2.000	1.000	96.000	815.235	1102.498	1105.489	1106.808	9,	1107.710,	nan	nan	9.000	1109.825	54.640	223.870	66.830	149.620	2.000	1.320	3.479	
16	2.000	1.000	97.000	815.235	1113.316	1115.269	1116.955	9,	1117.998,	nan	nan	9.000	1119.972	66.830	183.020	81.750	149.620	0.963	1.686	3.749	
16	2.000	1.000	98.000	815.235	1123.734	1125.315	1126.017	8,	1126.417,	nan	nan	8.000	1129.034	44.670	223.870	81.750	122.320	0.592	0.703	2.109	
16	2.000	1.000	99.000	815.235	1131.156	1132.853	1134.824	8,	1135.558,	nan	nan	8.000	1137.841	66.830	122.320	44.670	223.870	0.707	1.971	2.836	
16	2.000	1.000	100.000	815.235	1140.694	1142.247	1143.214	8,	1144.190,	nan	nan	8.000	1146.232	44.670	223.870	66.830	183.020	0.568	0.968	3.010	
16	2.000	1.000	101.000	815.235	1149.253	1150.782	1152.386	9,	1152.777,	nan	nan	9.000	1155.403	54.640	223.870	81.750	149.620	0.539	1.605	2.650	
16	2.000	1.000	102.000	815.235	1158.065	1159.853	1161.303	9,	1162.250,	nan	nan	9.000	1164.316	66.830	149.620	81.750	122.320	0.799	1.450	2.997	
16	2.000	1.000	103.000	815.235	1167.325	1169.051	1170.901	9,	1171.197,	nan	nan	9.000	1173.918	81.750	223.870	44.670	149.620	0.736	1.850	3.949	
16	2.000	1.000	104.000	815.235	1177.882	1180.594	1181.489	8,	1182.160,	nan	nan	8.000	1184.505	44.670	223.870	54.640	183.020	1.725	0.895	2.379	
16	2.000	1.000	105.000	815.235	1186.904	1189.751	1191.751	8,	1192.224,	nan	nan	8.000	1194.768	149.620	66.830	183.020	66.830	1.865	2.000	2.977	
16	2.000	1.000	106.000	815.235	1197.757	1199.697	1200.244	8,	1200.760,	nan	nan	8.000	1203.261	54.640	149.620	66.830	122.320	0.949	0.548	2.752	
16	2.000	1.000	107.000	815.235	1206.024	1208.721	1209.221	9,	1210.239,	nan	nan	9.000	1212.237	81.750	183.020	66.830	122.320	1.706	0.500	3.145	
16	2.000	1.000	108.000	815.235	1215.402	1217.231	1218.619	9,	1219.088,	nan	nan	9.000	1221.636	81.750	183.020	54.640	149.620	0.847	1.387	3.068	
16	2.000	1.000	109.000	815.235	1224.714	1227.397	1229.387	8,	1230.111,	nan	nan	8.000	1232.404	44.670	183.020	54.640	149.620	1.691	1.990	3.260	
16	2.000	1.000	110.000	815.235	1235.676	1237.886	1238.544	9,	1239.636,	nan	nan	9.000	1241.562	44.670	183.020	54.640	122.320	1.219	0.659	3.807	
16	2.000	1.000	111.000	815.235	1245.384	1246.987	1247.896	9,	1248.843,	nan	nan	9.000	1250.908	81.750	183.020	44.670	149.620	0.616	0.910	2.990	
16	2.000	1.000	112.000	815.235	1253.911	1256.061	1256.648	8,	1257.797,	nan	nan	8.000	1259.661	44.670	223.870	54.640	122.320	1.161	0.587	2.907	
16	2.000	1.000	113.000	815.235	1262.581	1264.673	1265.674	8,	1266.110,	nan	nan	8.000	1268.686	54.640	223.870	81.750	183.020	1.103	1.002	3.486	
16	2.000	1.000	114.000	815.235	1272.185	1275.048	1276.392	9,	1276.705,	nan	nan	9.000	1279.409	66.830	223.870	81.750	122.320	1.875	1.344	2.913	
16	2.000	1.000	115.000	815.235	1282.630	1283.964	1285.790	8,	1286.539,	nan	nan	8.000	1288.804	66.830	122.320	54.640	223.870	0.640	1.826	2.283	
16	2.000	1.000	116.000	815.235	1291.098	1293.197	1294.564	9,	1295.388,	nan	nan	9.000	1297.577	44.670	183.020	66.830	122.320	1.108	1.368	3.994	
16	2.000	1.000	117.000	815.235	1301.584	1303.888	1305.776	9,	1306.605,	nan	nan	9.000	1308.794	54.640	223.870	66.830	183.020	1.315	1.889	2.026	
16	2.000	1.000	118.000	815.235	1310.832	1312.761	1313.994	8,	1314.283,	nan	nan	8.000	1317.011	149.620	223.870	183.020	223.870	0.939	1.233	2.064	
16	2.000	1.000	119.000	815.235	1319.091	1321.634	1323.590	8,	1323.952,	nan	nan	8.000	1326.603	54.640	149.620	81.750	122.320	1.556	1.957	2.212	
16	2.000	1.000	120.000	815.235	1328.839	1331.065	1332.114	8,	1332.571,	nan	nan	8.000	1335.132	44.670	149.620	81.750	183.020	1.248	1.050	2.424	
16	2.000	1.000	121.000	815.235	1337.571	1339.971	1340.943	8,	1341.271,	nan	nan	8.000	1343.960	44.670	122.320	54.640	223.870	1.412	0.973	2.412	
16	2.000	1.000	122.000	815.235	1346.384	1349.220	1350.322	8,	1350.698,	nan	nan	8.000	1353.335	54.640	149.620	81.750	223.870	1.846	1.103	3.100	
16	2.000	1.000	123.000	815.235	1356.446	1358.559	1359.637	8,	1359.883,	nan	nan	8.000	1362.650	54.640	122.320	81.750	223.870	1.122	1.079	2.939	
16	2.000	1.000	124.000	815.235	1365.601	1368.100	1369.699	8,	1370.283,	nan	nan	8.000	1372.717	44.670	149.620	54.640	183.020	1.508	1.600	3.203	
16	2.000	1.000	125.000	815.235	1375.932	1377.576	1379.055	8,	1379.314,	nan	nan	8.000	1382.072	54.640	122.320	66.830	149.620	0.654	1.479	3.087	
16	2.000	1.000	126.000	815.235	1385.170	1387.172	1388.690	8,	1388.937,	nan	nan	8.000	1391.706	54.640	149.620	66.830	223.870	1.011	1.518	3.653	
16	2.000	1.000	127.000	815.235	1395.374	1397.638	1398.523	8,	1398.876,	nan	nan	8.000	1401.536	66.830	149.620	81.750	223.870	1.277	0.886	2.090	
16	2.000	1.000	128.000	815.235	1403.642	1405.162	1407.041	8,	1407.313,	nan	nan	8.000	1410.054	44.670	122.320	66.830	149.620	0.534	1.879	3.138	
16	2.000	1.000	129.000	815.235	1413.204	1415.543	1417.176	9,	1418.069,	nan	nan	9.000	1420.193	44.670	223.870	66.830	122.320	1.349	1.633	2.006	
16	2.000	1.000	130.000	815.235	1422.213	1424.763	1426.174	8,	1426.430,	nan	nan	8.000	1429.191	44.670	149.620	54.640	223.870	1.561	1.412	2.701	
16	2.000	1.000	131.000	815.235	1431.904	1434.103	1435.172	8,	1435.708,	nan	nan	8.000	1438.189	54.640	149.620	66.830	149.620	1.209	1.069	3.659	
16	2.000	1.000	132.000	815.235	1441.860	1444.580	1445.543	8,	1445.773,	nan	nan	8.000	1448.560	44.670	149.620	81.750	223.870	1.730	0.963	3.531	
16	2.000	1.000	133.000	815.235	1452.105	1454.181	1455.274	8,	1455.509,	nan	nan	8.000	1458.290	44.670	122.320	81.750	223.870	1.088	1.093	3.601	
16	2.000	1.000	134.000	815.235	1461.904	1464.648	1465.152	8,	1465.754,	nan	nan	8.000	1468.168	54.640	149.620	66.830	183.020	1.754	0.505	3.929	
16	2.000	1.000	135.000	815.235	1472.149	1474.536	1475.455	8,	1476.334,	nan	nan	8.000	1478.467	44.670	183.020	81.750	223.870	1.436	0.920	2.347	
16	2.000	1.000	136.000	815.235	1480.829	1482.958	1484.138	8,	1484.462,	nan	nan	8.000	1487.150	66.830	183.020	81.750	223.870	1.141	1.180	2.341	
16	2.000	1.000	137.000	815.235	1489.502	1491.359	1492.168	8,	1492.446,	nan	nan	8.000	1495.180	66.830	122.320	81.750	223.870	0.867	0.809	2.019	
16	2.000	1.000	138.000	815.235	1497.219	1498.861	1499.602	8,	1500.588,	nan	nan	8.000	1502.619	54.640	122.320	81.750	183.020	0.659	0.741	3.550	
16	2.000	1.000	139.000	815.235	1506.181	1508.973	1509.772	8,	1510.317,	nan	nan	8.000	1512.785	44.670	149.620	66.830	183.020	1.802	0.799	3.723	
16	2.000	1.000	140.000	815.235	1516.520	1518.821	1519.933	8,	1520.911,	nan	nan	8.000	1522.950	44.670	122.320	54.640	149.620	1.310	1.113	3.691	
16	2.000	1.000	141.000	815.235	1526.652	1529.180	1529.781	8,	1530.239,	nan	nan	8.000	1532.799	44.670	122.320	54.640	183.020	1.537	0.601	3.878	
16	2.000	1.000	142.000	815.235	1536.694	1538.975	1540.559	9,	1540.821,	nan	nan	9.000	1543.572	54.640	223.870	66.830	122.320	1.296	1.585	2.257	
16	2.000	1.000	143.000	815.235	1545.841	1548.345	1549.076	8,	1549.759,	nan	nan	8.000	1552.088	44.670	122.320	81.750	149.620	1.513	0.732	2.707	
16	2.000	1.000	144.000	815.235	1554.807	1557.547	1558.900	8,	1559.476,	nan	nan	8.000	1561.913	54.640	44.670	66.830	44.670	1.749	1.354	3.363	
16	2.000	1.000	145.000	815.235	1565.289	1567.140	1568.909	8,	1569.171,	nan	nan	8.000	1571.921	54.640	149.620	81.750	183.020	0.862	1.768	3.923	
16	2.000	1.000	146.000	815.235	1575.857	1578.378	1580.252	8,	1580.490,	nan	nan	8.000	1583.270	54.640	183.020	66.830	223.870	1.532	1.875	3.453	
16	2.000	1.000	147.000	815.235	1586.735	1589.017	1589.709	8,	1590.127,	nan	nan	8.000	1592.726	54.640	183.020	81.750	223.870	1.291	0.693	2.495	
16	2.000	1.000	148.000	815.235	1595.234	1597.997	1599.789	8,	1600.728,	nan	nan	8.000	1602.807	66.830	122.320	81.750	149.620	1.773	1.793	2.778	
16	2.000	1.000	149.000	815.235	1605.597	1608.269	1609.526	8,	1609.876,	nan	nan	8.000	1612.539	44.670	122.320	66.830	183.020	1.682	1.257	3.955	
16	2.000	1.000	150.000	815.235	1616.507	1618.372	1619.518	8,	1619.726,	nan	nan	8.000	1622.535	44.670	149.620	66.830	223.870	0.876	1.146	2.945	
16	2.000	1.000	151.000	815.235	1625.493	1627.238	1628.235	8,	1628.504,	nan	nan	8.000	1631.248	66.830	122.320	81.750	183.020	0.756	0.997	2.810	
16	2.000	1.000	152.000	815.235	1634.070	1636.057	1636.648	8,	1637.021,	nan	nan	8.000	1639.661	44.670	183.020	54.640	223.870	0.997	0.592	2.714	
16	2.000	1.000	153.000	815.235	1642.386	1644.982	1646.455	8,	1646.819,	nan	nan	8.000	1649.473	66.830	149.620	81.750	183.020	1.605	1.474	2.958	
16	2.000	1.000	154.000	815.235	1652.442	1655.341	1655.865	9,	1657.220,	nan	nan	9.000	1658.882	44.670	122.320	81.750	183.020	1.908	0.524	3.743	
16	2.000	1.000	155.000	815.235	1662.637	1665.178	1666.295	8,	1667.113,	nan	nan	8.000	1669.312	54.640	183.020	66.830	122.320	1.551	1.117	2.830	
16	2.000	1.000	156.000	815.235	1672.154	1674.059	1675.036	8,8,8,	1675.077,1675.374,1675.973,	8.000	1678.049	8.000	1678.049	44.670	183.020	66.830	223.870	0.915	0.977	3.074	
16	2.000	2.000	157.000	815.235	47.307	49.346	51.095	8,	51.399,	nan	nan	8.000	54.111	183.020	54.640	223.870	54.640	1.040	1.749	2.605	
16	2.000	2.000	158.000	815.235	56.729	58.295	59.759	8,	59.987,	nan	nan	8.000	62.772	81.750	122.320	66.830	183.020	0.577	1.465	2.334	
16	2.000	2.000	159.000	815.235	65.119	67.086	68.777	9,	69.084,	nan	nan	9.000	71.790	81.750	149.620	44.670	223.870	0.977	1.691	3.698	
16	2.000	2.000	160.000	815.235	75.500	76.994	77.639	9,	78.313,	nan	nan	9.000	80.656	81.750	183.020	66.830	149.620	0.505	0.645	2.842	
16	2.000	2.000	161.000	815.235	83.511	85.049	85.718	9,	86.075,	nan	nan	9.000	88.730	66.830	149.620	44.670	122.320	0.548	0.669	2.219	
16	2.000	2.000	162.000	815.235	90.962	92.639	93.510	9,	93.819,	nan	nan	9.000	96.528	81.750	223.870	54.640	122.320	0.688	0.871	3.968	
16	2.000	2.000	163.000	815.235	100.508	102.852	104.161	9,	104.658,	nan	nan	9.000	107.179	66.830	223.870	54.640	122.320	1.354	1.310	3.441	
16	2.000	2.000	164.000	815.235	110.632	112.980	114.946	9,	115.349,	nan	nan	9.000	117.963	81.750	223.870	44.670	122.320	1.359	1.966	2.367	
16	2.000	2.000	165.000	815.235	120.343	122.753	124.391	9,	124.915,	nan	nan	9.000	127.405	66.830	223.870	54.640	149.620	1.421	1.638	2.695	
16	2.000	2.000	166.000	815.235	130.113	131.785	132.767	9,	133.104,	nan	nan	9.000	135.779	66.830	223.870	54.640	183.020	0.683	0.982	3.846	
16	2.000	2.000	167.000	815.235	139.639	141.991	142.977	9,	143.339,	nan	nan	9.000	145.991	81.750	149.620	44.670	183.020	1.363	0.987	3.132	
16	2.000	2.000	168.000	815.235	149.136	150.963	151.756	9,	152.152,	nan	nan	9.000	154.774	81.750	149.620	44.670	122.320	0.838	0.794	3.756	
16	2.000	2.000	169.000	815.235	158.542	161.450	163.343	9,	163.591,	nan	nan	9.000	166.357	81.750	183.020	44.670	122.320	1.918	1.894	2.270	
16	2.000	2.000	170.000	815.235	168.640	171.036	172.481	8,	172.817,	nan	nan	8.000	175.494	183.020	122.320	223.870	122.320	1.407	1.445	3.061	
16	2.000	2.000	171.000	815.235	178.568	180.559	181.961	9,	182.536,	nan	nan	9.000	184.973	54.640	223.870	44.670	149.620	1.002	1.402	3.395	
16	2.000	2.000	172.000	815.235	188.381	190.387	191.658	9,	192.036,	nan	nan	9.000	194.676	54.640	183.020	44.670	149.620	1.016	1.272	3.209	
16	2.000	2.000	173.000	815.235	197.904	200.173	201.227	9,	201.499,	nan	nan	9.000	204.240	66.830	223.870	44.670	183.020	1.286	1.055	2.174	
16	2.000	2.000	174.000	815.235	206.425	208.514	209.756	9,	210.002,	nan	nan	9.000	212.769	81.750	223.870	54.640	149.620	1.098	1.243	3.543	
16	2.000	2.000	175.000	815.235	216.325	218.104	219.636	9,	220.121,	nan	nan	9.000	222.649	81.750	149.620	66.830	122.320	0.789	1.532	2.437	
16	2.000	2.000	176.000	815.235	225.099	227.727	229.187	9,	229.472,	nan	nan	9.000	232.199	66.830	223.870	44.670	149.620	1.638	1.460	3.383	
16	2.000	2.000	177.000	815.235	235.594	238.198	239.339	9,	239.699,	nan	nan	9.000	242.352	66.830	183.020	54.640	149.620	1.614	1.141	3.505	
16	2.000	2.000	178.000	815.235	245.871	248.049	249.967	9,	250.302,	nan	nan	9.000	252.979	66.830	183.020	44.670	122.320	1.190	1.918	3.389	
16	2.000	2.000	179.000	815.235	256.381	258.131	258.756	9,	259.066,	nan	nan	9.000	261.773	66.830	223.870	44.670	122.320	0.760	0.625	2.662	
16	2.000	2.000	180.000	815.235	264.448	266.917	267.783	9,	268.694,	nan	nan	9.000	270.796	66.830	183.020	54.640	122.320	1.479	0.867	3.447	
16	2.000	2.000	181.000	815.235	274.255	276.502	277.802	9,	278.245,	nan	nan	9.000	280.820	66.830	149.620	54.640	122.320	1.257	1.301	2.328	
16	2.000	2.000	182.000	815.235	283.161	285.417	287.262	9,	287.614,	nan	nan	9.000	290.275	81.750	223.870	44.670	183.020	1.267	1.846	2.682	
16	2.000	2.000	183.000	815.235	292.969	294.912	295.937	8,	296.427,	nan	nan	8.000	298.949	66.830	122.320	81.750	122.320	0.953	1.026	2.039	
16	2.000	2.000	184.000	815.235	301.000	302.804	303.665	9,	304.168,	nan	nan	9.000	306.682	54.640	223.870	44.670	183.020	0.814	0.862	2.791	
16	2.000	2.000	185.000	815.235	309.488	311.294	313.009	9,	313.449,	nan	nan	9.000	316.022	54.640	149.620	44.670	122.320	0.818	1.715	3.434	
16	2.000	2.000	186.000	815.235	319.470	321.291	321.974	9,	322.431,	nan	nan	9.000	324.991	81.750	149.620	54.640	122.320	0.833	0.683	2.926	
16	2.000	2.000	187.000	815.235	327.930	329.955	331.293	9,	331.782,	nan	nan	9.000	334.307	54.640	183.020	44.670	122.320	1.035	1.339	3.125	
16	2.000	2.000	188.000	815.235	337.448	339.808	340.573	9,	340.861,	nan	nan	9.000	343.585	81.750	223.870	66.830	183.020	1.373	0.765	2.405	
16	2.000	2.000	189.000	815.235	346.006	347.888	349.517	9,	349.806,	nan	nan	9.000	352.535	81.750	183.020	54.640	122.320	0.895	1.629	2.855	
16	2.000	2.000	190.000	815.235	355.403	357.525	358.459	9,	358.950,	nan	nan	9.000	361.471	54.640	223.870	44.670	122.320	1.132	0.934	2.547	
16	2.000	2.000	191.000	815.235	364.031	365.742	366.642	9,	367.003,	nan	nan	9.000	369.655	81.750	223.870	66.830	149.620	0.722	0.900	2.669	
16	2.000	2.000	192.000	815.235	372.337	373.961	375.121	9,	375.431,	nan	nan	9.000	378.134	81.750	223.870	66.830	122.320	0.635	1.161	3.177	
16	2.000	2.000	193.000	815.235	381.324	384.168	385.637	9,	386.353,	nan	nan	9.000	388.655	81.750	149.620	54.640	183.020	1.855	1.469	3.498	
16	2.000	2.000	194.000	815.235	392.167	394.230	395.327	9,	395.680,	nan	nan	9.000	398.345	81.750	223.870	54.640	183.020	1.074	1.098	2.720	
16	2.000	2.000	195.000	815.235	401.079	403.720	404.567	9,	405.006,	nan	nan	9.000	407.580	66.830	183.020	44.670	149.620	1.653	0.847	2.630	
16	2.000	2.000	196.000	815.235	410.224	411.963	413.620	8,	414.057,	nan	nan	8.000	416.633	66.830	54.640	81.750	54.640	0.751	1.658	3.717	
16	2.000	2.000	197.000	815.235	420.363	423.136	424.913	8,	425.259,	nan	nan	8.000	427.932	54.640	122.320	66.830	183.020	1.783	1.778	3.312	
16	2.000	2.000	198.000	815.235	431.257	434.217	435.257	8,	436.331,	nan	nan	8.000	438.274	54.640	149.620	44.670	223.870	1.971	1.040	2.894	
16	2.000	2.000	199.000	815.235	441.184	443.634	444.698	8,	445.360,	nan	nan	8.000	447.712	54.640	122.320	44.670	223.870	1.465	1.064	2.277	
16	2.000	2.000	200.000	815.235	450.001	452.460	452.979	8,	453.524,	nan	nan	8.000	455.991	81.750	183.020	66.830	223.870	1.469	0.519	3.711	
16	2.000	2.000	201.000	815.235	459.717	461.754	463.706	8,	464.267,	nan	nan	8.000	466.718	54.640	122.320	81.750	149.620	1.050	1.952	2.572	
16	2.000	2.000	202.000	815.235	469.304	471.251	472.633	8,	473.008,	nan	nan	8.000	475.651	81.750	122.320	66.830	223.870	0.958	1.383	2.013	
16	2.000	2.000	203.000	815.235	477.676	480.401	481.749	8,	482.541,	nan	nan	8.000	484.761	66.830	149.620	54.640	223.870	1.735	1.349	3.981	
16	2.000	2.000	204.000	815.235	488.756	490.418	491.168	9,	492.009,	nan	nan	9.000	494.187	66.830	149.620	54.640	183.020	0.674	0.751	2.797	
16	2.000	2.000	205.000	815.235	496.997	499.967	500.679	9,	500.986,	nan	nan	9.000	503.691	81.750	122.320	44.670	223.870	1.981	0.712	2.740	
16	2.000	2.000	206.000	815.235	506.443	508.801	510.477	8,	511.634,	nan	nan	8.000	513.495	66.830	183.020	54.640	223.870	1.368	1.677	3.376	
16	2.000	2.000	207.000	815.235	516.885	519.270	520.262	9,	521.401,	nan	nan	9.000	523.279	54.640	183.020	44.670	223.870	1.397	0.992	3.685	
16	2.000	2.000	208.000	815.235	526.977	528.664	529.699	9,	530.470,	nan	nan	9.000	532.711	81.750	183.020	44.670	223.870	0.698	1.035	3.672	
16	2.000	2.000	209.000	815.235	536.397	539.173	540.377	8,	540.803,	nan	nan	8.000	543.390	149.620	66.830	223.870	66.830	1.788	1.204	2.862	
16	2.000	2.000	210.000	815.235	546.265	548.140	549.455	9,	550.222,	nan	nan	9.000	552.471	81.750	122.320	66.830	149.620	0.886	1.315	3.556	
16	2.000	2.000	211.000	815.235	556.041	558.890	560.706	9,	561.055,	nan	nan	9.000	563.724	66.830	183.020	44.670	223.870	1.860	1.817	2.656	
16	2.000	2.000	212.000	815.235	566.393	568.866	570.050	8,	570.683,	nan	nan	8.000	573.063	44.670	183.020	81.750	149.620	1.484	1.185	3.961	
16	2.000	2.000	213.000	815.235	577.038	579.453	580.951	9,	582.234,	nan	nan	9.000	583.969	54.640	122.320	44.670	183.020	1.426	1.498	2.508	
16	2.000	2.000	214.000	815.235	586.491	589.373	590.215	9,	591.447,	nan	nan	9.000	593.232	54.640	122.320	44.670	149.620	1.894	0.842	3.254	
16	2.000	2.000	215.000	815.235	596.499	599.064	600.591	8,	601.758,	nan	nan	8.000	603.608	81.750	149.620	54.640	223.870	1.576	1.527	2.868	
16	2.000	2.000	216.000	815.235	606.490	609.136	609.892	8,	610.206,	nan	nan	8.000	612.908	81.750	149.620	66.830	223.870	1.658	0.756	2.965	
16	2.000	2.000	217.000	815.235	615.887	617.896	619.601	8,	619.901,	nan	nan	8.000	622.619	44.670	223.870	81.750	149.620	1.021	1.706	2.309	
16	2.000	2.000	218.000	815.235	624.942	626.922	627.576	8,	628.594,	nan	nan	8.000	630.595	81.750	149.620	66.830	183.020	0.992	0.654	3.730	
16	2.000	2.000	219.000	815.235	634.338	636.068	636.702	8,	637.015,	nan	nan	8.000	639.720	54.640	122.320	66.830	223.870	0.741	0.635	2.225	
16	2.000	2.000	220.000	815.235	641.958	643.500	644.222	8,	644.899,	nan	nan	8.000	647.234	44.670	122.320	66.830	223.870	0.553	0.722	2.476	
16	2.000	2.000	221.000	815.235	649.723	652.104	653.482	9,	654.250,	nan	nan	9.000	656.494	66.830	122.320	44.670	183.020	1.392	1.378	3.402	
16	2.000	2.000	222.000	815.235	659.909	662.131	663.046	8,	663.416,	nan	nan	8.000	666.063	149.620	122.320	223.870	122.320	1.233	0.915	2.482	
16	2.000	2.000	223.000	815.235	668.558	670.809	672.365	9,	673.069,	nan	nan	9.000	675.382	54.640	149.620	44.670	183.020	1.262	1.556	2.032	
16	2.000	2.000	224.000	815.235	677.428	680.137	682.079	9,	682.401,	nan	nan	9.000	685.097	81.750	183.020	54.640	223.870	1.720	1.942	3.048	
16	2.000	2.000	225.000	815.235	688.158	690.887	692.689	8,	693.401,	nan	nan	8.000	695.701	81.750	122.320	54.640	223.870	1.740	1.802	3.113	
16	2.000	2.000	226.000	815.235	698.827	701.488	702.272	9,	702.890,	nan	nan	9.000	705.289	81.750	122.320	44.670	149.620	1.672	0.785	2.180	
16	2.000	2.000	227.000	815.235	707.482	709.497	710.542	9,	711.006,	nan	nan	9.000	713.553	66.830	183.020	81.750	122.320	1.026	1.045	2.932	
16	2.000	2.000	228.000	815.235	716.505	718.876	720.272	9,	720.681,	nan	nan	9.000	723.284	81.750	122.320	44.670	183.020	1.387	1.397	2.000	
16	2.000	2.000	229.000	815.235	725.298	727.611	729.259	8,	729.888,	nan	nan	8.000	732.276	81.750	122.320	54.640	183.020	1.325	1.648	3.408	
16	2.000	2.000	230.000	815.235	735.698	737.992	738.665	8,	739.480,	nan	nan	8.000	741.677	54.640	183.020	81.750	149.620	1.305	0.674	3.524	
16	2.000	2.000	231.000	815.235	745.214	747.852	748.973	9,	749.325,	nan	nan	9.000	751.986	66.830	122.320	44.670	149.620	1.648	1.122	2.141	
16	2.000	2.000	232.000	815.235	754.144	756.826	758.561	9,	758.943,	nan	nan	9.000	761.574	66.830	149.620	44.670	183.020	1.696	1.735	2.617	
16	2.000	2.000	233.000	815.235	764.206	766.682	767.192	9,	768.318,	nan	nan	9.000	770.204	66.830	149.620	44.670	223.870	1.489	0.510	3.916	
16	2.000	2.000	234.000	815.235	774.138	776.833	777.622	9,	778.833,	nan	nan	9.000	780.639	66.830	122.320	54.640	149.620	1.711	0.789	3.704	
16	2.000	2.000	235.000	815.235	784.357	786.125	787.855	8,	788.260,	nan	nan	8.000	790.872	54.640	183.020	81.750	183.020	0.780	1.730	2.354	
16	2.000	2.000	236.000	815.235	793.239	795.529	796.366	8,	797.260,	nan	nan	8.000	799.379	66.830	122.320	54.640	223.870	1.301	0.838	3.196	
16	2.000	2.000	237.000	815.235	802.595	805.322	806.000	8,	806.565,	nan	nan	8.000	809.012	44.670	183.020	81.750	122.320	1.744	0.678	2.585	
16	2.000	2.000	238.000	815.235	811.610	813.644	814.216	8,	815.417,	nan	nan	8.000	817.229	66.830	122.320	54.640	183.020	1.045	0.572	2.772	
16	2.000	2.000	239.000	815.235	820.014	821.894	822.664	9,	823.884,	nan	nan	9.000	825.681	66.830	149.620	81.750	122.320	0.891	0.770	3.640	
16	2.000	2.000	240.000	815.235	829.334	832.256	833.059	8,	833.407,	nan	nan	8.000	836.077	44.670	223.870	81.750	183.020	1.932	0.804	2.984	
16	2.000	2.000	241.000	815.235	839.078	841.894	843.388	8,	843.788,	nan	nan	8.000	846.406	44.670	183.020	66.830	149.620	1.831	1.494	3.080	
16	2.000	2.000	242.000	815.235	849.500	851.114	852.887	9,	854.000,	nan	nan	9.000	855.903	44.670	223.870	54.640	122.320	0.625	1.773	2.875	
16	2.000	2.000	243.000	815.235	858.791	861.447	862.405	8,	862.805,	nan	nan	8.000	865.417	44.670	223.870	66.830	183.020	1.667	0.958	2.077	
16	2.000	2.000	244.000	815.235	867.508	869.142	870.649	9,	871.405,	nan	nan	9.000	873.667	81.750	183.020	66.830	122.320	0.645	1.508	3.305	
16	2.000	2.000	245.000	815.235	876.986	879.420	881.120	8,	881.790,	nan	nan	8.000	884.138	44.670	149.620	81.750	122.320	1.445	1.701	3.248	
16	2.000	2.000	246.000	815.235	887.400	889.115	891.013	9,	892.064,	nan	nan	9.000	894.026	81.750	183.020	44.670	149.620	0.727	1.899	3.299	
16	2.000	2.000	247.000	815.235	897.338	898.914	900.817	9,	901.553,	nan	nan	9.000	903.834	44.670	223.870	54.640	149.620	0.587	1.904	3.421	
16	2.000	2.000	248.000	815.235	907.270	909.674	911.263	8,	911.528,	nan	nan	8.000	914.280	54.640	66.830	81.750	66.830	1.416	1.590	2.534	
16	2.000	2.000	249.000	815.235	916.827	919.701	920.427	9,	921.674,	nan	nan	9.000	923.439	54.640	183.020	81.750	122.320	1.884	0.727	3.839	
16	2.000	2.000	250.000	815.235	927.292	930.102	931.108	9,	932.250,	nan	nan	9.000	934.121	66.830	183.020	81.750	149.620	1.822	1.006	3.833	
16	2.000	2.000	251.000	815.235	937.968	940.276	941.407	9,	941.721,	nan	nan	9.000	944.420	81.750	223.870	44.670	149.620	1.320	1.132	3.788	
16	2.000	2.000	252.000	815.235	948.221	950.703	951.285	8,	952.001,	nan	nan	8.000	954.302	44.670	149.620	54.640	122.320	1.494	0.582	3.852	
16	2.000	2.000	253.000	815.235	958.169	960.746	961.820	8,	962.280,	nan	nan	8.000	964.837	44.670	149.620	66.830	122.320	1.590	1.074	2.579	
16	2.000	2.000	254.000	815.235	967.437	968.938	970.619	9,	970.959,	nan	nan	9.000	973.631	66.830	223.870	81.750	122.320	0.519	1.682	3.273	
16	2.000	2.000	255.000	815.235	976.922	979.550	980.214	8,	980.815,	nan	nan	8.000	983.226	44.670	223.870	54.640	183.020	1.643	0.664	2.624	
16	2.000	2.000	256.000	815.235	985.871	988.644	990.219	9,	990.747,	nan	nan	9.000	993.233	66.830	122.320	44.670	223.870	1.793	1.576	2.450	
16	2.000	2.000	257.000	815.235	995.705	998.140	999.030	8,	999.912,	nan	nan	8.000	1002.043	54.640	149.620	66.830	122.320	1.455	0.891	2.244	
16	2.000	2.000	258.000	815.235	1004.300	1007.130	1007.779	9,	1008.075,	nan	nan	9.000	1010.798	81.750	183.020	54.640	149.620	1.841	0.650	2.399	
16	2.000	2.000	259.000	815.235	1013.210	1015.640	1016.583	9,	1017.322,	nan	nan	9.000	1019.596	54.640	223.870	66.830	149.620	1.441	0.944	3.151	
16	2.000	2.000	260.000	815.235	1022.760	1024.601	1026.364	9,	1028.023,	nan	nan	9.000	1029.382	54.640	223.870	81.750	122.320	0.852	1.764	2.161	
16	2.000	2.000	261.000	815.235	1031.556	1033.373	1034.668	8,	1035.414,	nan	nan	8.000	1037.681	149.620	44.670	183.020	44.670	0.828	1.296	3.826	
16	2.000	2.000	262.000	815.235	1041.522	1044.287	1046.046	8,	1046.498,	nan	nan	8.000	1049.063	44.670	183.020	54.640	149.620	1.778	1.759	2.148	
16	2.000	2.000	263.000	815.235	1051.225	1054.011	1054.829	9,	1055.713,	nan	nan	9.000	1057.847	66.830	223.870	81.750	183.020	1.797	0.818	3.974	
16	2.000	2.000	264.000	815.235	1061.837	1064.027	1064.570	9,	1065.731,	nan	nan	9.000	1067.587	44.670	183.020	54.640	122.320	1.204	0.543	3.678	
16	2.000	2.000	265.000	815.235	1071.288	1073.607	1075.202	8,	1075.899,	nan	nan	8.000	1078.214	44.670	223.870	66.830	149.620	1.339	1.595	2.514	
16	2.000	2.000	266.000	815.235	1080.742	1082.800	1084.723	9,	1085.561,	nan	nan	9.000	1087.735	44.670	223.870	81.750	122.320	1.069	1.923	2.296	
16	2.000	2.000	267.000	815.235	1090.043	1092.507	1093.865	8,	1094.182,	nan	nan	8.000	1096.878	54.640	223.870	81.750	183.020	1.474	1.359	2.058	
16	2.000	2.000	268.000	815.235	1098.954	1101.788	1103.204	8,	1104.089,	nan	nan	8.000	1106.217	54.640	223.870	81.750	149.620	1.850	1.416	2.103	
16	2.000	2.000	269.000	815.235	1108.332	1110.536	1111.165	9,	1112.118,	nan	nan	9.000	1114.183	81.750	122.320	54.640	149.620	1.214	0.630	2.251	
16	2.000	2.000	270.000	815.235	1116.447	1119.016	1120.379	9,	1121.254,	nan	nan	9.000	1123.392	54.640	223.870	66.830	183.020	1.580	1.363	2.167	
16	2.000	2.000	271.000	815.235	1125.573	1128.277	1129.514	8,	1130.271,	nan	nan	8.000	1132.528	54.640	183.020	66.830	149.620	1.715	1.238	2.489	
16	2.000	2.000	272.000	815.235	1135.029	1138.014	1139.594	9,	1139.925,	nan	nan	9.000	1142.607	66.830	223.870	81.750	149.620	1.995	1.580	3.621	
16	2.000	2.000	273.000	815.235	1146.241	1149.186	1149.720	9,	1151.607,	nan	nan	9.000	1152.737	44.670	183.020	66.830	122.320	1.957	0.534	2.598	
16	2.000	2.000	274.000	815.235	1155.350	1157.267	1158.143	8,	1158.484,	nan	nan	8.000	1161.160	149.620	122.320	183.020	122.320	0.929	0.876	3.222	
16	2.000	2.000	275.000	815.235	1164.396	1166.053	1166.905	8,8,	1167.130,1167.192,	nan	nan	8.000	1169.923	44.670	149.620	54.640	183.020	0.669	0.852	3.183	
16	2.000	2.000	276.000	815.235	1173.125	1175.559	1177.168	8,	1177.456,	nan	nan	8.000	1180.185	44.670	149.620	66.830	223.870	1.450	1.609	3.814	
16	2.000	2.000	277.000	815.235	1184.012	1185.945	1186.497	8,	1187.023,	nan	nan	8.000	1189.515	44.670	122.320	66.830	183.020	0.944	0.553	3.904	
16	2.000	2.000	278.000	815.235	1193.433	1195.943	1197.639	8,	1198.087,	nan	nan	8.000	1200.652	54.640	149.620	81.750	223.870	1.523	1.696	3.357	
16	2.000	2.000	279.000	815.235	1204.025	1206.191	1207.621	8,	1208.017,	nan	nan	8.000	1210.639	44.670	122.320	81.750	183.020	1.180	1.431	3.170	
16	2.000	2.000	280.000	815.235	1213.824	1216.156	1218.117	8,	1218.603,	nan	nan	8.000	1221.129	54.640	183.020	66.830	122.320	1.344	1.961	2.051	
16	2.000	2.000	281.000	815.235	1223.195	1226.082	1227.537	9,	1228.862,	nan	nan	9.000	1230.554	54.640	223.870	66.830	122.320	1.899	1.455	2.727	
16	2.000	2.000	282.000	815.235	1233.295	1236.091	1236.653	8,	1237.383,	nan	nan	8.000	1239.665	54.640	149.620	81.750	122.320	1.807	0.563	3.016	
16	2.000	2.000	283.000	815.235	1242.696	1245.279	1245.836	8,	1246.235,	nan	nan	8.000	1248.853	44.670	149.620	54.640	223.870	1.595	0.558	3.241	
16	2.000	2.000	284.000	815.235	1252.108	1253.977	1254.544	8,	1254.927,	nan	nan	8.000	1257.562	54.640	122.320	81.750	223.870	0.881	0.568	2.457	
16	2.000	2.000	285.000	815.235	1260.032	1261.815	1263.482	8,	1263.774,	nan	nan	8.000	1266.494	54.640	149.620	81.750	183.020	0.794	1.667	2.193	
16	2.000	2.000	286.000	815.235	1268.702	1270.252	1270.940	8,	1271.374,	nan	nan	8.000	1273.956	44.670	183.020	66.830	223.870	0.563	0.688	2.643	
16	2.000	2.000	287.000	815.235	1276.613	1278.406	1279.229	8,	1280.124,	nan	nan	8.000	1282.246	54.640	149.620	66.830	149.620	0.804	0.823	2.135	
16	2.000	2.000	288.000	815.235	1284.394	1286.925	1288.365	8,	1288.625,	nan	nan	8.000	1291.382	66.830	149.620	81.750	183.020	1.542	1.441	2.129	
16	2.000	2.000	289.000	815.235	1293.526	1295.944	1297.032	8,	1297.384,	nan	nan	8.000	1300.044	54.640	149.620	66.830	183.020	1.431	1.088	2.887	
16	2.000	2.000	290.000	815.235	1302.946	1304.791	1306.337	8,	1306.996,	nan	nan	8.000	1309.355	44.670	122.320	54.640	183.020	0.857	1.547	3.267	
16	2.000	2.000	291.000	815.235	1312.637	1315.209	1317.146	8,	1317.178,	nan	nan	8.000	1320.164	54.640	149.620	66.830	223.870	1.585	1.937	2.881	
16	2.000	2.000	292.000	815.235	1323.059	1324.548	1325.698	8,	1326.031,	nan	nan	8.000	1328.710	54.640	183.020	81.750	223.870	0.500	1.151	4.000	
16	2.000	2.000	293.000	815.235	1332.724	1334.459	1336.212	8,	1336.552,	nan	nan	8.000	1339.226	44.670	149.620	81.750	183.020	0.746	1.754	2.675	
16	2.000	2.000	294.000	815.235	1341.915	1343.509	1344.723	8,	1345.088,	nan	nan	8.000	1347.736	54.640	122.320	66.830	149.620	0.606	1.214	3.293	
16	2.000	2.000	295.000	815.235	1351.042	1353.177	1354.796	8,	1355.441,	nan	nan	8.000	1357.814	44.670	149.620	81.750	223.870	1.146	1.619	3.871	
16	2.000	2.000	296.000	815.235	1361.706	1364.615	1366.229	8,	1366.576,	nan	nan	8.000	1369.241	54.640	122.320	81.750	183.020	1.928	1.614	3.884	
16	2.000	2.000	297.000	815.235	1373.141	1375.298	1376.464	8,	1377.193,	nan	nan	8.000	1379.483	44.670	122.320	54.640	149.620	1.170	1.166	2.122	
16	2.000	2.000	298.000	815.235	1381.619	1384.125	1385.907	8,	1386.312,	nan	nan	8.000	1388.925	44.670	122.320	81.750	223.870	1.518	1.783	2.154	
16	2.000	2.000	299.000	815.235	1391.092	1392.987	1393.940	8,	1394.628,	nan	nan	8.000	1396.952	44.670	149.620	66.830	183.020	0.905	0.953	3.318	
16	2.000	2.000	300.000	815.235	1400.284	1402.385	1403.521	8,	1404.330,	nan	nan	8.000	1406.539	54.640	44.670	66.830	44.670	1.113	1.137	2.553	
16	2.000	2.000	301.000	815.235	1409.105	1410.690	1411.219	8,	1411.858,	nan	nan	8.000	1414.231	44.670	183.020	54.640	223.870	0.596	0.529	2.289	
16	2.000	2.000	302.000	815.235	1416.534	1419.286	1420.441	8,	1420.691,	nan	nan	8.000	1423.454	44.670	122.320	66.830	149.620	1.764	1.156	2.823	
16	2.000	2.000	303.000	815.235	1426.305	1428.180	1429.210	8,	1429.569,	nan	nan	8.000	1432.223	66.830	183.020	81.750	223.870	0.900	1.031	3.608	
16	2.000	2.000	304.000	815.235	1435.848	1438.756	1440.259	8,	1441.301,	nan	nan	8.000	1443.271	44.670	223.870	66.830	122.320	1.923	1.503	3.344	
16	2.000	2.000	305.000	815.235	1446.629	1448.735	1450.156	8,	1451.167,	nan	nan	8.000	1453.172	44.670	122.320	81.750	149.620	1.117	1.421	2.096	
16	2.000	2.000	306.000	815.235	1455.282	1458.218	1460.145	8,	1460.396,	nan	nan	8.000	1463.158	66.830	149.620	81.750	223.870	1.947	1.928	3.942	
16	2.000	2.000	307.000	815.235	1467.116	1469.345	1469.922	8,	1470.272,	nan	nan	8.000	1472.939	44.670	183.020	81.750	223.870	1.243	0.577	3.286	
16	2.000	2.000	308.000	815.235	1476.240	1479.213	1479.828	8,	1480.188,	nan	nan	8.000	1482.845	66.830	122.320	81.750	223.870	1.986	0.616	2.386	
16	2.000	2.000	309.000	815.235	1485.246	1487.418	1489.287	8,	1489.739,	nan	nan	8.000	1492.300	66.830	122.320	81.750	183.020	1.185	1.870	2.360	
16	2.000	2.000	310.000	815.235	1494.673	1497.614	1498.832	8,	1499.469,	nan	nan	8.000	1501.844	66.830	122.320	81.750	149.620	1.952	1.219	3.093	
16	2.000	2.000	311.000	815.235	1504.953	1506.782	1508.304	8,	1509.286,	nan	nan	8.000	1511.321	44.670	122.320	54.640	223.870	0.842	1.523	3.897	
16	2.000	2.000	312.000	815.235	1515.232	1518.182	1519.753	8,	1520.034,	nan	nan	8.000	1522.770	54.640	183.020	66.830	223.870	1.961	1.571	2.206	
