subjID	session	Block	trialCount	earnings	Gam1Onset	Gam2Onset	FBOnset	KPs	RT	KPlate	RTlate	KP_Final	SLOnset	Gam1_1	Gam1_2	Gam2_1	Gam2_2	jit1	jit2	jit3	
17	2.000	1.000	1.000	544.886	88.640	90.948	91.568	nan	nan	8.000	94.617	nan	nan	183.020	66.830	223.870	66.830	1.320	0.621	2.103	
17	2.000	1.000	2.000	544.886	96.731	98.695	99.976	8,	100.468,	nan	nan	8.000	102.989	81.750	149.620	66.830	122.320	0.973	1.281	2.347	
17	2.000	1.000	3.000	544.886	105.347	107.572	108.617	9,	109.189,	nan	nan	9.000	111.630	54.640	223.870	44.670	149.620	1.233	1.045	2.199	
17	2.000	1.000	4.000	544.886	113.845	116.764	117.543	9,	118.924,	nan	nan	9.000	120.556	66.830	223.870	44.670	149.620	1.932	0.780	2.469	
17	2.000	1.000	5.000	544.886	123.036	125.097	126.450	nan	nan	nan	nan	nan	nan	54.640	183.020	44.670	149.620	1.069	1.354	3.209	
17	2.000	1.000	6.000	544.886	132.714	134.262	135.953	9,	136.350,	nan	nan	9.000	138.971	81.750	223.870	44.670	183.020	0.568	1.691	3.447	
17	2.000	1.000	7.000	544.886	142.429	144.378	146.315	8,	146.619,	nan	nan	8.000	149.333	66.830	183.020	44.670	122.320	0.958	1.937	2.559	
17	2.000	1.000	8.000	544.886	151.917	154.490	155.018	9,	155.361,	nan	nan	9.000	158.031	81.750	223.870	66.830	149.620	1.595	0.529	2.373	
17	2.000	1.000	9.000	544.886	160.416	162.249	163.515	8,	163.990,	nan	nan	8.000	166.534	66.830	149.620	54.640	122.320	0.842	1.267	3.273	
17	2.000	1.000	10.000	544.886	169.846	172.091	174.013	9,	174.414,	nan	nan	9.000	177.027	81.750	223.870	66.830	183.020	1.281	1.923	2.418	
17	2.000	1.000	11.000	544.886	179.471	181.347	182.942	8,	183.296,	nan	nan	8.000	185.955	81.750	149.620	54.640	122.320	0.900	1.595	2.598	
17	2.000	1.000	12.000	544.886	188.563	190.484	191.336	8,	192.509,	nan	nan	8.000	194.354	66.830	149.620	44.670	122.320	0.929	0.852	2.309	
17	2.000	1.000	13.000	544.886	196.701	198.203	199.156	9,	200.388,	nan	nan	9.000	202.175	81.750	223.870	44.670	122.320	0.539	0.953	2.129	
17	2.000	1.000	14.000	544.886	204.314	205.811	207.642	8,	208.193,	nan	nan	8.000	210.655	183.020	149.620	223.870	149.620	0.505	1.831	3.074	
17	2.000	1.000	15.000	544.886	213.740	215.342	217.317	8,	217.756,	nan	nan	8.000	220.336	81.750	149.620	44.670	122.320	0.611	1.976	3.190	
17	2.000	1.000	16.000	544.886	223.551	226.397	228.059	9,	228.509,	nan	nan	9.000	231.078	81.750	183.020	66.830	149.620	1.870	1.662	3.010	
17	2.000	1.000	17.000	544.886	234.098	236.057	237.753	nan	nan	nan	nan	nan	nan	54.640	183.020	44.670	122.320	0.968	1.696	3.582	
17	2.000	1.000	18.000	544.886	244.395	245.999	246.653	8,	247.886,	nan	nan	8.000	249.670	81.750	149.620	44.670	223.870	0.630	0.654	2.971	
17	2.000	1.000	19.000	544.886	252.655	254.351	255.922	9,	256.314,	nan	nan	9.000	258.940	81.750	149.620	44.670	183.020	0.707	1.571	3.627	
17	2.000	1.000	20.000	544.886	262.578	265.266	267.014	8,	267.390,	nan	nan	8.000	270.032	81.750	183.020	44.670	122.320	1.696	1.749	3.859	
17	2.000	1.000	21.000	544.886	273.903	276.150	277.364	9,	277.806,	nan	nan	9.000	280.382	54.640	223.870	44.670	122.320	1.257	1.214	3.055	
17	2.000	1.000	22.000	544.886	283.458	286.256	288.053	9,	288.927,	nan	nan	9.000	291.071	66.830	223.870	54.640	122.320	1.817	1.797	2.180	
17	2.000	1.000	23.000	544.886	293.272	295.786	296.411	8,	296.897,	nan	nan	8.000	299.427	81.750	183.020	54.640	122.320	1.532	0.625	2.990	
17	2.000	1.000	24.000	544.886	302.437	305.319	307.280	9,	308.789,	nan	nan	9.000	310.293	66.830	223.870	44.670	183.020	1.899	1.961	2.984	
17	2.000	1.000	25.000	544.886	313.293	315.584	316.981	9,	317.112,	nan	nan	9.000	319.999	81.750	223.870	66.830	122.320	1.305	1.397	3.151	
17	2.000	1.000	26.000	544.886	323.162	324.908	326.093	9,	326.537,	nan	nan	9.000	329.111	81.750	122.320	66.830	183.020	0.756	1.185	3.949	
17	2.000	1.000	27.000	544.886	333.078	335.246	337.111	8,	337.815,	nan	nan	8.000	340.124	66.830	122.320	81.750	122.320	1.185	1.865	2.778	
17	2.000	1.000	28.000	544.886	342.913	345.277	346.712	nan	nan	9.000	349.735	nan	nan	66.830	223.870	54.640	149.620	1.373	1.436	2.727	
17	2.000	1.000	29.000	544.886	352.478	354.244	355.081	8,8,	355.822,357.098,	nan	nan	8.000	358.101	81.750	149.620	54.640	183.020	0.780	0.838	2.186	
17	2.000	1.000	30.000	544.886	360.299	362.379	363.124	9,	365.033,	nan	nan	9.000	366.137	66.830	183.020	54.640	149.620	1.088	0.746	2.617	
17	2.000	1.000	31.000	544.886	368.769	371.409	372.695	9,	374.070,	nan	nan	9.000	375.707	66.830	223.870	54.640	183.020	1.653	1.286	3.312	
17	2.000	1.000	32.000	544.886	379.031	381.067	382.748	8,	384.209,	nan	nan	8.000	385.761	81.750	223.870	54.640	149.620	1.045	1.682	2.270	
17	2.000	1.000	33.000	544.886	388.042	389.576	390.491	nan	nan	nan	nan	nan	nan	54.640	149.620	44.670	122.320	0.543	0.915	2.932	
17	2.000	1.000	34.000	544.886	396.463	398.691	399.229	8,	400.467,	nan	nan	8.000	402.242	66.830	183.020	54.640	122.320	1.238	0.539	3.331	
17	2.000	1.000	35.000	544.886	405.586	407.524	409.422	8,	409.615,	nan	nan	8.000	412.442	66.830	183.020	44.670	149.620	0.949	1.899	2.424	
17	2.000	1.000	36.000	544.886	414.878	416.489	418.421	9,	418.673,	nan	nan	9.000	421.434	81.750	223.870	54.640	183.020	0.621	1.932	3.653	
17	2.000	1.000	37.000	544.886	425.098	428.055	429.346	9,	429.907,	nan	nan	9.000	432.364	66.830	223.870	44.670	122.320	1.966	1.291	3.543	
17	2.000	1.000	38.000	544.886	435.920	438.240	439.410	9,	439.814,	nan	nan	9.000	442.428	81.750	223.870	54.640	122.320	1.330	1.170	3.614	
17	2.000	1.000	39.000	544.886	446.074	447.926	449.838	9,	450.342,	nan	nan	9.000	452.852	54.640	223.870	44.670	183.020	0.881	1.913	3.807	
17	2.000	1.000	40.000	544.886	456.672	458.494	460.460	8,	461.636,	nan	nan	8.000	463.479	66.830	44.670	81.750	44.670	0.833	1.966	2.830	
17	2.000	1.000	41.000	544.886	466.349	469.147	470.211	8,	470.549,	nan	nan	8.000	473.223	54.640	183.020	44.670	223.870	1.836	1.064	3.087	
17	2.000	1.000	42.000	544.886	476.335	479.081	479.653	8,	480.753,	nan	nan	8.000	482.671	66.830	149.620	54.640	223.870	1.768	0.572	3.466	
17	2.000	1.000	43.000	544.886	486.157	489.020	489.948	8,	490.589,	nan	nan	8.000	492.961	44.670	183.020	81.750	149.620	1.879	0.929	2.463	
17	2.000	1.000	44.000	544.886	495.435	498.349	498.897	8,	499.284,	nan	nan	8.000	501.915	81.750	149.620	54.640	223.870	1.923	0.548	3.338	
17	2.000	1.000	45.000	544.886	505.274	507.117	507.824	9,	508.815,	nan	nan	9.000	510.842	54.640	122.320	44.670	149.620	0.862	0.707	2.605	
17	2.000	1.000	46.000	544.886	513.471	516.063	517.064	9,	517.121,	nan	nan	9.000	520.082	54.640	122.320	44.670	183.020	1.614	1.002	3.691	
17	2.000	1.000	47.000	544.886	523.785	525.522	527.232	9,	527.688,	nan	nan	9.000	530.250	81.750	122.320	44.670	149.620	0.746	1.711	3.794	
17	2.000	1.000	48.000	544.886	534.056	536.082	537.228	8,	538.238,	nan	nan	8.000	540.241	66.830	183.020	81.750	122.320	1.035	1.146	3.473	
17	2.000	1.000	49.000	544.886	543.742	545.794	547.312	9,	548.290,	nan	nan	9.000	550.325	66.830	122.320	54.640	149.620	1.079	1.518	3.666	
17	2.000	1.000	50.000	544.886	554.003	556.284	557.666	8,	559.299,	nan	nan	8.000	560.683	66.830	149.620	54.640	183.020	1.291	1.383	3.884	
17	2.000	1.000	51.000	544.886	564.579	566.750	567.905	8,	569.487,	nan	nan	8.000	570.923	66.830	183.020	54.640	223.870	1.180	1.156	3.222	
17	2.000	1.000	52.000	544.886	574.157	576.139	576.697	8,	577.127,	nan	nan	8.000	579.710	66.830	183.020	44.670	223.870	0.992	0.558	3.556	
17	2.000	1.000	53.000	544.886	583.297	585.685	586.546	8,	587.130,	nan	nan	8.000	589.565	149.620	66.830	223.870	66.830	1.416	0.862	3.125	
17	2.000	1.000	54.000	544.886	592.703	595.403	595.990	8,	597.886,	nan	nan	8.000	599.008	81.750	149.620	66.830	223.870	1.711	0.587	3.781	
17	2.000	1.000	55.000	544.886	602.810	604.682	606.527	8,	607.486,	nan	nan	8.000	609.541	81.750	122.320	54.640	223.870	0.891	1.846	3.897	
17	2.000	1.000	56.000	544.886	613.454	616.271	618.227	nan	nan	nan	nan	nan	nan	66.830	149.620	44.670	223.870	1.831	1.957	3.106	
17	2.000	1.000	57.000	544.886	624.403	627.009	628.917	9,	629.501,	nan	nan	9.000	631.936	81.750	122.320	54.640	183.020	1.633	1.908	2.212	
17	2.000	1.000	58.000	544.886	634.162	636.547	637.529	9,	638.310,	nan	nan	9.000	640.543	81.750	149.620	66.830	183.020	1.397	0.982	2.457	
17	2.000	1.000	59.000	544.886	643.010	645.606	646.188	nan	nan	9.000	649.218	nan	nan	81.750	122.320	44.670	183.020	1.605	0.582	3.891	
17	2.000	1.000	60.000	544.886	653.126	654.789	655.463	9,	655.956,	nan	nan	9.000	658.482	54.640	149.620	44.670	183.020	0.678	0.674	2.386	
17	2.000	1.000	61.000	544.886	660.879	663.257	665.209	8,8,	665.235,666.067,	nan	nan	8.000	668.223	81.750	183.020	66.830	223.870	1.387	1.952	3.100	
17	2.000	1.000	62.000	544.886	671.337	674.281	675.890	8,	676.769,	nan	nan	8.000	678.909	54.640	149.620	44.670	223.870	1.957	1.609	2.695	
17	2.000	1.000	63.000	544.886	681.615	684.085	685.641	8,	686.858,	nan	nan	8.000	688.659	81.750	122.320	44.670	223.870	1.479	1.556	2.669	
17	2.000	1.000	64.000	544.886	691.340	693.506	694.290	8,	695.270,	nan	nan	8.000	697.303	54.640	122.320	44.670	223.870	1.175	0.785	2.547	
17	2.000	1.000	65.000	544.886	699.861	701.863	703.670	9,	704.327,	nan	nan	9.000	706.688	81.750	122.320	66.830	149.620	1.011	1.807	3.068	
17	2.000	1.000	66.000	544.886	709.797	711.456	712.877	8,	713.277,	nan	nan	8.000	715.894	149.620	183.020	223.870	183.020	0.698	1.421	3.531	
17	2.000	1.000	67.000	544.886	719.436	720.946	721.778	8,	722.327,	nan	nan	8.000	724.795	54.640	122.320	66.830	223.870	0.519	0.833	2.637	
17	2.000	1.000	68.000	544.886	727.533	729.378	731.194	8,	733.114,	nan	nan	8.000	734.207	81.750	122.320	66.830	223.870	0.944	1.817	2.682	
17	2.000	1.000	69.000	544.886	736.900	738.887	739.705	nan	nan	nan	nan	nan	nan	81.750	183.020	54.640	223.870	0.997	0.818	2.354	
17	2.000	1.000	70.000	544.886	745.100	746.764	747.317	nan	nan	nan	nan	nan	nan	66.830	122.320	44.670	149.620	0.674	0.553	2.810	
17	2.000	1.000	71.000	544.886	753.177	755.908	757.011	8,	757.333,	nan	nan	8.000	760.023	81.750	183.020	44.670	223.870	1.744	1.103	2.206	
17	2.000	1.000	72.000	544.886	762.241	764.503	765.311	9,	766.519,	nan	nan	9.000	768.324	54.640	122.320	66.830	183.020	1.272	0.809	2.579	
17	2.000	1.000	73.000	544.886	770.916	773.905	775.673	8,	776.033,	nan	nan	8.000	778.686	54.640	183.020	81.750	149.620	2.000	1.768	3.904	
17	2.000	1.000	74.000	544.886	782.602	784.198	785.662	9,	785.933,	nan	nan	9.000	788.681	44.670	223.870	81.750	149.620	0.606	1.465	2.360	
17	2.000	1.000	75.000	544.886	791.057	793.402	794.890	8,	795.505,	nan	nan	8.000	797.904	66.830	149.620	44.670	183.020	1.359	1.489	3.376	
17	2.000	1.000	76.000	544.886	801.292	804.022	805.737	9,	806.308,	nan	nan	9.000	808.757	66.830	122.320	44.670	183.020	1.740	1.715	2.514	
17	2.000	1.000	77.000	544.886	811.283	813.130	814.223	9,	814.835,	nan	nan	9.000	817.236	54.640	122.320	81.750	149.620	0.857	1.093	2.399	
17	2.000	1.000	78.000	544.886	819.646	822.555	824.342	8,	824.552,	nan	nan	8.000	827.355	44.670	122.320	66.830	223.870	1.918	1.788	3.350	
17	2.000	1.000	79.000	544.886	830.724	833.558	834.579	8,	836.290,	nan	nan	8.000	837.592	54.640	149.620	81.750	149.620	1.850	1.021	2.566	
17	2.000	1.000	80.000	544.886	840.175	842.209	843.973	8,	845.345,	nan	nan	8.000	846.986	44.670	183.020	66.830	122.320	1.050	1.764	2.920	
17	2.000	1.000	81.000	544.886	849.918	852.444	854.362	9,	854.893,	nan	nan	9.000	857.376	44.670	223.870	81.750	183.020	1.537	1.918	2.334	
17	2.000	1.000	82.000	544.886	859.723	861.246	862.324	8,	863.679,	nan	nan	8.000	865.337	81.750	183.020	44.670	149.620	0.534	1.079	3.093	
17	2.000	1.000	83.000	544.886	868.444	871.167	872.747	9,	873.254,	nan	nan	9.000	875.767	44.670	223.870	54.640	149.620	1.735	1.580	2.842	
17	2.000	1.000	84.000	544.886	878.623	880.994	881.836	8,	882.432,	nan	nan	8.000	884.849	44.670	223.870	81.750	122.320	1.383	0.842	2.051	
17	2.000	1.000	85.000	544.886	886.925	888.750	890.340	9,	890.957,	nan	nan	9.000	893.359	81.750	183.020	54.640	149.620	0.847	1.590	2.077	
17	2.000	1.000	86.000	544.886	895.449	897.878	899.680	9,	900.513,	nan	nan	9.000	902.693	81.750	223.870	44.670	149.620	1.441	1.802	2.887	
17	2.000	1.000	87.000	544.886	905.592	908.240	909.979	8,	910.530,	nan	nan	8.000	912.992	44.670	183.020	54.640	122.320	1.658	1.740	2.322	
17	2.000	1.000	88.000	544.886	915.325	917.318	918.030	8,	918.663,	nan	nan	8.000	921.048	66.830	149.620	81.750	122.320	1.002	0.712	2.759	
17	2.000	1.000	89.000	544.886	923.819	926.756	928.582	9,	928.951,	nan	nan	9.000	931.601	44.670	223.870	54.640	122.320	1.947	1.826	3.215	
17	2.000	1.000	90.000	544.886	934.830	937.119	937.923	8,	938.725,	nan	nan	8.000	940.942	66.830	122.320	44.670	223.870	1.301	0.804	3.569	
17	2.000	1.000	91.000	544.886	944.524	946.071	947.718	8,	949.669,	nan	nan	8.000	950.736	54.640	149.620	66.830	122.320	0.558	1.648	3.479	
17	2.000	1.000	92.000	544.886	954.231	957.072	957.721	9,	958.392,	nan	nan	9.000	960.739	54.640	66.830	81.750	66.830	1.855	0.650	3.363	
17	2.000	1.000	93.000	544.886	964.117	965.894	967.840	9,	968.246,	nan	nan	9.000	970.854	54.640	223.870	66.830	183.020	0.789	1.947	3.595	
17	2.000	1.000	94.000	544.886	974.463	976.704	978.303	9,	978.745,	nan	nan	9.000	981.320	66.830	183.020	81.750	149.620	1.252	1.600	3.138	
17	2.000	1.000	95.000	544.886	984.472	986.385	987.811	8,	988.663,	nan	nan	8.000	990.828	66.830	223.870	81.750	122.320	0.924	1.426	3.961	
17	2.000	1.000	96.000	544.886	994.803	996.866	997.949	8,	999.437,	nan	nan	8.000	1000.967	81.750	122.320	54.640	149.620	1.074	1.084	2.804	
17	2.000	1.000	97.000	544.886	1003.792	1005.345	1006.602	9,	1008.377,	nan	nan	9.000	1009.615	44.670	223.870	54.640	183.020	0.572	1.257	3.974	
17	2.000	1.000	98.000	544.886	1013.609	1016.563	1017.921	8,	1018.147,	nan	nan	8.000	1020.934	54.640	183.020	81.750	122.320	1.971	1.359	2.913	
17	2.000	1.000	99.000	544.886	1023.860	1025.432	1026.423	8,	1026.720,	nan	nan	8.000	1029.441	44.670	183.020	54.640	149.620	0.582	0.992	3.357	
17	2.000	1.000	100.000	544.886	1032.819	1035.246	1036.382	8,	1036.784,	nan	nan	8.000	1039.400	44.670	183.020	81.750	122.320	1.445	1.137	2.855	
17	2.000	1.000	101.000	544.886	1042.273	1043.834	1044.908	8,	1045.436,	nan	nan	8.000	1047.921	44.670	149.620	81.750	122.320	0.577	1.074	3.987	
17	2.000	1.000	102.000	544.886	1051.920	1054.413	1055.723	8,	1056.261,	nan	nan	8.000	1058.736	44.670	183.020	66.830	149.620	1.503	1.310	2.572	
17	2.000	1.000	103.000	544.886	1061.321	1063.824	1064.695	nan	nan	9.000	1067.735	nan	nan	66.830	223.870	81.750	149.620	1.513	0.871	3.029	
17	2.000	1.000	104.000	544.886	1070.777	1072.594	1074.367	8,	1074.735,	nan	nan	8.000	1077.385	66.830	122.320	54.640	223.870	0.828	1.773	2.174	
17	2.000	1.000	105.000	544.886	1079.571	1081.249	1081.768	9,	1082.071,	nan	nan	9.000	1084.786	149.620	44.670	183.020	44.670	0.688	0.519	2.868	
17	2.000	1.000	106.000	544.886	1087.668	1090.141	1091.229	9,	1091.743,	nan	nan	9.000	1094.247	54.640	223.870	66.830	149.620	1.484	1.088	2.707	
17	2.000	1.000	107.000	544.886	1096.969	1099.103	1100.509	9,	1100.956,	nan	nan	9.000	1103.529	44.670	223.870	66.830	149.620	1.146	1.407	3.608	
17	2.000	1.000	108.000	544.886	1107.149	1109.425	1110.026	9,	1110.625,	nan	nan	9.000	1113.044	66.830	223.870	81.750	183.020	1.286	0.601	3.492	
17	2.000	1.000	109.000	544.886	1116.548	1119.186	1120.433	8,	1121.062,	nan	nan	8.000	1123.450	54.640	183.020	66.830	149.620	1.648	1.248	3.498	
17	2.000	1.000	110.000	544.886	1126.965	1129.541	1131.174	nan	nan	9.000	1134.219	nan	nan	44.670	223.870	66.830	183.020	1.590	1.633	2.817	
17	2.000	1.000	111.000	544.886	1137.048	1138.823	1140.026	8,	1141.085,	nan	nan	8.000	1143.040	44.670	149.620	54.640	122.320	0.785	1.204	3.286	
17	2.000	1.000	112.000	544.886	1146.351	1148.451	1149.905	9,	1150.341,	nan	nan	9.000	1152.918	54.640	223.870	81.750	183.020	1.122	1.455	3.826	
17	2.000	1.000	113.000	544.886	1156.757	1158.898	1160.020	9,	1160.451,	nan	nan	9.000	1163.033	54.640	223.870	81.750	122.320	1.151	1.122	2.444	
17	2.000	1.000	114.000	544.886	1165.488	1167.399	1168.265	8,	1168.660,	nan	nan	8.000	1171.278	81.750	183.020	66.830	122.320	0.920	0.867	2.752	
17	2.000	1.000	115.000	544.886	1174.043	1176.541	1177.706	9,	1177.805,	nan	nan	9.000	1180.718	66.830	122.320	54.640	183.020	1.508	1.166	3.395	
17	2.000	1.000	116.000	544.886	1184.130	1185.712	1186.473	8,	1186.910,	nan	nan	8.000	1189.491	44.670	149.620	66.830	122.320	0.596	0.760	2.907	
17	2.000	1.000	117.000	544.886	1192.410	1195.115	1195.629	9,	1196.052,	nan	nan	9.000	1198.641	54.640	223.870	81.750	149.620	1.715	0.514	2.277	
17	2.000	1.000	118.000	544.886	1200.929	1203.462	1205.076	8,	1205.264,	nan	nan	8.000	1208.088	149.620	122.320	183.020	122.320	1.542	1.614	2.367	
17	2.000	1.000	119.000	544.886	1210.467	1213.023	1213.585	8,	1214.083,	nan	nan	8.000	1216.597	44.670	149.620	66.830	223.870	1.566	0.563	3.768	
17	2.000	1.000	120.000	544.886	1220.378	1222.186	1223.906	9,	1224.059,	nan	nan	9.000	1226.918	54.640	149.620	81.750	183.020	0.818	1.720	2.502	
17	2.000	1.000	121.000	544.886	1229.432	1232.229	1233.057	9,	1233.453,	nan	nan	9.000	1236.070	44.670	122.320	66.830	149.620	1.807	0.828	3.389	
17	2.000	1.000	122.000	544.886	1239.471	1241.183	1242.532	8,	1243.072,	nan	nan	8.000	1245.544	66.830	122.320	81.750	223.870	0.722	1.349	2.585	
17	2.000	1.000	123.000	544.886	1248.145	1250.794	1251.328	8,	1251.939,	nan	nan	8.000	1254.340	44.670	149.620	81.750	223.870	1.662	0.534	3.383	
17	2.000	1.000	124.000	544.886	1257.735	1260.585	1262.575	8,	1262.820,	nan	nan	8.000	1265.595	66.830	122.320	81.750	183.020	1.860	1.990	2.251	
17	2.000	1.000	125.000	544.886	1267.858	1270.761	1271.483	8,	1271.978,	nan	nan	8.000	1274.496	44.670	122.320	54.640	223.870	1.913	0.722	2.096	
17	2.000	1.000	126.000	544.886	1276.609	1279.064	1280.606	8,	1281.217,	nan	nan	8.000	1283.619	54.640	183.020	81.750	223.870	1.469	1.542	2.148	
17	2.000	1.000	127.000	544.886	1285.780	1287.655	1288.405	8,	1288.486,	nan	nan	8.000	1291.424	54.640	183.020	66.830	122.320	0.886	0.751	2.006	
17	2.000	1.000	128.000	544.886	1293.442	1295.077	1296.980	8,	1298.168,	nan	nan	8.000	1299.998	44.670	122.320	81.750	223.870	0.645	1.904	2.232	
17	2.000	1.000	129.000	544.886	1302.242	1303.833	1305.500	8,	1305.827,	nan	nan	8.000	1308.513	54.640	149.620	81.750	122.320	0.601	1.667	3.453	
17	2.000	1.000	130.000	544.886	1312.011	1314.752	1316.086	8,	1316.391,	nan	nan	8.000	1319.103	44.670	183.020	54.640	223.870	1.783	1.334	2.328	
17	2.000	1.000	131.000	544.886	1321.444	1323.175	1324.229	8,	1324.255,	nan	nan	8.000	1327.243	54.640	122.320	66.830	122.320	0.741	1.055	2.064	
17	2.000	1.000	132.000	544.886	1329.325	1332.030	1333.581	9,	1335.124,	nan	nan	9.000	1336.594	44.670	149.620	54.640	183.020	1.720	1.551	2.225	
17	2.000	1.000	133.000	544.886	1338.832	1341.233	1342.331	8,	1342.779,	nan	nan	8.000	1345.344	44.670	149.620	81.750	183.020	1.412	1.098	2.534	
17	2.000	1.000	134.000	544.886	1347.890	1349.901	1350.492	9,	1351.143,	nan	nan	9.000	1353.510	44.670	223.870	66.830	122.320	1.021	0.592	2.977	
17	2.000	1.000	135.000	544.886	1356.500	1359.167	1360.129	9,	1360.665,	nan	nan	9.000	1363.142	44.670	122.320	54.640	149.620	1.677	0.963	2.508	
17	2.000	1.000	136.000	544.886	1365.684	1367.563	1369.012	8,	1369.378,	nan	nan	8.000	1372.031	54.640	122.320	81.750	223.870	0.910	1.450	3.486	
17	2.000	1.000	137.000	544.886	1375.529	1378.268	1378.777	9,	1379.712,	nan	nan	9.000	1381.795	54.640	223.870	66.830	122.320	1.749	0.510	2.045	
17	2.000	1.000	138.000	544.886	1383.858	1385.535	1386.787	8,	1387.140,	nan	nan	8.000	1389.800	54.640	149.620	81.750	223.870	0.693	1.252	3.942	
17	2.000	1.000	139.000	544.886	1393.755	1396.628	1398.155	9,	1398.597,	nan	nan	9.000	1401.174	54.640	122.320	81.750	183.020	1.884	1.527	3.916	
17	2.000	1.000	140.000	544.886	1405.103	1406.843	1407.786	9,	1408.171,	nan	nan	9.000	1410.804	44.670	122.320	81.750	149.620	0.751	0.944	2.862	
17	2.000	1.000	141.000	544.886	1413.680	1415.332	1416.565	8,	1416.632,	nan	nan	8.000	1419.578	44.670	183.020	66.830	223.870	0.664	1.233	3.576	
17	2.000	1.000	142.000	544.886	1423.168	1425.780	1426.395	9,	1428.356,	nan	nan	9.000	1429.408	54.640	122.320	66.830	149.620	1.624	0.616	3.254	
17	2.000	1.000	143.000	544.886	1432.676	1434.218	1435.793	nan	nan	nan	nan	nan	nan	44.670	122.320	66.830	183.020	0.553	1.576	3.621	
17	2.000	1.000	144.000	544.886	1442.468	1445.386	1446.701	9,	1447.448,	nan	nan	9.000	1449.720	54.640	81.750	66.830	81.750	1.928	1.315	2.527	
17	2.000	1.000	145.000	544.886	1452.260	1454.188	1456.082	nan	nan	nan	nan	nan	nan	66.830	122.320	81.750	149.620	0.939	1.894	3.678	
17	2.000	1.000	146.000	544.886	1462.811	1464.362	1466.174	8,	1466.571,	nan	nan	8.000	1469.193	44.670	149.620	54.640	223.870	0.563	1.812	2.592	
17	2.000	1.000	147.000	544.886	1471.802	1474.222	1475.190	8,	1476.951,	nan	nan	8.000	1478.208	54.640	149.620	66.830	223.870	1.436	0.968	2.122	
17	2.000	1.000	148.000	544.886	1480.342	1482.266	1483.190	8,	1484.544,	nan	nan	8.000	1486.203	54.640	183.020	66.830	223.870	0.934	0.924	2.495	
17	2.000	1.000	149.000	544.886	1488.710	1490.403	1491.303	8,	1492.037,	nan	nan	8.000	1494.315	66.830	149.620	81.750	223.870	0.703	0.900	3.260	
17	2.000	1.000	150.000	544.886	1497.588	1499.999	1501.565	8,	1502.045,	nan	nan	8.000	1504.583	66.830	183.020	81.750	223.870	1.421	1.566	2.650	
17	2.000	1.000	151.000	544.886	1507.248	1509.328	1510.701	9,	1511.018,	nan	nan	9.000	1513.721	44.670	122.320	81.750	183.020	1.093	1.373	2.630	
17	2.000	1.000	152.000	544.886	1516.364	1518.230	1519.178	9,	1520.164,	nan	nan	9.000	1522.196	54.640	149.620	66.830	183.020	0.876	0.949	2.193	
17	2.000	1.000	153.000	544.886	1524.402	1526.104	1526.873	8,	1527.296,	nan	nan	8.000	1529.888	44.670	183.020	81.750	223.870	0.712	0.770	3.183	
17	2.000	1.000	154.000	544.886	1533.084	1535.436	1536.414	9,	1537.022,	nan	nan	9.000	1539.432	44.670	122.320	54.640	183.020	1.363	0.977	2.662	
17	2.000	1.000	155.000	544.886	1542.107	1544.653	1545.283	9,	1546.374,	nan	nan	9.000	1548.296	44.670	149.620	66.830	183.020	1.556	0.630	3.685	
17	2.000	1.000	156.000	544.886	1551.993	1554.438	1555.916	9,	1556.421,	nan	nan	9.000	1558.934	66.830	149.620	81.750	183.020	1.455	1.479	2.656	
17	2.000	2.000	157.000	544.886	47.378	49.808	50.997	8,	51.330,	nan	nan	8.000	54.013	183.020	66.830	223.870	66.830	1.431	1.190	3.305	
17	2.000	2.000	158.000	544.886	57.332	59.786	61.173	9,	61.326,	nan	nan	9.000	64.186	81.750	149.620	44.670	122.320	1.465	1.387	2.611	
17	2.000	2.000	159.000	544.886	66.809	69.485	71.070	9,	71.641,	nan	nan	9.000	74.088	81.750	223.870	66.830	122.320	1.686	1.585	2.849	
17	2.000	2.000	160.000	544.886	76.950	79.254	80.597	9,	81.019,	nan	nan	9.000	83.611	81.750	223.870	54.640	122.320	1.315	1.344	2.412	
17	2.000	2.000	161.000	544.886	86.034	88.610	90.393	8,	90.675,	nan	nan	8.000	93.411	66.830	183.020	54.640	149.620	1.585	1.783	2.765	
17	2.000	2.000	162.000	544.886	96.188	98.387	99.514	8,	99.585,	nan	nan	8.000	102.527	81.750	183.020	66.830	149.620	1.209	1.127	3.170	
17	2.000	2.000	163.000	544.886	105.710	108.222	109.846	9,	110.449,	nan	nan	9.000	112.858	66.830	223.870	54.640	149.620	1.523	1.624	3.743	
17	2.000	2.000	164.000	544.886	116.614	118.870	120.691	8,	121.095,	nan	nan	8.000	123.704	66.830	183.020	44.670	149.620	1.267	1.822	2.135	
17	2.000	2.000	165.000	544.886	125.851	128.040	129.915	9,	130.317,	nan	nan	9.000	132.932	81.750	223.870	66.830	149.620	1.199	1.875	3.016	
17	2.000	2.000	166.000	544.886	135.961	138.034	138.833	9,	139.284,	nan	nan	9.000	141.849	81.750	122.320	66.830	183.020	1.084	0.799	3.402	
17	2.000	2.000	167.000	544.886	145.270	146.845	147.504	9,	147.528,	nan	nan	9.000	150.517	66.830	223.870	54.640	122.320	0.592	0.659	3.003	
17	2.000	2.000	168.000	544.886	153.533	155.418	156.212	9,	157.779,	nan	nan	9.000	159.230	81.750	223.870	44.670	183.020	0.895	0.794	3.408	
17	2.000	2.000	169.000	544.886	162.651	164.165	165.894	9,	166.287,	nan	nan	9.000	168.913	81.750	223.870	44.670	122.320	0.524	1.730	3.267	
17	2.000	2.000	170.000	544.886	172.193	175.158	176.912	8,	177.415,	nan	nan	8.000	179.930	183.020	149.620	223.870	149.620	1.976	1.754	3.601	
17	2.000	2.000	171.000	544.886	183.548	185.926	187.057	8,	187.307,	nan	nan	8.000	190.075	81.750	183.020	44.670	122.320	1.392	1.132	3.646	
17	2.000	2.000	172.000	544.886	193.733	195.705	196.615	9,	197.138,	nan	nan	9.000	199.628	54.640	223.870	44.670	183.020	0.982	0.910	3.736	
17	2.000	2.000	173.000	544.886	203.378	206.120	206.717	8,	207.522,	nan	nan	8.000	209.734	66.830	149.620	54.640	122.320	1.754	0.596	2.257	
17	2.000	2.000	174.000	544.886	212.004	214.781	215.421	9,	216.044,	nan	nan	9.000	218.433	81.750	223.870	54.640	183.020	1.788	0.640	3.235	
17	2.000	2.000	175.000	544.886	221.683	224.362	225.103	9,	225.549,	nan	nan	9.000	228.120	66.830	223.870	44.670	183.020	1.691	0.741	2.026	
17	2.000	2.000	176.000	544.886	230.158	232.989	233.778	8,	234.301,	nan	nan	8.000	236.794	54.640	149.620	44.670	122.320	1.841	0.789	3.717	
17	2.000	2.000	177.000	544.886	240.524	243.065	244.090	9,	244.884,	nan	nan	9.000	247.109	66.830	223.870	54.640	183.020	1.551	1.026	3.035	
17	2.000	2.000	178.000	544.886	250.157	252.925	254.437	8,	254.843,	nan	nan	8.000	257.454	81.750	149.620	54.640	122.320	1.778	1.513	3.633	
17	2.000	2.000	179.000	544.886	261.101	263.222	263.900	9,	264.287,	nan	nan	9.000	266.917	66.830	223.870	44.670	149.620	1.132	0.678	2.116	
17	2.000	2.000	180.000	544.886	269.046	270.762	272.467	9,	273.372,	nan	nan	9.000	275.479	54.640	223.870	44.670	122.320	0.727	1.706	3.846	
17	2.000	2.000	181.000	544.886	279.338	280.962	281.997	8,	282.411,	nan	nan	8.000	285.015	66.830	223.870	44.670	122.320	0.635	1.035	2.264	
17	2.000	2.000	182.000	544.886	287.291	289.924	290.844	9,	292.354,	nan	nan	9.000	293.857	54.640	183.020	44.670	122.320	1.643	0.920	2.785	
17	2.000	2.000	183.000	544.886	296.654	298.674	299.342	8,	300.594,	nan	nan	8.000	302.363	66.830	183.020	81.750	183.020	1.031	0.669	3.434	
17	2.000	2.000	184.000	544.886	305.809	307.960	309.612	8,	310.374,	nan	nan	8.000	312.631	81.750	183.020	54.640	122.320	1.161	1.653	3.788	
17	2.000	2.000	185.000	544.886	316.433	319.122	320.118	9,	320.647,	nan	nan	9.000	323.131	81.750	149.620	54.640	183.020	1.701	0.997	2.797	
17	2.000	2.000	186.000	544.886	325.942	327.768	329.262	8,	329.607,	nan	nan	8.000	332.274	66.830	183.020	44.670	122.320	0.838	1.494	3.640	
17	2.000	2.000	187.000	544.886	335.929	337.691	339.377	nan	nan	nan	nan	nan	nan	81.750	149.620	44.670	223.870	0.775	1.686	3.723	
17	2.000	2.000	188.000	544.886	346.149	348.308	349.131	8,	349.509,	nan	nan	8.000	352.148	54.640	183.020	44.670	149.620	1.170	0.823	3.878	
17	2.000	2.000	189.000	544.886	356.040	358.006	359.480	9,	359.936,	nan	nan	9.000	362.493	54.640	223.870	44.670	149.620	0.977	1.474	3.936	
17	2.000	2.000	190.000	544.886	366.442	368.533	370.152	8,	371.159,	nan	nan	8.000	373.170	66.830	149.620	44.670	122.320	1.103	1.619	2.431	
17	2.000	2.000	191.000	544.886	375.619	378.010	378.645	9,	379.579,	nan	nan	9.000	381.664	81.750	223.870	66.830	183.020	1.407	0.635	2.701	
17	2.000	2.000	192.000	544.886	384.378	386.735	388.730	9,	389.121,	nan	nan	9.000	391.743	81.750	149.620	44.670	183.020	1.368	1.995	2.071	
17	2.000	2.000	193.000	544.886	393.834	396.006	397.166	8,	397.717,	nan	nan	8.000	400.179	81.750	149.620	66.830	122.320	1.190	1.161	3.460	
17	2.000	2.000	194.000	544.886	403.653	405.604	407.329	nan	nan	nan	nan	nan	nan	81.750	223.870	54.640	149.620	0.963	1.725	2.084	
17	2.000	2.000	195.000	544.886	412.459	415.294	417.235	8,	417.619,	nan	nan	8.000	420.249	66.830	183.020	54.640	122.320	1.846	1.942	2.740	
17	2.000	2.000	196.000	544.886	423.002	424.708	426.548	8,	426.743,	nan	nan	8.000	429.562	66.830	54.640	81.750	54.640	0.717	1.841	2.289	
17	2.000	2.000	197.000	544.886	431.865	434.072	435.773	9,	436.184,	nan	nan	9.000	438.785	66.830	149.620	44.670	183.020	1.219	1.701	2.720	
17	2.000	2.000	198.000	544.886	441.519	443.567	445.359	9,	445.746,	nan	nan	9.000	448.372	81.750	122.320	54.640	183.020	1.059	1.793	2.791	
17	2.000	2.000	199.000	544.886	451.180	453.929	454.887	8,	455.547,	nan	nan	8.000	457.900	66.830	183.020	44.670	223.870	1.764	0.958	3.441	
17	2.000	2.000	200.000	544.886	461.358	464.116	465.773	9,	466.108,	nan	nan	9.000	468.792	54.640	122.320	44.670	149.620	1.773	1.658	2.939	
17	2.000	2.000	201.000	544.886	471.745	473.320	474.683	8,	475.257,	nan	nan	8.000	477.696	54.640	183.020	44.670	223.870	0.587	1.363	3.659	
17	2.000	2.000	202.000	544.886	481.369	484.295	485.026	nan	nan	nan	nan	nan	nan	66.830	122.320	44.670	149.620	1.937	0.732	3.132	
17	2.000	2.000	203.000	544.886	491.206	493.530	494.647	9,	495.230,	nan	nan	9.000	497.665	81.750	122.320	66.830	149.620	1.334	1.117	2.379	
17	2.000	2.000	204.000	544.886	500.057	502.184	503.918	9,	504.311,	nan	nan	9.000	506.931	66.830	122.320	54.640	149.620	1.137	1.735	2.965	
17	2.000	2.000	205.000	544.886	509.909	511.552	512.944	8,	514.000,	nan	nan	8.000	515.957	66.830	183.020	81.750	122.320	0.654	1.392	2.945	
17	2.000	2.000	206.000	544.886	518.915	521.181	521.946	8,	521.978,	nan	nan	8.000	524.963	81.750	183.020	66.830	223.870	1.277	0.765	3.023	
17	2.000	2.000	207.000	544.886	528.005	529.517	531.371	9,	531.687,	nan	nan	9.000	534.389	44.670	223.870	81.750	149.620	0.529	1.855	3.061	
17	2.000	2.000	208.000	544.886	537.464	539.806	541.304	8,	541.706,	nan	nan	8.000	544.317	66.830	149.620	54.640	223.870	1.354	1.498	3.164	
17	2.000	2.000	209.000	544.886	547.494	550.377	551.649	8,	551.934,	nan	nan	8.000	554.662	149.620	44.670	223.870	44.670	1.894	1.272	2.283	
17	2.000	2.000	210.000	544.886	556.957	559.465	559.964	9,	560.779,	nan	nan	9.000	562.976	81.750	122.320	66.830	223.870	1.518	0.500	2.167	
17	2.000	2.000	211.000	544.886	565.158	567.389	569.388	8,	569.739,	nan	nan	8.000	572.402	81.750	149.620	54.640	223.870	1.243	2.000	3.248	
17	2.000	2.000	212.000	544.886	575.662	577.769	579.513	nan	nan	nan	nan	nan	nan	54.640	149.620	44.670	183.020	1.117	1.744	3.344	
17	2.000	2.000	213.000	544.886	585.903	587.406	588.016	9,	588.029,	nan	nan	9.000	591.030	81.750	122.320	44.670	149.620	0.514	0.611	3.756	
17	2.000	2.000	214.000	544.886	594.800	597.407	598.437	8,	599.802,	nan	nan	8.000	601.454	66.830	183.020	54.640	223.870	1.619	1.031	2.392	
17	2.000	2.000	215.000	544.886	603.862	606.299	607.339	8,	607.797,	nan	nan	8.000	610.351	54.640	122.320	81.750	149.620	1.450	1.040	3.588	
17	2.000	2.000	216.000	544.886	613.953	615.756	616.279	9,	617.259,	nan	nan	9.000	619.296	54.640	122.320	66.830	183.020	0.814	0.524	2.013	
17	2.000	2.000	217.000	544.886	621.323	623.805	625.245	9,	626.581,	nan	nan	9.000	628.258	66.830	122.320	44.670	183.020	1.494	1.441	2.315	
17	2.000	2.000	218.000	544.886	630.588	632.259	633.163	9,	633.487,	nan	nan	9.000	636.176	81.750	149.620	66.830	223.870	0.683	0.905	3.775	
17	2.000	2.000	219.000	544.886	639.964	641.684	642.497	8,	643.265,	nan	nan	8.000	645.515	54.640	183.020	81.750	149.620	0.732	0.814	3.550	
17	2.000	2.000	220.000	544.886	649.079	650.736	651.424	9,	652.778,	nan	nan	9.000	654.442	44.670	122.320	66.830	223.870	0.669	0.688	3.704	
17	2.000	2.000	221.000	544.886	658.160	659.658	661.026	8,	661.507,	nan	nan	8.000	664.043	81.750	122.320	44.670	223.870	0.510	1.368	2.900	
17	2.000	2.000	222.000	544.886	666.957	669.575	671.212	8,	672.822,	nan	nan	8.000	674.226	149.620	183.020	223.870	183.020	1.629	1.638	2.450	
17	2.000	2.000	223.000	544.886	676.689	679.017	680.433	9,	680.944,	nan	nan	9.000	683.446	81.750	149.620	66.830	183.020	1.339	1.416	4.000	
17	2.000	2.000	224.000	544.886	687.460	689.455	690.191	9,	691.796,	nan	nan	9.000	693.208	54.640	122.320	66.830	223.870	1.006	0.736	2.302	
17	2.000	2.000	225.000	544.886	695.525	697.611	699.148	8,	699.552,	nan	nan	8.000	702.165	81.750	122.320	54.640	223.870	1.098	1.537	2.341	
17	2.000	2.000	226.000	544.886	704.522	706.268	707.607	8,	708.092,	nan	nan	8.000	710.625	66.830	149.620	44.670	223.870	0.760	1.339	3.910	
17	2.000	2.000	227.000	544.886	714.550	717.175	718.852	8,	719.461,	nan	nan	8.000	721.865	81.750	183.020	44.670	223.870	1.638	1.677	2.952	
17	2.000	2.000	228.000	544.886	724.831	726.975	728.960	8,	729.828,	nan	nan	8.000	731.979	81.750	183.020	54.640	223.870	1.156	1.986	2.540	
17	2.000	2.000	229.000	544.886	734.534	736.388	737.718	9,	739.678,	nan	nan	9.000	740.736	66.830	149.620	54.640	183.020	0.867	1.330	3.801	
17	2.000	2.000	230.000	544.886	744.550	747.361	748.078	9,	748.755,	nan	nan	9.000	751.095	54.640	122.320	44.670	183.020	1.822	0.717	3.820	
17	2.000	2.000	231.000	544.886	754.929	757.647	758.190	9,	758.561,	nan	nan	9.000	761.208	81.750	122.320	44.670	183.020	1.730	0.543	3.318	
17	2.000	2.000	232.000	544.886	764.540	766.482	768.124	nan	nan	nan	nan	nan	nan	54.640	122.320	44.670	223.870	0.953	1.643	3.524	
17	2.000	2.000	233.000	544.886	774.701	777.037	778.540	8,	779.304,	nan	nan	8.000	781.558	44.670	183.020	81.750	149.620	1.349	1.503	3.228	
17	2.000	2.000	234.000	544.886	784.814	787.388	789.016	8,	789.113,	nan	nan	8.000	792.034	54.640	149.620	44.670	223.870	1.600	1.629	2.489	
17	2.000	2.000	235.000	544.886	794.536	797.515	799.119	8,	799.355,	nan	nan	8.000	802.132	54.640	149.620	81.750	149.620	1.990	1.605	2.405	
17	2.000	2.000	236.000	544.886	804.550	807.115	808.984	8,	809.290,	nan	nan	8.000	811.997	54.640	183.020	81.750	122.320	1.576	1.870	3.119	
17	2.000	2.000	237.000	544.886	815.131	816.667	818.647	9,	819.116,	nan	nan	9.000	821.660	44.670	149.620	81.750	122.320	0.548	1.981	3.865	
17	2.000	2.000	238.000	544.886	825.539	828.489	830.339	9,	830.743,	nan	nan	9.000	833.352	54.640	223.870	66.830	183.020	1.961	1.850	3.698	
17	2.000	2.000	239.000	544.886	837.064	839.733	840.995	9,	841.644,	nan	nan	9.000	844.009	44.670	223.870	81.750	122.320	1.682	1.262	2.476	
17	2.000	2.000	240.000	544.886	846.498	848.734	849.740	9,	850.960,	nan	nan	9.000	852.759	44.670	223.870	66.830	149.620	1.248	1.006	2.881	
17	2.000	2.000	241.000	544.886	855.652	857.706	858.370	8,	858.844,	nan	nan	8.000	861.383	66.830	223.870	81.750	122.320	1.064	0.664	3.955	
17	2.000	2.000	242.000	544.886	865.351	867.651	868.637	9,	869.269,	nan	nan	9.000	871.656	44.670	223.870	81.750	183.020	1.310	0.987	2.675	
17	2.000	2.000	243.000	544.886	874.345	877.160	879.020	8,	879.407,	nan	nan	8.000	882.037	66.830	122.320	54.640	223.870	1.826	1.860	3.241	
17	2.000	2.000	244.000	544.886	885.292	887.017	888.563	8,	889.118,	nan	nan	8.000	891.576	81.750	122.320	54.640	149.620	0.736	1.547	2.823	
17	2.000	2.000	245.000	544.886	894.412	896.441	898.200	8,	898.399,	nan	nan	8.000	901.219	66.830	149.620	81.750	122.320	1.040	1.759	3.839	
17	2.000	2.000	246.000	544.886	905.080	906.831	908.049	nan	nan	8.000	911.079	nan	nan	81.750	183.020	66.830	122.320	0.770	1.219	3.511	
17	2.000	2.000	247.000	544.886	914.605	917.390	918.627	9,	919.298,	nan	nan	9.000	921.640	44.670	149.620	66.830	122.320	1.797	1.238	2.019	
17	2.000	2.000	248.000	544.886	923.673	925.161	926.336	8,	927.500,	nan	nan	8.000	929.353	54.640	66.830	81.750	66.830	0.500	1.175	3.421	
17	2.000	2.000	249.000	544.886	932.788	935.154	936.011	8,	936.647,	nan	nan	8.000	939.024	44.670	183.020	81.750	122.320	1.378	0.857	3.145	
17	2.000	2.000	250.000	544.886	942.184	943.796	945.280	8,	945.717,	nan	nan	8.000	948.293	81.750	183.020	54.640	149.620	0.625	1.484	2.926	
17	2.000	2.000	251.000	544.886	951.232	953.695	955.001	8,	955.433,	nan	nan	8.000	958.018	44.670	183.020	66.830	122.320	1.474	1.305	3.929	
17	2.000	2.000	252.000	544.886	961.962	964.294	964.996	8,	965.728,	nan	nan	8.000	968.008	44.670	183.020	66.830	149.620	1.344	0.703	3.852	
17	2.000	2.000	253.000	544.886	971.875	973.990	974.687	9,	975.236,	nan	nan	9.000	977.700	66.830	223.870	81.750	149.620	1.127	0.698	3.042	
17	2.000	2.000	254.000	544.886	980.758	983.006	984.841	8,	985.942,	nan	nan	8.000	987.854	66.830	122.320	44.670	223.870	1.262	1.836	2.039	
17	2.000	2.000	255.000	544.886	989.905	991.694	993.071	9,	993.397,	nan	nan	9.000	996.089	54.640	223.870	81.750	149.620	0.799	1.378	2.000	
17	2.000	2.000	256.000	544.886	998.106	1000.006	1001.074	9,	1001.394,	nan	nan	9.000	1004.087	54.640	223.870	66.830	149.620	0.915	1.069	3.833	
17	2.000	2.000	257.000	544.886	1007.934	1010.903	1012.314	9,	1012.384,	nan	nan	9.000	1015.332	81.750	223.870	44.670	149.620	1.981	1.412	2.553	
17	2.000	2.000	258.000	544.886	1017.900	1020.613	1021.836	8,	1022.303,	nan	nan	8.000	1024.849	66.830	183.020	81.750	149.620	1.725	1.223	3.968	
17	2.000	2.000	259.000	544.886	1028.831	1031.814	1032.661	8,	1032.807,	nan	nan	8.000	1035.679	81.750	183.020	44.670	149.620	1.995	0.847	3.203	
17	2.000	2.000	260.000	544.886	1038.897	1040.649	1041.226	9,	1041.458,	nan	nan	9.000	1044.243	54.640	223.870	81.750	122.320	0.765	0.577	2.836	
17	2.000	2.000	261.000	544.886	1047.093	1049.377	1050.653	9,	1051.020,	nan	nan	9.000	1053.667	149.620	54.640	183.020	54.640	1.296	1.277	3.871	
17	2.000	2.000	262.000	544.886	1057.555	1059.706	1061.151	9,	1061.560,	nan	nan	9.000	1064.169	44.670	223.870	54.640	122.320	1.166	1.445	2.244	
17	2.000	2.000	263.000	544.886	1066.427	1068.432	1069.313	8,	1069.649,	nan	nan	8.000	1072.331	66.830	223.870	81.750	183.020	1.016	0.881	2.482	
17	2.000	2.000	264.000	544.886	1074.826	1077.767	1079.226	9,	1080.064,	nan	nan	9.000	1082.246	54.640	183.020	66.830	149.620	1.952	1.460	2.090	
17	2.000	2.000	265.000	544.886	1084.350	1087.324	1088.465	9,	1089.152,	nan	nan	9.000	1091.483	44.670	149.620	54.640	122.320	1.986	1.141	2.958	
17	2.000	2.000	266.000	544.886	1094.455	1096.768	1097.702	8,	1099.238,	nan	nan	8.000	1100.720	44.670	183.020	54.640	149.620	1.325	0.934	2.161	
17	2.000	2.000	267.000	544.886	1102.894	1104.788	1105.481	9,	1106.845,	nan	nan	9.000	1108.494	44.670	223.870	54.640	183.020	0.905	0.693	3.299	
17	2.000	2.000	268.000	544.886	1111.810	1113.445	1115.333	9,	1115.442,	nan	nan	9.000	1118.351	44.670	223.870	66.830	183.020	0.650	1.889	3.158	
17	2.000	2.000	269.000	544.886	1121.523	1123.363	1124.894	8,	1125.609,	nan	nan	8.000	1127.912	66.830	122.320	54.640	183.020	0.852	1.532	3.762	
17	2.000	2.000	270.000	544.886	1131.693	1133.702	1134.269	9,	1135.112,	nan	nan	9.000	1137.287	54.640	149.620	66.830	122.320	1.026	0.568	3.730	
17	2.000	2.000	271.000	544.886	1141.031	1143.131	1144.330	9,	1145.632,	nan	nan	9.000	1147.348	44.670	223.870	54.640	149.620	1.113	1.199	3.428	
17	2.000	2.000	272.000	544.886	1150.790	1152.992	1154.041	9,	1155.126,	nan	nan	9.000	1157.054	54.640	223.870	81.750	183.020	1.214	1.050	3.814	
17	2.000	2.000	273.000	544.886	1160.882	1162.857	1164.100	8,	1164.470,	nan	nan	8.000	1167.116	44.670	183.020	54.640	122.320	0.987	1.243	3.505	
17	2.000	2.000	274.000	544.886	1170.641	1172.427	1173.723	9,	1174.353,	nan	nan	9.000	1176.736	149.620	122.320	183.020	122.320	0.804	1.296	2.058	
17	2.000	2.000	275.000	544.886	1178.809	1181.599	1182.899	8,	1184.152,	nan	nan	8.000	1185.911	44.670	149.620	66.830	223.870	1.802	1.301	2.733	
17	2.000	2.000	276.000	544.886	1188.658	1191.073	1192.580	9,	1192.988,	nan	nan	9.000	1195.593	44.670	122.320	66.830	149.620	1.426	1.508	3.537	
17	2.000	2.000	277.000	544.886	1199.145	1201.703	1202.430	8,	1202.867,	nan	nan	8.000	1205.448	54.640	149.620	81.750	122.320	1.571	0.727	2.521	
17	2.000	2.000	278.000	544.886	1207.984	1209.586	1210.482	9,	1210.822,	nan	nan	9.000	1213.494	54.640	149.620	66.830	183.020	0.616	0.895	2.296	
17	2.000	2.000	279.000	544.886	1215.805	1218.604	1219.109	8,	1219.574,	nan	nan	8.000	1222.122	44.670	183.020	81.750	223.870	1.812	0.505	2.746	
17	2.000	2.000	280.000	544.886	1224.882	1227.012	1227.950	8,	1228.713,	nan	nan	8.000	1230.963	44.670	149.620	54.640	223.870	1.141	0.939	3.711	
17	2.000	2.000	281.000	544.886	1234.688	1237.237	1238.908	9,	1240.262,	nan	nan	9.000	1241.921	44.670	122.320	81.750	149.620	1.561	1.672	3.080	
17	2.000	2.000	282.000	544.886	1245.022	1246.827	1247.602	8,	1248.157,	nan	nan	8.000	1250.614	54.640	183.020	66.830	223.870	0.823	0.775	2.997	
17	2.000	2.000	283.000	544.886	1253.624	1256.159	1257.219	8,	1257.682,	nan	nan	8.000	1260.231	44.670	183.020	54.640	223.870	1.547	1.059	3.981	
17	2.000	2.000	284.000	544.886	1264.226	1266.886	1267.776	nan	nan	9.000	1270.813	nan	nan	44.670	149.620	81.750	183.020	1.672	0.891	3.177	
17	2.000	2.000	285.000	544.886	1274.004	1276.881	1278.852	8,	1279.201,	nan	nan	8.000	1281.870	66.830	149.620	81.750	223.870	1.889	1.971	2.624	
17	2.000	2.000	286.000	544.886	1284.507	1286.155	1287.335	9,	1288.441,	nan	nan	9.000	1290.347	44.670	149.620	54.640	183.020	0.659	1.180	3.518	
17	2.000	2.000	287.000	544.886	1293.878	1296.534	1298.003	9,	1298.139,	nan	nan	9.000	1301.021	54.640	183.020	66.830	183.020	1.667	1.469	2.875	
17	2.000	2.000	288.000	544.886	1303.914	1306.802	1307.914	nan	nan	nan	nan	nan	nan	54.640	122.320	81.750	183.020	1.904	1.113	2.714	
17	2.000	2.000	289.000	544.886	1313.675	1316.604	1318.483	9,	1318.566,	nan	nan	9.000	1321.501	44.670	223.870	66.830	122.320	1.942	1.879	3.196	
17	2.000	2.000	290.000	544.886	1324.718	1327.227	1328.551	8,	1328.707,	nan	nan	8.000	1331.565	44.670	122.320	81.750	223.870	1.527	1.325	3.923	
17	2.000	2.000	291.000	544.886	1335.501	1338.195	1339.390	9,	1340.064,	nan	nan	9.000	1342.403	44.670	122.320	54.640	183.020	1.706	1.195	3.672	
17	2.000	2.000	292.000	544.886	1346.089	1348.942	1350.503	9,	1351.247,	nan	nan	9.000	1353.516	44.670	149.620	66.830	183.020	1.865	1.561	3.325	
17	2.000	2.000	293.000	544.886	1356.856	1358.898	1360.126	8,	1360.600,	nan	nan	8.000	1363.138	66.830	122.320	81.750	223.870	1.055	1.228	3.293	
17	2.000	2.000	294.000	544.886	1366.446	1368.073	1369.503	8,	1370.625,	nan	nan	8.000	1372.520	66.830	122.320	81.750	183.020	0.640	1.431	3.280	
17	2.000	2.000	295.000	544.886	1375.815	1377.597	1379.524	9,	1379.919,	nan	nan	9.000	1382.542	54.640	183.020	66.830	122.320	0.794	1.928	3.749	
17	2.000	2.000	296.000	544.886	1386.307	1388.517	1389.122	nan	nan	nan	nan	nan	nan	66.830	122.320	81.750	149.620	1.223	0.606	2.437	
17	2.000	2.000	297.000	544.886	1394.598	1397.495	1398.506	8,	1399.576,	nan	nan	8.000	1401.518	54.640	149.620	81.750	223.870	1.908	1.011	2.643	
17	2.000	2.000	298.000	544.886	1404.175	1406.358	1408.136	9,	1408.865,	nan	nan	9.000	1411.149	54.640	122.320	66.830	149.620	1.195	1.778	2.032	
17	2.000	2.000	299.000	544.886	1413.194	1415.055	1416.374	9,	1416.995,	nan	nan	9.000	1419.387	44.670	122.320	66.830	183.020	0.871	1.320	2.141	
17	2.000	2.000	300.000	544.886	1421.541	1424.405	1425.291	9,	1425.899,	nan	nan	9.000	1428.309	54.640	81.750	66.830	81.750	1.875	0.886	2.109	
17	2.000	2.000	301.000	544.886	1430.432	1433.179	1434.055	8,	1434.258,	nan	nan	8.000	1437.068	44.670	183.020	66.830	223.870	1.759	0.876	3.415	
17	2.000	2.000	302.000	544.886	1440.498	1443.065	1444.081	8,	1444.614,	nan	nan	8.000	1447.093	54.640	149.620	66.830	223.870	1.580	1.016	2.688	
17	2.000	2.000	303.000	544.886	1449.795	1452.272	1452.916	nan	nan	nan	nan	nan	nan	44.670	122.320	54.640	149.620	1.489	0.645	3.113	
17	2.000	2.000	304.000	544.886	1459.074	1460.870	1462.079	9,	1462.577,	nan	nan	9.000	1465.092	54.640	223.870	66.830	122.320	0.809	1.209	2.772	
17	2.000	2.000	305.000	544.886	1467.879	1470.070	1471.178	9,	1471.497,	nan	nan	9.000	1474.191	54.640	149.620	81.750	183.020	1.204	1.108	2.219	
17	2.000	2.000	306.000	544.886	1476.423	1478.519	1480.042	8,	1480.544,	nan	nan	8.000	1483.055	54.640	122.320	81.750	223.870	1.108	1.523	2.154	
17	2.000	2.000	307.000	544.886	1485.273	1487.613	1488.585	8,	1488.658,	nan	nan	8.000	1491.604	66.830	183.020	81.750	223.870	1.402	0.973	3.370	
17	2.000	2.000	308.000	544.886	1494.991	1497.205	1498.355	8,	1499.561,	nan	nan	8.000	1501.374	44.670	122.320	54.640	223.870	1.228	1.151	3.563	
17	2.000	2.000	309.000	544.886	1504.951	1507.548	1508.950	9,	1509.772,	nan	nan	9.000	1511.962	44.670	149.620	81.750	223.870	1.609	1.402	2.894	
17	2.000	2.000	310.000	544.886	1514.870	1517.318	1518.073	8,	1519.230,	nan	nan	8.000	1521.092	44.670	122.320	81.750	183.020	1.460	0.756	3.048	
17	2.000	2.000	311.000	544.886	1524.154	1526.935	1528.818	8,	1529.049,	nan	nan	8.000	1531.837	54.640	183.020	81.750	223.870	1.793	1.884	2.238	
17	2.000	2.000	312.000	544.886	1534.088	1536.575	1537.258	9,	1538.515,	nan	nan	9.000	1540.276	66.830	149.620	81.750	183.020	1.498	0.683	3.994	
