subjID	session	Block	trialCount	earnings	Gam1Onset	Gam2Onset	FBOnset	KPs	RT	KPlate	RTlate	KP_Final	SLOnset	Gam1_1	Gam1_2	Gam2_1	Gam2_2	jit1	jit2	jit3	
19	2.000	1.000	1.000	666.449	91.565	93.666	95.275	9,	95.401,	nan	nan	9.000	98.291	183.020	44.670	223.870	44.670	1.113	1.609	3.402	
19	2.000	1.000	2.000	666.449	101.704	104.488	105.036	9,	106.675,	nan	nan	9.000	108.053	66.830	223.870	44.670	183.020	1.793	0.548	2.199	
19	2.000	1.000	3.000	666.449	110.264	113.114	114.506	9,	115.397,	nan	nan	9.000	117.519	81.750	223.870	66.830	122.320	1.860	1.392	2.096	
19	2.000	1.000	4.000	666.449	119.626	122.458	122.977	9,	124.211,	nan	nan	9.000	125.994	54.640	223.870	44.670	122.320	1.841	0.519	3.196	
19	2.000	1.000	5.000	666.449	129.203	130.909	132.374	9,	133.072,	nan	nan	9.000	135.391	66.830	183.020	54.640	149.620	0.717	1.465	2.637	
19	2.000	1.000	6.000	666.449	138.039	140.224	140.927	9,	142.016,	nan	nan	9.000	143.944	81.750	223.870	44.670	183.020	1.195	0.703	3.215	
19	2.000	1.000	7.000	666.449	147.172	149.477	151.110	9,	151.691,	nan	nan	9.000	154.123	81.750	183.020	54.640	122.320	1.315	1.633	2.855	
19	2.000	1.000	8.000	666.449	156.990	158.809	159.719	9,	160.262,	nan	nan	9.000	162.736	81.750	183.020	66.830	149.620	0.828	0.910	2.842	
19	2.000	1.000	9.000	666.449	165.589	168.127	168.742	9,	169.625,	nan	nan	9.000	171.756	81.750	223.870	54.640	122.320	1.547	0.616	2.283	
19	2.000	1.000	10.000	666.449	174.049	175.931	176.933	8,	178.026,	nan	nan	8.000	179.946	54.640	183.020	44.670	149.620	0.891	1.002	2.161	
19	2.000	1.000	11.000	666.449	182.116	184.144	185.218	9,	185.832,	nan	nan	9.000	188.230	81.750	223.870	54.640	149.620	1.035	1.074	3.788	
19	2.000	1.000	12.000	666.449	192.029	194.909	195.829	9,	196.711,	nan	nan	9.000	198.841	81.750	149.620	44.670	122.320	1.889	0.920	3.068	
19	2.000	1.000	13.000	666.449	201.920	203.927	205.266	9,	205.714,	nan	nan	9.000	208.284	81.750	149.620	66.830	122.320	1.016	1.339	3.254	
19	2.000	1.000	14.000	666.449	211.549	213.253	214.018	8,	214.786,	nan	nan	8.000	217.036	183.020	149.620	223.870	149.620	0.712	0.765	2.489	
19	2.000	1.000	15.000	666.449	219.536	221.582	222.496	9,	223.333,	nan	nan	9.000	225.509	81.750	122.320	66.830	183.020	1.055	0.915	2.714	
19	2.000	1.000	16.000	666.449	228.234	230.221	231.884	9,	232.222,	nan	nan	9.000	234.896	66.830	149.620	54.640	122.320	0.997	1.662	2.534	
19	2.000	1.000	17.000	666.449	237.442	239.935	240.763	9,	242.053,	nan	nan	9.000	243.775	81.750	223.870	44.670	122.320	1.503	0.828	2.765	
19	2.000	1.000	18.000	666.449	246.570	248.265	250.149	9,	250.325,	nan	nan	9.000	253.167	66.830	149.620	44.670	122.320	0.722	1.884	3.119	
19	2.000	1.000	19.000	666.449	256.309	258.169	259.870	9,	260.250,	nan	nan	9.000	262.882	81.750	223.870	54.640	183.020	0.881	1.701	2.302	
19	2.000	1.000	20.000	666.449	265.201	267.483	268.494	9,	269.540,	nan	nan	9.000	271.506	66.830	223.870	54.640	122.320	1.296	1.011	2.167	
19	2.000	1.000	21.000	666.449	273.688	275.373	277.045	9,	277.349,	nan	nan	9.000	280.065	81.750	223.870	66.830	149.620	0.698	1.672	3.961	
19	2.000	1.000	22.000	666.449	284.050	285.784	286.443	8,	286.869,	nan	nan	8.000	289.460	54.640	183.020	44.670	122.320	0.756	0.659	3.235	
19	2.000	1.000	23.000	666.449	292.705	294.853	296.693	9,	297.126,	nan	nan	9.000	299.710	81.750	149.620	54.640	122.320	1.156	1.841	3.633	
19	2.000	1.000	24.000	666.449	303.366	305.647	307.048	9,	307.592,	nan	nan	9.000	310.065	81.750	223.870	66.830	183.020	1.301	1.402	3.466	
19	2.000	1.000	25.000	666.449	313.546	315.665	316.532	9,	316.979,	nan	nan	9.000	319.551	66.830	223.870	44.670	122.320	1.132	0.867	3.145	
19	2.000	1.000	26.000	666.449	322.729	324.898	325.499	8,	326.621,	nan	nan	8.000	328.512	54.640	223.870	44.670	183.020	1.199	0.601	3.524	
19	2.000	1.000	27.000	666.449	332.053	334.908	336.555	8,	336.689,	nan	nan	8.000	339.569	66.830	183.020	81.750	183.020	1.870	1.648	3.505	
19	2.000	1.000	28.000	666.449	343.086	344.991	345.553	9,	346.048,	nan	nan	9.000	348.571	81.750	149.620	44.670	183.020	0.915	0.563	2.367	
19	2.000	1.000	29.000	666.449	350.948	353.626	354.425	8,	355.426,	nan	nan	8.000	357.438	54.640	149.620	44.670	122.320	1.686	0.799	3.994	
19	2.000	1.000	30.000	666.449	361.442	363.971	365.720	9,	366.282,	nan	nan	9.000	368.738	66.830	183.020	44.670	122.320	1.537	1.749	2.386	
19	2.000	1.000	31.000	666.449	371.135	373.827	374.394	9,	374.916,	nan	nan	9.000	377.411	81.750	183.020	44.670	122.320	1.701	0.568	2.553	
19	2.000	1.000	32.000	666.449	379.975	382.508	383.987	9,	384.466,	nan	nan	9.000	387.000	66.830	223.870	44.670	149.620	1.542	1.479	2.868	
19	2.000	1.000	33.000	666.449	389.879	392.817	394.735	9,	395.132,	nan	nan	9.000	397.749	66.830	223.870	54.640	149.620	1.947	1.918	2.797	
19	2.000	1.000	34.000	666.449	400.559	402.569	404.082	9,	404.688,	nan	nan	9.000	407.095	81.750	149.620	44.670	223.870	1.021	1.513	2.122	
19	2.000	1.000	35.000	666.449	409.228	412.209	413.071	9,	413.541,	nan	nan	9.000	416.089	81.750	149.620	54.640	183.020	1.990	0.862	2.527	
19	2.000	1.000	36.000	666.449	418.627	420.856	422.022	9,	422.561,	nan	nan	9.000	425.035	54.640	223.870	44.670	149.620	1.238	1.166	2.611	
19	2.000	1.000	37.000	666.449	427.658	429.606	431.046	9,	431.491,	nan	nan	9.000	434.059	66.830	223.870	54.640	183.020	0.958	1.441	2.958	
19	2.000	1.000	38.000	666.449	437.029	439.552	440.196	9,	440.525,	nan	nan	9.000	443.210	66.830	183.020	44.670	149.620	1.532	0.645	2.064	
19	2.000	1.000	39.000	666.449	445.289	447.635	448.858	9,	449.783,	nan	nan	9.000	451.870	66.830	183.020	54.640	122.320	1.359	1.223	3.357	
19	2.000	1.000	40.000	666.449	455.238	457.477	458.324	8,	459.185,	nan	nan	8.000	461.342	66.830	54.640	81.750	54.640	1.248	0.847	3.280	
19	2.000	1.000	41.000	666.449	464.633	467.474	468.760	8,	469.434,	nan	nan	8.000	471.773	54.640	122.320	44.670	149.620	1.850	1.286	3.576	
19	2.000	1.000	42.000	666.449	475.361	477.343	479.251	8,	479.363,	nan	nan	8.000	482.268	54.640	122.320	81.750	149.620	0.992	1.908	3.080	
19	2.000	1.000	43.000	666.449	485.360	487.685	488.243	8,	489.555,	nan	nan	8.000	491.256	66.830	122.320	54.640	149.620	1.334	0.558	3.061	
19	2.000	1.000	44.000	666.449	494.328	495.921	497.694	9,	497.768,	nan	nan	9.000	500.706	66.830	149.620	44.670	183.020	0.601	1.773	2.849	
19	2.000	1.000	45.000	666.449	503.565	506.171	506.801	9,	508.084,	nan	nan	9.000	509.813	81.750	183.020	66.830	223.870	1.614	0.630	2.939	
19	2.000	1.000	46.000	666.449	512.763	515.123	516.457	8,	517.181,	nan	nan	8.000	519.470	54.640	149.620	44.670	223.870	1.368	1.334	3.904	
19	2.000	1.000	47.000	666.449	523.385	526.250	527.372	9,	528.144,	nan	nan	9.000	530.389	81.750	149.620	66.830	183.020	1.875	1.122	2.379	
19	2.000	1.000	48.000	666.449	532.781	535.467	536.686	9,	537.360,	nan	nan	9.000	539.698	66.830	183.020	44.670	223.870	1.696	1.219	3.807	
19	2.000	1.000	49.000	666.449	543.517	545.441	547.210	8,	547.467,	nan	nan	8.000	550.228	54.640	122.320	44.670	223.870	0.934	1.768	3.325	
19	2.000	1.000	50.000	666.449	553.564	555.600	556.620	8,	557.216,	nan	nan	8.000	559.633	81.750	149.620	66.830	223.870	1.045	1.021	2.444	
19	2.000	1.000	51.000	666.449	562.088	564.495	565.130	8,	565.827,	nan	nan	8.000	568.142	44.670	223.870	81.750	149.620	1.416	0.635	2.437	
19	2.000	1.000	52.000	666.449	570.590	572.188	573.642	9,	574.339,	nan	nan	9.000	576.661	66.830	149.620	44.670	223.870	0.606	1.455	2.817	
19	2.000	1.000	53.000	666.449	579.490	581.925	583.158	8,	583.506,	nan	nan	8.000	586.171	149.620	81.750	223.870	81.750	1.445	1.233	2.656	
19	2.000	1.000	54.000	666.449	588.838	590.816	592.372	9,	592.959,	nan	nan	9.000	595.385	81.750	122.320	54.640	223.870	0.987	1.556	2.707	
19	2.000	1.000	55.000	666.449	598.105	599.604	600.157	8,	601.439,	nan	nan	8.000	603.169	54.640	183.020	81.750	149.620	0.510	0.553	2.186	
19	2.000	1.000	56.000	666.449	605.369	607.876	608.549	9,	609.673,	nan	nan	9.000	611.561	66.830	183.020	54.640	223.870	1.518	0.674	2.045	
19	2.000	1.000	57.000	666.449	613.619	616.512	618.251	9,	618.828,	nan	nan	9.000	621.264	81.750	149.620	54.640	223.870	1.904	1.740	3.865	
19	2.000	1.000	58.000	666.449	625.142	626.911	628.298	8,	628.730,	nan	nan	8.000	631.315	54.640	122.320	44.670	183.020	0.780	1.387	3.486	
19	2.000	1.000	59.000	666.449	634.815	636.906	637.709	9,	638.555,	nan	nan	9.000	640.722	81.750	122.320	44.670	183.020	1.103	0.804	2.180	
19	2.000	1.000	60.000	666.449	642.915	644.539	646.375	8,	646.742,	nan	nan	8.000	649.393	81.750	122.320	66.830	223.870	0.635	1.836	2.514	
19	2.000	1.000	61.000	666.449	651.918	654.346	656.123	8,	656.539,	nan	nan	8.000	659.142	44.670	122.320	66.830	223.870	1.436	1.778	2.997	
19	2.000	1.000	62.000	666.449	662.158	663.814	664.719	9,	665.484,	nan	nan	9.000	667.733	81.750	122.320	44.670	223.870	0.674	0.905	2.354	
19	2.000	1.000	63.000	666.449	670.103	672.847	673.805	8,	674.222,	nan	nan	8.000	676.818	44.670	183.020	81.750	149.620	1.759	0.958	3.537	
19	2.000	1.000	64.000	666.449	680.380	682.697	683.891	9,	684.347,	nan	nan	9.000	686.908	66.830	149.620	54.640	183.020	1.339	1.195	2.457	
19	2.000	1.000	65.000	666.449	689.377	692.343	693.451	9,	694.172,	nan	nan	9.000	696.464	66.830	122.320	44.670	183.020	1.976	1.108	2.289	
19	2.000	1.000	66.000	666.449	698.766	700.762	702.515	8,	702.802,	nan	nan	8.000	705.533	149.620	122.320	223.870	122.320	1.006	1.754	2.264	
19	2.000	1.000	67.000	666.449	707.809	710.601	711.704	9,	712.070,	nan	nan	9.000	714.717	66.830	183.020	81.750	122.320	1.802	1.103	3.717	
19	2.000	1.000	68.000	666.449	718.447	721.364	722.636	8,	722.936,	nan	nan	8.000	725.654	54.640	122.320	66.830	223.870	1.928	1.272	2.482	
19	2.000	1.000	69.000	666.449	728.148	729.797	730.770	9,	731.503,	nan	nan	9.000	733.786	81.750	183.020	54.640	223.870	0.659	0.973	2.315	
19	2.000	1.000	70.000	666.449	736.114	738.611	739.222	8,	739.740,	nan	nan	8.000	742.239	54.640	122.320	66.830	183.020	1.508	0.611	2.990	
19	2.000	1.000	71.000	666.449	745.242	747.880	749.831	8,	750.161,	nan	nan	8.000	752.849	66.830	149.620	54.640	223.870	1.648	1.952	2.830	
19	2.000	1.000	72.000	666.449	755.690	757.933	759.050	9,	759.769,	nan	nan	9.000	762.063	81.750	122.320	54.640	183.020	1.252	1.117	2.495	
19	2.000	1.000	73.000	666.449	764.572	766.504	767.197	9,	768.178,	nan	nan	9.000	770.210	54.640	149.620	44.670	183.020	0.944	0.693	3.074	
19	2.000	1.000	74.000	666.449	773.305	776.026	777.041	9,	777.676,	nan	nan	9.000	780.058	54.640	183.020	44.670	223.870	1.740	1.016	3.582	
19	2.000	1.000	75.000	666.449	783.651	785.480	786.249	9,	787.029,	nan	nan	9.000	789.262	81.750	122.320	66.830	149.620	0.838	0.770	3.775	
19	2.000	1.000	76.000	666.449	793.051	794.703	795.439	9,	795.840,	nan	nan	9.000	798.457	81.750	183.020	44.670	223.870	0.664	0.736	2.688	
19	2.000	1.000	77.000	666.449	801.156	803.101	805.033	9,	805.247,	nan	nan	9.000	808.046	81.750	122.320	44.670	149.620	0.953	1.932	2.090	
19	2.000	1.000	78.000	666.449	810.147	812.227	813.754	9,	814.168,	nan	nan	9.000	816.766	66.830	122.320	44.670	149.620	1.088	1.527	2.875	
19	2.000	1.000	79.000	666.449	819.654	821.741	823.263	8,	823.529,	nan	nan	8.000	826.276	54.640	122.320	81.750	122.320	1.098	1.523	2.566	
19	2.000	1.000	80.000	666.449	828.853	830.580	832.069	9,	832.624,	nan	nan	9.000	835.087	54.640	223.870	66.830	149.620	0.736	1.489	3.987	
19	2.000	1.000	81.000	666.449	839.086	841.849	842.981	8,	843.512,	nan	nan	8.000	845.998	66.830	183.020	81.750	149.620	1.773	1.132	3.248	
19	2.000	1.000	82.000	666.449	849.258	851.259	851.865	8,	852.344,	nan	nan	8.000	854.878	54.640	223.870	81.750	183.020	1.011	0.606	2.650	
19	2.000	1.000	83.000	666.449	857.541	859.556	860.798	8,	861.082,	nan	nan	8.000	863.811	66.830	149.620	81.750	122.320	1.026	1.243	2.193	
19	2.000	1.000	84.000	666.449	866.019	867.801	868.469	9,	869.226,	nan	nan	9.000	871.486	81.750	183.020	66.830	122.320	0.794	0.669	3.653	
19	2.000	1.000	85.000	666.449	875.154	878.054	879.427	8,	879.728,	nan	nan	8.000	882.445	44.670	223.870	81.750	183.020	1.913	1.373	2.701	
19	2.000	1.000	86.000	666.449	885.158	887.955	888.855	8,	889.218,	nan	nan	8.000	891.873	44.670	183.020	81.750	122.320	1.807	0.900	2.058	
19	2.000	1.000	87.000	666.449	893.943	896.624	897.356	9,	897.994,	nan	nan	9.000	900.369	81.750	183.020	44.670	149.620	1.691	0.732	2.585	
19	2.000	1.000	88.000	666.449	902.965	905.184	907.044	8,	907.260,	nan	nan	8.000	910.058	54.640	183.020	66.830	149.620	1.228	1.860	3.428	
19	2.000	1.000	89.000	666.449	913.497	915.248	916.543	8,	916.850,	nan	nan	8.000	919.561	44.670	183.020	66.830	122.320	0.760	1.296	3.113	
19	2.000	1.000	90.000	666.449	922.692	925.146	926.041	9,	926.549,	nan	nan	9.000	929.053	66.830	223.870	81.750	149.620	1.469	0.895	3.106	
19	2.000	1.000	91.000	666.449	932.172	934.997	935.676	9,	936.283,	nan	nan	9.000	938.694	44.670	223.870	54.640	149.620	1.836	0.678	3.929	
19	2.000	1.000	92.000	666.449	942.641	945.414	947.148	8,	947.801,	nan	nan	8.000	950.167	54.640	44.670	81.750	44.670	1.788	1.735	2.662	
19	2.000	1.000	93.000	666.449	952.843	954.684	955.260	9,	956.132,	nan	nan	9.000	958.273	66.830	223.870	81.750	122.320	0.852	0.577	3.878	
19	2.000	1.000	94.000	666.449	962.162	964.048	965.392	8,	965.763,	nan	nan	8.000	968.405	44.670	223.870	66.830	183.020	0.895	1.344	3.974	
19	2.000	1.000	95.000	666.449	972.391	975.063	976.421	9,	976.744,	nan	nan	9.000	979.439	54.640	223.870	81.750	122.320	1.682	1.359	3.781	
19	2.000	1.000	96.000	666.449	983.233	985.687	986.988	8,	988.021,	nan	nan	8.000	990.005	66.830	122.320	54.640	183.020	1.465	1.301	3.936	
19	2.000	1.000	97.000	666.449	993.954	995.530	996.237	8,	996.807,	nan	nan	8.000	999.254	44.670	223.870	81.750	122.320	0.587	0.707	3.267	
19	2.000	1.000	98.000	666.449	1002.545	1004.689	1006.563	8,	1006.777,	nan	nan	8.000	1009.579	44.670	183.020	54.640	149.620	1.166	1.875	3.826	
19	2.000	1.000	99.000	666.449	1013.418	1015.887	1016.927	8,	1017.633,	nan	nan	8.000	1019.945	54.640	223.870	66.830	183.020	1.479	1.040	2.000	
19	2.000	1.000	100.000	666.449	1021.957	1023.789	1025.220	9,	1025.833,	nan	nan	9.000	1028.233	44.670	183.020	54.640	122.320	0.842	1.431	2.238	
19	2.000	1.000	101.000	666.449	1030.485	1032.716	1034.277	8,	1034.558,	nan	nan	8.000	1037.289	44.670	149.620	81.750	122.320	1.243	1.561	3.132	
19	2.000	1.000	102.000	666.449	1040.433	1042.647	1043.407	8,	1044.113,	nan	nan	8.000	1046.420	44.670	183.020	66.830	149.620	1.223	0.760	2.418	
19	2.000	1.000	103.000	666.449	1048.850	1051.025	1051.650	8,	1052.550,	nan	nan	8.000	1054.662	66.830	122.320	54.640	223.870	1.185	0.625	3.293	
19	2.000	1.000	104.000	666.449	1057.975	1059.805	1061.785	8,	1062.118,	nan	nan	8.000	1064.805	44.670	149.620	66.830	122.320	0.847	1.981	3.338	
19	2.000	1.000	105.000	666.449	1068.161	1069.896	1071.688	8,	1071.999,	nan	nan	8.000	1074.706	149.620	81.750	183.020	81.750	0.751	1.793	2.733	
19	2.000	1.000	106.000	666.449	1077.451	1079.853	1081.404	9,	1081.733,	nan	nan	9.000	1084.417	81.750	183.020	54.640	149.620	1.412	1.551	2.347	
19	2.000	1.000	107.000	666.449	1086.776	1088.976	1089.765	8,	1090.647,	nan	nan	8.000	1092.778	44.670	223.870	54.640	122.320	1.209	0.789	3.447	
19	2.000	1.000	108.000	666.449	1096.240	1098.784	1099.370	8,	1100.566,	nan	nan	8.000	1102.388	54.640	149.620	66.830	122.320	1.556	0.587	3.035	
19	2.000	1.000	109.000	666.449	1105.435	1107.548	1108.245	8,	1108.840,	nan	nan	8.000	1111.263	54.640	183.020	81.750	122.320	1.122	0.698	3.055	
19	2.000	1.000	110.000	666.449	1114.329	1116.524	1118.335	8,	1119.047,	nan	nan	8.000	1121.349	66.830	122.320	44.670	223.870	1.204	1.812	3.762	
19	2.000	1.000	111.000	666.449	1125.126	1128.021	1128.675	9,	1129.456,	nan	nan	9.000	1131.692	66.830	223.870	81.750	183.020	1.908	0.654	3.023	
19	2.000	1.000	112.000	666.449	1134.727	1136.357	1137.662	9,	1138.248,	nan	nan	9.000	1140.680	44.670	149.620	54.640	122.320	0.640	1.305	2.862	
19	2.000	1.000	113.000	666.449	1143.555	1146.221	1147.859	9,	1148.117,	nan	nan	9.000	1150.873	81.750	223.870	44.670	149.620	1.677	1.638	3.923	
19	2.000	1.000	114.000	666.449	1154.810	1156.573	1157.656	9,	1158.413,	nan	nan	9.000	1160.674	44.670	223.870	66.830	149.620	0.775	1.084	3.749	
19	2.000	1.000	115.000	666.449	1164.435	1165.964	1166.545	8,	1167.381,	nan	nan	8.000	1169.563	54.640	223.870	81.750	149.620	0.539	0.582	2.977	
19	2.000	1.000	116.000	666.449	1172.552	1174.723	1176.375	8,	1176.814,	nan	nan	8.000	1179.394	44.670	223.870	54.640	183.020	1.180	1.653	2.592	
19	2.000	1.000	117.000	666.449	1182.003	1184.698	1185.844	9,	1186.411,	nan	nan	9.000	1188.857	81.750	122.320	54.640	149.620	1.711	1.146	3.222	
19	2.000	1.000	118.000	666.449	1192.096	1194.406	1195.547	9,	1195.850,	nan	nan	9.000	1198.564	149.620	223.870	183.020	223.870	1.325	1.141	2.926	
19	2.000	1.000	119.000	666.449	1201.504	1203.986	1205.605	8,	1206.013,	nan	nan	8.000	1208.618	44.670	149.620	54.640	223.870	1.494	1.619	3.814	
19	2.000	1.000	120.000	666.449	1212.451	1214.860	1215.890	8,	1216.704,	nan	nan	8.000	1218.903	44.670	149.620	54.640	183.020	1.426	1.031	3.678	
19	2.000	1.000	121.000	666.449	1222.597	1225.159	1226.676	8,	1227.027,	nan	nan	8.000	1229.690	44.670	122.320	66.830	183.020	1.576	1.518	2.071	
19	2.000	1.000	122.000	666.449	1231.772	1234.150	1234.872	8,	1235.813,	nan	nan	8.000	1237.885	54.640	149.620	66.830	223.870	1.387	0.722	2.392	
19	2.000	1.000	123.000	666.449	1240.289	1243.265	1245.067	8,	1245.216,	nan	nan	8.000	1248.079	44.670	122.320	54.640	149.620	1.986	1.802	3.743	
19	2.000	1.000	124.000	666.449	1251.834	1254.279	1256.100	8,	1256.343,	nan	nan	8.000	1259.113	44.670	149.620	81.750	183.020	1.455	1.822	3.569	
19	2.000	1.000	125.000	666.449	1262.698	1264.252	1264.824	8,	1265.760,	nan	nan	8.000	1267.841	44.670	183.020	66.830	223.870	0.568	0.572	2.695	
19	2.000	1.000	126.000	666.449	1270.548	1272.709	1273.985	8,	1274.307,	nan	nan	8.000	1276.998	54.640	149.620	81.750	223.870	1.170	1.277	3.640	
19	2.000	1.000	127.000	666.449	1280.653	1283.211	1284.029	8,	1284.436,	nan	nan	8.000	1287.048	44.670	149.620	66.830	183.020	1.571	0.818	3.550	
19	2.000	1.000	128.000	666.449	1290.612	1293.113	1294.490	8,	1294.671,	nan	nan	8.000	1297.503	66.830	122.320	81.750	183.020	1.513	1.378	3.492	
19	2.000	1.000	129.000	666.449	1301.007	1303.703	1304.690	8,	1305.103,	nan	nan	8.000	1307.707	44.670	122.320	66.830	149.620	1.706	0.987	2.887	
19	2.000	1.000	130.000	666.449	1310.607	1313.515	1314.671	8,	1315.022,	nan	nan	8.000	1317.689	44.670	149.620	81.750	223.870	1.918	1.156	2.322	
19	2.000	1.000	131.000	666.449	1320.022	1322.564	1323.570	8,	1324.138,	nan	nan	8.000	1326.586	54.640	183.020	66.830	183.020	1.551	1.006	2.219	
19	2.000	1.000	132.000	666.449	1328.820	1331.089	1332.403	8,	1332.791,	nan	nan	8.000	1335.417	44.670	122.320	54.640	223.870	1.281	1.315	2.913	
19	2.000	1.000	133.000	666.449	1338.344	1340.194	1341.909	8,8,	1341.925,1343.276,	nan	nan	8.000	1344.922	66.830	149.620	81.750	183.020	0.862	1.715	3.003	
19	2.000	1.000	134.000	666.449	1347.938	1350.238	1351.283	8,	1351.618,	nan	nan	8.000	1354.295	44.670	183.020	54.640	223.870	1.310	1.045	2.424	
19	2.000	1.000	135.000	666.449	1356.731	1359.452	1360.434	8,	1360.764,	nan	nan	8.000	1363.447	54.640	183.020	66.830	122.320	1.730	0.982	3.273	
19	2.000	1.000	136.000	666.449	1366.733	1369.689	1370.859	8,	1371.092,	nan	nan	8.000	1373.873	66.830	122.320	81.750	223.870	1.966	1.170	2.051	
19	2.000	1.000	137.000	666.449	1375.936	1378.087	1379.334	8,8,	1379.379,1380.300,	nan	nan	8.000	1382.347	44.670	122.320	81.750	149.620	1.161	1.248	3.093	
19	2.000	1.000	138.000	666.449	1385.452	1387.917	1389.603	9,	1389.952,	nan	nan	9.000	1392.616	44.670	223.870	66.830	122.320	1.474	1.686	2.971	
19	2.000	1.000	139.000	666.449	1395.599	1397.379	1399.166	8,	1399.442,	nan	nan	8.000	1402.184	44.670	122.320	54.640	183.020	0.789	1.788	2.328	
19	2.000	1.000	140.000	666.449	1404.523	1406.964	1408.819	8,	1408.883,	nan	nan	8.000	1411.837	54.640	183.020	66.830	223.870	1.450	1.855	3.730	
19	2.000	1.000	141.000	666.449	1415.578	1417.783	1419.112	8,	1419.464,	nan	nan	8.000	1422.130	54.640	122.320	81.750	223.870	1.214	1.330	2.900	
19	2.000	1.000	142.000	666.449	1425.042	1426.866	1427.944	8,	1428.262,	nan	nan	8.000	1430.957	66.830	183.020	81.750	223.870	0.833	1.079	2.540	
19	2.000	1.000	143.000	666.449	1433.512	1436.277	1437.780	8,	1438.237,	nan	nan	8.000	1440.798	44.670	122.320	81.750	223.870	1.778	1.503	2.103	
19	2.000	1.000	144.000	666.449	1442.912	1445.884	1446.697	8,	1446.993,	nan	nan	8.000	1449.710	54.640	81.750	66.830	81.750	1.981	0.814	2.579	
19	2.000	1.000	145.000	666.449	1452.300	1454.331	1455.897	8,	1456.313,	nan	nan	8.000	1458.910	54.640	149.620	81.750	183.020	1.040	1.566	2.547	
19	2.000	1.000	146.000	666.449	1461.469	1464.382	1465.663	9,	1466.177,	nan	nan	9.000	1468.675	54.640	223.870	66.830	122.320	1.923	1.281	3.518	
19	2.000	1.000	147.000	666.449	1472.204	1474.370	1475.627	8,	1476.221,	nan	nan	8.000	1478.644	54.640	122.320	66.830	149.620	1.175	1.257	3.170	
19	2.000	1.000	148.000	666.449	1481.831	1484.580	1485.765	8,	1486.038,	nan	nan	8.000	1488.777	54.640	122.320	81.750	183.020	1.764	1.185	2.720	
19	2.000	1.000	149.000	666.449	1491.509	1494.133	1494.782	8,	1495.242,	nan	nan	8.000	1497.795	44.670	149.620	66.830	223.870	1.633	0.650	2.630	
19	2.000	1.000	150.000	666.449	1500.436	1502.564	1503.560	8,	1504.062,	nan	nan	8.000	1506.573	54.640	149.620	81.750	122.320	1.137	0.997	2.605	
19	2.000	1.000	151.000	666.449	1509.189	1512.179	1513.441	8,	1513.725,	nan	nan	8.000	1516.459	54.640	149.620	66.830	183.020	2.000	1.262	3.260	
19	2.000	1.000	152.000	666.449	1519.732	1522.119	1523.564	8,	1523.739,	nan	nan	8.000	1526.583	44.670	122.320	81.750	183.020	1.397	1.445	3.408	
19	2.000	1.000	153.000	666.449	1530.004	1531.565	1533.285	8,	1533.721,	nan	nan	8.000	1536.303	66.830	122.320	81.750	149.620	0.572	1.720	3.846	
19	2.000	1.000	154.000	666.449	1540.161	1541.830	1543.246	8,	1543.563,	nan	nan	8.000	1546.263	54.640	183.020	81.750	223.870	0.678	1.416	2.141	
19	2.000	1.000	155.000	666.449	1548.416	1549.950	1551.839	8,	1552.214,	nan	nan	8.000	1554.852	44.670	183.020	81.750	223.870	0.543	1.889	2.334	
19	2.000	1.000	156.000	666.449	1557.199	1559.909	1560.780	8,	1561.092,	nan	nan	8.000	1563.798	66.830	149.620	81.750	223.870	1.720	0.871	3.614	
19	2.000	2.000	157.000	666.449	43.456	46.016	47.842	8,	48.098,	nan	nan	8.000	50.859	183.020	54.640	223.870	54.640	1.561	1.826	3.704	
19	2.000	2.000	158.000	666.449	54.575	57.184	58.716	9,	59.067,	nan	nan	9.000	61.736	54.640	223.870	44.670	149.620	1.619	1.532	2.476	
19	2.000	2.000	159.000	666.449	64.224	66.519	68.413	9,	68.662,	nan	nan	9.000	71.427	66.830	183.020	54.640	149.620	1.305	1.894	3.711	
19	2.000	2.000	160.000	666.449	75.150	77.802	79.763	9,	80.117,	nan	nan	9.000	82.781	66.830	149.620	44.670	122.320	1.662	1.961	3.286	
19	2.000	2.000	161.000	666.449	86.080	88.891	90.756	9,	91.095,	nan	nan	9.000	93.769	81.750	183.020	54.640	122.320	1.822	1.865	3.595	
19	2.000	2.000	162.000	666.449	97.379	100.250	101.835	9,	102.136,	nan	nan	9.000	104.849	81.750	149.620	54.640	122.320	1.884	1.585	3.164	
19	2.000	2.000	163.000	666.449	108.026	110.764	111.915	9,	112.281,	nan	nan	9.000	114.928	66.830	223.870	54.640	183.020	1.749	1.151	3.441	
19	2.000	2.000	164.000	666.449	118.381	120.247	121.450	9,	121.803,	nan	nan	9.000	124.468	66.830	223.870	44.670	183.020	0.876	1.204	2.502	
19	2.000	2.000	165.000	666.449	126.983	128.554	129.864	9,	130.211,	nan	nan	9.000	132.877	66.830	223.870	54.640	122.320	0.582	1.310	3.968	
19	2.000	2.000	166.000	666.449	136.859	138.810	140.535	9,	140.811,	nan	nan	9.000	143.553	81.750	149.620	44.670	183.020	0.963	1.725	3.646	
19	2.000	2.000	167.000	666.449	147.212	148.894	150.657	9,	151.295,	nan	nan	9.000	153.676	81.750	183.020	66.830	149.620	0.693	1.764	3.190	
19	2.000	2.000	168.000	666.449	156.879	159.009	159.885	9,	160.273,	nan	nan	9.000	162.902	66.830	223.870	44.670	149.620	1.141	0.876	2.894	
19	2.000	2.000	169.000	666.449	165.810	168.422	170.219	9,	171.141,	nan	nan	9.000	173.238	81.750	149.620	44.670	223.870	1.624	1.797	3.531	
19	2.000	2.000	170.000	666.449	176.781	178.541	179.349	8,	179.688,	nan	nan	8.000	182.362	183.020	122.320	223.870	122.320	0.770	0.809	3.794	
19	2.000	2.000	171.000	666.449	186.169	188.305	189.962	9,	190.768,	nan	nan	9.000	192.981	54.640	183.020	44.670	122.320	1.146	1.658	3.601	
19	2.000	2.000	172.000	666.449	196.596	199.517	201.112	8,	201.250,	nan	nan	8.000	204.130	81.750	122.320	66.830	183.020	1.932	1.595	4.000	
19	2.000	2.000	173.000	666.449	208.143	209.656	211.019	9,	211.410,	nan	nan	9.000	214.032	81.750	223.870	66.830	122.320	0.524	1.363	2.810	
19	2.000	2.000	174.000	666.449	216.854	218.745	219.934	9,	220.283,	nan	nan	9.000	222.947	66.830	183.020	44.670	149.620	0.900	1.190	2.309	
19	2.000	2.000	175.000	666.449	225.268	227.848	229.592	9,	229.883,	nan	nan	9.000	232.605	81.750	223.870	54.640	149.620	1.590	1.744	2.039	
19	2.000	2.000	176.000	666.449	234.656	236.204	237.403	9,	237.728,	nan	nan	9.000	240.416	81.750	223.870	44.670	183.020	0.558	1.199	2.791	
19	2.000	2.000	177.000	666.449	243.220	245.481	247.080	9,	247.706,	nan	nan	9.000	250.094	81.750	149.620	44.670	122.320	1.272	1.600	3.395	
19	2.000	2.000	178.000	666.449	253.502	256.096	257.309	9,	257.712,	nan	nan	9.000	260.322	81.750	183.020	44.670	122.320	1.605	1.214	3.042	
19	2.000	2.000	179.000	666.449	263.377	265.416	266.654	9,	267.019,	nan	nan	9.000	269.671	66.830	223.870	44.670	122.320	1.050	1.238	2.598	
19	2.000	2.000	180.000	666.449	272.283	275.127	276.355	9,	276.702,	nan	nan	9.000	279.370	81.750	223.870	54.640	122.320	1.855	1.228	2.232	
19	2.000	2.000	181.000	666.449	281.613	284.401	285.224	9,	285.817,	nan	nan	9.000	288.236	54.640	223.870	44.670	122.320	1.797	0.823	2.675	
19	2.000	2.000	182.000	666.449	290.924	293.297	293.796	9,	294.135,	nan	nan	9.000	296.809	81.750	223.870	66.830	183.020	1.383	0.500	2.431	
19	2.000	2.000	183.000	666.449	299.254	301.606	303.104	8,	303.340,	nan	nan	8.000	306.116	66.830	122.320	81.750	122.320	1.363	1.498	3.100	
19	2.000	2.000	184.000	666.449	309.229	310.849	311.792	9,	312.562,	nan	nan	9.000	314.805	54.640	149.620	44.670	122.320	0.630	0.944	3.981	
19	2.000	2.000	185.000	666.449	318.804	321.605	323.233	9,	323.532,	nan	nan	9.000	326.246	66.830	223.870	54.640	149.620	1.817	1.629	3.125	
19	2.000	2.000	186.000	666.449	329.384	331.593	333.288	9,	333.659,	nan	nan	9.000	336.301	66.830	149.620	54.640	122.320	1.219	1.696	3.511	
19	2.000	2.000	187.000	666.449	339.832	341.725	343.093	9,	343.557,	nan	nan	9.000	346.111	81.750	223.870	66.830	149.620	0.910	1.368	3.421	
19	2.000	2.000	188.000	666.449	349.545	352.399	353.391	9,	353.993,	nan	nan	9.000	356.409	54.640	223.870	44.670	183.020	1.865	0.992	3.801	
19	2.000	2.000	189.000	666.449	360.223	361.828	362.964	9,	363.346,	nan	nan	9.000	365.982	54.640	183.020	44.670	149.620	0.616	1.137	2.277	
19	2.000	2.000	190.000	666.449	368.270	370.006	370.887	9,	371.358,	nan	nan	9.000	373.899	66.830	183.020	44.670	122.320	0.746	0.881	3.389	
19	2.000	2.000	191.000	666.449	377.301	379.948	380.539	9,	380.952,	nan	nan	9.000	383.552	81.750	223.870	44.670	122.320	1.658	0.592	3.048	
19	2.000	2.000	192.000	666.449	386.614	388.730	390.180	9,	391.036,	nan	nan	9.000	393.197	81.750	149.620	66.830	122.320	1.127	1.450	2.412	
19	2.000	2.000	193.000	666.449	395.622	397.237	398.706	9,	398.945,	nan	nan	9.000	401.723	66.830	183.020	54.640	122.320	0.625	1.469	2.772	
19	2.000	2.000	194.000	666.449	404.509	406.045	406.974	9,	407.396,	nan	nan	9.000	409.988	81.750	223.870	54.640	183.020	0.548	0.929	2.013	
19	2.000	2.000	195.000	666.449	412.020	414.718	415.695	9,	416.256,	nan	nan	9.000	418.713	81.750	149.620	54.640	183.020	1.715	0.977	2.154	
19	2.000	2.000	196.000	666.449	420.881	423.701	425.025	8,	425.784,	nan	nan	8.000	428.038	66.830	44.670	81.750	44.670	1.831	1.325	2.752	
19	2.000	2.000	197.000	666.449	430.803	432.404	434.085	8,	434.327,	nan	nan	8.000	437.098	81.750	122.320	66.830	223.870	0.611	1.682	3.228	
19	2.000	2.000	198.000	666.449	440.340	442.813	444.783	9,	445.222,	nan	nan	9.000	447.802	66.830	183.020	81.750	122.320	1.484	1.971	3.833	
19	2.000	2.000	199.000	666.449	451.647	453.870	455.720	8,	456.107,	nan	nan	8.000	458.738	54.640	122.320	44.670	223.870	1.233	1.850	2.643	
19	2.000	2.000	200.000	666.449	461.396	464.152	466.094	9,	466.476,	nan	nan	9.000	469.107	81.750	183.020	54.640	223.870	1.768	1.942	3.691	
19	2.000	2.000	201.000	666.449	472.812	474.301	476.247	9,	476.969,	nan	nan	9.000	479.265	54.640	183.020	44.670	223.870	0.500	1.947	3.891	
19	2.000	2.000	202.000	666.449	483.168	485.425	486.474	9,	486.814,	nan	nan	9.000	489.494	81.750	183.020	44.670	223.870	1.267	1.050	2.907	
19	2.000	2.000	203.000	666.449	492.413	494.134	495.314	8,	495.742,	nan	nan	8.000	498.327	54.640	183.020	81.750	149.620	0.732	1.180	3.010	
19	2.000	2.000	204.000	666.449	501.353	502.844	504.839	8,	505.287,	nan	nan	8.000	507.852	54.640	122.320	66.830	223.870	0.505	1.995	2.463	
19	2.000	2.000	205.000	666.449	510.328	511.895	512.848	9,	513.461,	nan	nan	9.000	515.860	66.830	122.320	44.670	149.620	0.577	0.953	3.910	
19	2.000	2.000	206.000	666.449	519.782	522.145	522.896	9,	523.784,	nan	nan	9.000	525.914	81.750	122.320	54.640	183.020	1.373	0.751	3.666	
19	2.000	2.000	207.000	666.449	529.594	531.386	532.976	9,	533.578,	nan	nan	9.000	535.993	44.670	183.020	81.750	149.620	0.804	1.590	3.736	
19	2.000	2.000	208.000	666.449	539.743	542.688	544.678	9,	544.969,	nan	nan	9.000	547.696	81.750	149.620	54.640	223.870	1.957	1.990	2.624	
19	2.000	2.000	209.000	666.449	550.334	552.228	553.721	8,	554.046,	nan	nan	8.000	556.734	149.620	66.830	223.870	66.830	0.905	1.494	3.344	
19	2.000	2.000	210.000	666.449	560.091	561.807	563.484	9,	564.106,	nan	nan	9.000	566.502	81.750	149.620	66.830	183.020	0.727	1.677	3.859	
19	2.000	2.000	211.000	666.449	570.376	572.649	574.466	9,	574.825,	nan	nan	9.000	577.484	54.640	149.620	44.670	183.020	1.286	1.817	3.241	
19	2.000	2.000	212.000	666.449	580.738	582.811	584.102	8,	584.376,	nan	nan	8.000	587.115	81.750	149.620	66.830	223.870	1.084	1.291	3.460	
19	2.000	2.000	213.000	666.449	590.589	592.174	592.919	8,	593.949,	nan	nan	8.000	595.933	54.640	149.620	44.670	223.870	0.596	0.746	2.785	
19	2.000	2.000	214.000	666.449	598.731	600.485	601.008	9,	601.821,	nan	nan	9.000	604.022	66.830	149.620	54.640	183.020	0.765	0.524	2.746	
19	2.000	2.000	215.000	666.449	606.781	608.656	609.397	8,	609.865,	nan	nan	8.000	612.410	54.640	122.320	66.830	183.020	0.886	0.741	3.942	
19	2.000	2.000	216.000	666.449	616.365	618.814	619.342	8,	620.107,	nan	nan	8.000	622.360	81.750	183.020	66.830	223.870	1.460	0.529	3.479	
19	2.000	2.000	217.000	666.449	625.853	627.824	629.751	8,	629.865,	nan	nan	8.000	632.765	54.640	122.320	81.750	149.620	0.982	1.928	2.135	
19	2.000	2.000	218.000	666.449	634.913	636.456	638.378	9,	638.652,	nan	nan	9.000	641.391	81.750	122.320	44.670	149.620	0.553	1.923	2.026	
19	2.000	2.000	219.000	666.449	643.429	645.811	647.357	8,	648.462,	nan	nan	8.000	650.375	66.830	122.320	44.670	183.020	1.392	1.547	2.740	
19	2.000	2.000	220.000	666.449	653.129	655.615	657.191	9,	657.510,	nan	nan	9.000	660.203	54.640	122.320	44.670	149.620	1.498	1.576	2.521	
19	2.000	2.000	221.000	666.449	662.737	664.805	665.425	9,	666.159,	nan	nan	9.000	668.438	66.830	149.620	54.640	223.870	1.079	0.621	3.434	
19	2.000	2.000	222.000	666.449	671.885	674.817	676.228	8,	676.483,	nan	nan	8.000	679.245	149.620	122.320	223.870	122.320	1.942	1.412	3.318	
19	2.000	2.000	223.000	666.449	682.577	684.365	685.786	8,	686.412,	nan	nan	8.000	688.803	81.750	122.320	66.830	149.620	0.799	1.421	2.116	
19	2.000	2.000	224.000	666.449	690.932	693.767	694.522	9,	695.354,	nan	nan	9.000	697.535	81.750	122.320	44.670	183.020	1.846	0.756	3.087	
19	2.000	2.000	225.000	666.449	700.637	702.278	703.130	8,	703.514,	nan	nan	8.000	706.143	44.670	122.320	66.830	223.870	0.654	0.852	2.727	
19	2.000	2.000	226.000	666.449	708.896	710.555	711.667	9,	712.187,	nan	nan	9.000	714.681	66.830	122.320	54.640	149.620	0.683	1.113	3.453	
19	2.000	2.000	227.000	666.449	718.149	720.457	721.096	9,	721.615,	nan	nan	9.000	724.115	66.830	183.020	44.670	223.870	1.320	0.640	3.659	
19	2.000	2.000	228.000	666.449	727.790	729.398	730.235	9,	730.648,	nan	nan	9.000	733.247	81.750	122.320	44.670	223.870	0.621	0.838	3.331	
19	2.000	2.000	229.000	666.449	736.596	738.872	739.386	9,	740.190,	nan	nan	9.000	742.404	66.830	149.620	44.670	223.870	1.291	0.514	3.588	
19	2.000	2.000	230.000	666.449	746.005	748.932	750.801	8,	751.200,	nan	nan	8.000	753.820	54.640	122.320	44.670	183.020	1.937	1.870	3.852	
19	2.000	2.000	231.000	666.449	757.686	760.004	761.545	9,	761.873,	nan	nan	9.000	764.562	66.830	149.620	44.670	183.020	1.330	1.542	3.698	
19	2.000	2.000	232.000	666.449	768.273	770.750	772.374	9,	773.345,	nan	nan	9.000	775.391	66.830	183.020	54.640	223.870	1.489	1.624	2.360	
19	2.000	2.000	233.000	666.449	777.767	779.572	780.660	8,	781.052,	nan	nan	8.000	783.673	81.750	122.320	54.640	223.870	0.818	1.088	2.450	
19	2.000	2.000	234.000	666.449	786.138	788.127	789.586	8,	789.900,	nan	nan	8.000	792.604	44.670	223.870	81.750	149.620	1.002	1.460	3.151	
19	2.000	2.000	235.000	666.449	795.768	798.410	799.184	8,	799.584,	nan	nan	8.000	802.202	54.640	122.320	81.750	122.320	1.653	0.775	3.363	
19	2.000	2.000	236.000	666.449	805.579	807.921	808.975	8,	809.380,	nan	nan	8.000	811.993	54.640	183.020	66.830	149.620	1.354	1.055	3.756	
19	2.000	2.000	237.000	666.449	815.763	818.009	818.605	8,	819.319,	nan	nan	8.000	821.617	54.640	223.870	66.830	149.620	1.257	0.596	2.836	
19	2.000	2.000	238.000	666.449	824.465	826.486	827.511	9,	828.317,	nan	nan	9.000	830.524	44.670	223.870	54.640	149.620	1.031	1.026	2.669	
19	2.000	2.000	239.000	666.449	833.206	835.930	837.356	8,	837.679,	nan	nan	8.000	840.368	44.670	149.620	81.750	122.320	1.735	1.426	2.559	
19	2.000	2.000	240.000	666.449	842.941	845.683	847.582	8,	847.961,	nan	nan	8.000	850.595	44.670	223.870	81.750	183.020	1.754	1.899	3.350	
19	2.000	2.000	241.000	666.449	853.960	855.511	857.178	9,	857.553,	nan	nan	9.000	860.196	44.670	223.870	54.640	122.320	0.563	1.667	3.916	
19	2.000	2.000	242.000	666.449	864.126	867.076	867.855	9,	868.222,	nan	nan	9.000	870.873	81.750	183.020	44.670	149.620	1.961	0.780	2.225	
19	2.000	2.000	243.000	666.449	873.114	874.971	875.756	8,	876.254,	nan	nan	8.000	878.768	44.670	223.870	54.640	183.020	0.871	0.785	3.209	
19	2.000	2.000	244.000	666.449	881.990	884.169	885.643	8,	885.957,	nan	nan	8.000	888.656	66.830	122.320	54.640	223.870	1.190	1.474	2.682	
19	2.000	2.000	245.000	666.449	891.351	893.308	894.715	8,	895.083,	nan	nan	8.000	897.727	44.670	183.020	54.640	149.620	0.968	1.407	2.399	
19	2.000	2.000	246.000	666.449	900.139	902.766	904.722	9,	905.056,	nan	nan	9.000	907.742	81.750	122.320	54.640	149.620	1.638	1.957	3.563	
19	2.000	2.000	247.000	666.449	911.318	914.278	916.109	8,	916.421,	nan	nan	8.000	919.123	66.830	122.320	54.640	183.020	1.971	1.831	3.627	
19	2.000	2.000	248.000	666.449	922.764	925.425	926.460	8,	926.831,	nan	nan	8.000	929.477	54.640	66.830	81.750	66.830	1.672	1.035	3.383	
19	2.000	2.000	249.000	666.449	932.874	934.550	935.904	8,	936.249,	nan	nan	8.000	938.923	44.670	223.870	81.750	122.320	0.688	1.354	3.370	
19	2.000	2.000	250.000	666.449	942.307	945.107	945.611	8,	946.490,	nan	nan	8.000	948.629	66.830	149.620	81.750	122.320	1.812	0.505	3.871	
19	2.000	2.000	251.000	666.449	952.514	954.441	955.235	8,	956.356,	nan	nan	8.000	958.253	54.640	149.620	66.830	122.320	0.939	0.794	3.884	
19	2.000	2.000	252.000	666.449	962.151	964.484	965.195	9,	965.741,	nan	nan	9.000	968.214	44.670	183.020	54.640	122.320	1.344	0.712	3.415	
19	2.000	2.000	253.000	666.449	971.645	973.695	974.619	8,	975.121,	nan	nan	8.000	977.636	66.830	183.020	81.750	149.620	1.064	0.924	3.685	
19	2.000	2.000	254.000	666.449	981.334	983.725	984.268	8,	985.105,	nan	nan	8.000	987.286	44.670	223.870	66.830	149.620	1.402	0.543	2.881	
19	2.000	2.000	255.000	666.449	990.182	992.576	993.432	8,	993.735,	nan	nan	8.000	996.445	44.670	183.020	81.750	122.320	1.407	0.857	2.296	
19	2.000	2.000	256.000	666.449	998.754	1001.092	1002.783	9,	1003.114,	nan	nan	9.000	1005.796	66.830	223.870	81.750	149.620	1.349	1.691	3.473	
19	2.000	2.000	257.000	666.449	1009.282	1011.692	1013.229	8,	1014.031,	nan	nan	8.000	1016.242	54.640	223.870	66.830	183.020	1.421	1.537	3.839	
19	2.000	2.000	258.000	666.449	1020.095	1022.360	1024.143	9,	1024.624,	nan	nan	9.000	1027.161	54.640	223.870	81.750	122.320	1.277	1.783	3.029	
19	2.000	2.000	259.000	666.449	1030.208	1032.006	1032.732	8,	1033.177,	nan	nan	8.000	1035.745	54.640	183.020	81.750	122.320	0.814	0.727	3.672	
19	2.000	2.000	260.000	666.449	1039.431	1041.392	1042.485	9,	1043.207,	nan	nan	9.000	1045.504	81.750	183.020	54.640	149.620	0.973	1.093	2.405	
19	2.000	2.000	261.000	666.449	1047.922	1050.738	1051.705	8,	1052.180,	nan	nan	8.000	1054.719	149.620	54.640	183.020	54.640	1.826	0.968	2.077	
19	2.000	2.000	262.000	666.449	1056.809	1058.443	1059.391	8,	1059.913,	nan	nan	8.000	1062.404	54.640	223.870	81.750	183.020	0.645	0.949	3.376	
19	2.000	2.000	263.000	666.449	1065.794	1067.851	1068.515	9,	1068.923,	nan	nan	9.000	1071.527	81.750	183.020	66.830	122.320	1.069	0.664	3.016	
19	2.000	2.000	264.000	666.449	1074.557	1076.924	1078.099	8,	1078.488,	nan	nan	8.000	1081.117	44.670	223.870	66.830	183.020	1.378	1.175	3.723	
19	2.000	2.000	265.000	666.449	1084.854	1086.917	1088.497	9,	1089.461,	nan	nan	9.000	1091.509	54.640	223.870	81.750	149.620	1.074	1.580	2.617	
19	2.000	2.000	266.000	666.449	1094.140	1096.772	1097.836	9,	1098.117,	nan	nan	9.000	1100.849	66.830	223.870	81.750	122.320	1.643	1.064	2.932	
19	2.000	2.000	267.000	666.449	1103.794	1105.569	1106.107	9,	1106.844,	nan	nan	9.000	1109.125	81.750	223.870	44.670	149.620	0.785	0.539	3.955	
19	2.000	2.000	268.000	666.449	1113.093	1114.905	1115.588	9,	1116.275,	nan	nan	9.000	1118.606	44.670	149.620	66.830	122.320	0.823	0.683	3.203	
19	2.000	2.000	269.000	666.449	1121.828	1123.325	1124.592	8,	1124.919,	nan	nan	8.000	1127.605	44.670	183.020	66.830	149.620	0.514	1.267	3.299	
19	2.000	2.000	270.000	666.449	1130.916	1132.763	1134.270	8,	1134.707,	nan	nan	8.000	1137.289	44.670	149.620	54.640	122.320	0.857	1.508	2.965	
19	2.000	2.000	271.000	666.449	1140.269	1141.790	1143.755	8,	1144.152,	nan	nan	8.000	1146.769	44.670	183.020	66.830	122.320	0.534	1.966	3.305	
19	2.000	2.000	272.000	666.449	1150.089	1152.006	1153.648	8,	1153.895,	nan	nan	8.000	1156.667	66.830	122.320	44.670	223.870	0.929	1.643	2.341	
19	2.000	2.000	273.000	666.449	1159.020	1162.005	1162.890	9,	1163.766,	nan	nan	9.000	1165.903	66.830	223.870	81.750	183.020	1.995	0.886	3.183	
19	2.000	2.000	274.000	666.449	1169.100	1171.206	1172.169	8,	1172.525,	nan	nan	8.000	1175.182	149.620	223.870	183.020	223.870	1.117	0.963	2.244	
19	2.000	2.000	275.000	666.449	1177.439	1179.097	1180.533	9,	1180.938,	nan	nan	9.000	1183.545	54.640	223.870	66.830	122.320	0.669	1.436	3.608	
19	2.000	2.000	276.000	666.449	1187.167	1189.417	1190.544	8,	1190.899,	nan	nan	8.000	1193.562	54.640	149.620	66.830	183.020	1.262	1.127	3.949	
19	2.000	2.000	277.000	666.449	1197.527	1200.113	1201.842	8,	1202.108,	nan	nan	8.000	1204.861	54.640	149.620	81.750	183.020	1.600	1.730	2.006	
19	2.000	2.000	278.000	666.449	1206.881	1209.021	1210.230	8,	1210.669,	nan	nan	8.000	1213.243	44.670	183.020	81.750	223.870	1.151	1.209	2.778	
19	2.000	2.000	279.000	666.449	1216.036	1218.618	1220.102	8,	1220.493,	nan	nan	8.000	1223.121	44.670	122.320	81.750	149.620	1.595	1.484	2.174	
19	2.000	2.000	280.000	666.449	1225.308	1227.964	1229.809	8,	1230.121,	nan	nan	8.000	1232.822	66.830	149.620	81.750	223.870	1.667	1.846	2.984	
19	2.000	2.000	281.000	666.449	1235.820	1238.707	1240.514	8,	1240.786,	nan	nan	8.000	1243.532	54.640	149.620	66.830	223.870	1.899	1.807	2.920	
19	2.000	2.000	282.000	666.449	1246.465	1249.063	1251.048	8,	1251.389,	nan	nan	8.000	1254.062	54.640	122.320	81.750	223.870	1.609	1.986	2.373	
19	2.000	2.000	283.000	666.449	1256.449	1258.356	1260.260	8,	1260.565,	nan	nan	8.000	1263.273	44.670	122.320	54.640	183.020	0.920	1.904	2.212	
19	2.000	2.000	284.000	666.449	1265.501	1267.190	1268.129	8,	1268.568,	nan	nan	8.000	1271.142	44.670	149.620	54.640	223.870	0.703	0.939	2.019	
19	2.000	2.000	285.000	666.449	1273.175	1275.686	1277.565	8,	1277.854,	nan	nan	8.000	1280.583	44.670	122.320	81.750	183.020	1.523	1.879	3.498	
19	2.000	2.000	286.000	666.449	1284.096	1286.192	1287.902	8,	1288.812,	nan	nan	8.000	1290.921	44.670	183.020	54.640	223.870	1.108	1.711	3.138	
19	2.000	2.000	287.000	666.449	1294.085	1296.955	1298.115	8,	1298.334,	nan	nan	8.000	1301.135	54.640	122.320	66.830	122.320	1.894	1.161	3.158	
19	2.000	2.000	288.000	666.449	1304.316	1306.735	1307.244	8,	1307.692,	nan	nan	8.000	1310.262	54.640	149.620	81.750	223.870	1.441	0.510	2.759	
19	2.000	2.000	289.000	666.449	1313.035	1314.615	1316.590	8,	1317.466,	nan	nan	8.000	1319.608	44.670	122.320	66.830	149.620	0.592	1.976	2.148	
19	2.000	2.000	290.000	666.449	1321.772	1323.852	1325.851	8,	1326.109,	nan	nan	8.000	1328.870	44.670	149.620	66.830	183.020	1.093	2.000	2.206	
19	2.000	2.000	291.000	666.449	1331.090	1332.607	1333.141	8,	1333.473,	nan	nan	8.000	1336.154	44.670	122.320	66.830	183.020	0.529	0.534	2.084	
19	2.000	2.000	292.000	666.449	1338.251	1340.671	1342.053	8,	1342.518,	nan	nan	8.000	1345.070	44.670	122.320	54.640	149.620	1.431	1.383	3.177	
19	2.000	2.000	293.000	666.449	1348.261	1350.116	1351.435	8,	1351.657,	nan	nan	8.000	1354.453	66.830	122.320	81.750	223.870	0.867	1.320	3.621	
19	2.000	2.000	294.000	666.449	1358.088	1360.135	1361.841	8,	1362.154,	nan	nan	8.000	1364.854	66.830	149.620	81.750	183.020	1.059	1.706	2.251	
19	2.000	2.000	295.000	666.449	1367.117	1369.673	1371.586	8,	1371.917,	nan	nan	8.000	1374.599	54.640	183.020	81.750	223.870	1.566	1.913	3.768	
19	2.000	2.000	296.000	666.449	1378.397	1380.020	1380.953	8,	1381.488,	nan	nan	8.000	1383.970	44.670	183.020	66.830	223.870	0.650	0.934	2.945	
19	2.000	2.000	297.000	666.449	1386.931	1388.866	1389.709	8,	1390.092,	nan	nan	8.000	1392.722	44.670	149.620	81.750	223.870	0.949	0.842	2.032	
19	2.000	2.000	298.000	666.449	1394.767	1397.336	1399.095	8,	1399.527,	nan	nan	8.000	1402.108	44.670	149.620	66.830	223.870	1.580	1.759	2.129	
19	2.000	2.000	299.000	666.449	1404.249	1406.983	1407.873	8,	1408.111,	nan	nan	8.000	1410.886	44.670	122.320	81.750	223.870	1.744	0.891	3.312	
19	2.000	2.000	300.000	666.449	1414.212	1415.908	1417.006	8,	1417.308,	nan	nan	8.000	1420.018	54.640	44.670	66.830	44.670	0.707	1.098	2.572	
19	2.000	2.000	301.000	666.449	1422.607	1424.112	1424.945	8,	1425.593,	nan	nan	8.000	1427.964	44.670	223.870	66.830	122.320	0.519	0.833	3.820	
19	2.000	2.000	302.000	666.449	1431.797	1434.313	1435.884	8,	1436.221,	nan	nan	8.000	1438.897	66.830	122.320	81.750	183.020	1.527	1.571	3.897	
19	2.000	2.000	303.000	666.449	1442.808	1444.605	1446.209	8,	1446.650,	nan	nan	8.000	1449.228	54.640	122.320	81.750	183.020	0.809	1.605	2.469	
19	2.000	2.000	304.000	666.449	1451.720	1453.624	1454.972	8,	1455.680,	nan	nan	8.000	1457.986	54.640	149.620	81.750	122.320	0.924	1.349	3.556	
19	2.000	2.000	305.000	666.449	1461.557	1464.496	1465.213	8,	1466.507,	nan	nan	8.000	1468.231	66.830	183.020	81.750	223.870	1.952	0.717	2.952	
19	2.000	2.000	306.000	666.449	1471.199	1473.163	1474.415	8,	1475.250,	nan	nan	8.000	1477.434	44.670	149.620	54.640	183.020	0.977	1.252	3.543	
19	2.000	2.000	307.000	666.449	1480.991	1483.565	1484.252	8,	1484.616,	nan	nan	8.000	1487.265	54.640	122.320	66.830	149.620	1.585	0.688	2.270	
19	2.000	2.000	308.000	666.449	1489.549	1492.417	1494.354	8,	1494.692,	nan	nan	8.000	1497.367	66.830	122.320	81.750	149.620	1.879	1.937	2.508	
19	2.000	2.000	309.000	666.449	1499.889	1502.602	1503.671	9,	1503.946,	nan	nan	9.000	1506.684	54.640	183.020	66.830	122.320	1.725	1.069	2.823	
19	2.000	2.000	310.000	666.449	1509.522	1512.138	1513.751	8,	1514.148,	nan	nan	8.000	1516.765	44.670	122.320	54.640	223.870	1.629	1.614	2.804	
19	2.000	2.000	311.000	666.449	1519.589	1522.354	1523.414	8,	1523.488,	nan	nan	8.000	1526.431	44.670	149.620	81.750	183.020	1.783	1.059	2.109	
19	2.000	2.000	312.000	666.449	1528.555	1530.283	1531.680	8,	1531.977,	nan	nan	8.000	1534.693	54.640	183.020	66.830	223.870	0.741	1.397	2.257	
