subjID	session	Block	trialCount	earnings	Gam1Onset	Gam2Onset	FBOnset	KPs	RT	KPlate	RTlate	KP_Final	SLOnset	Gam1_1	Gam1_2	Gam2_1	Gam2_2	jit1	jit2	jit3	
20	2.000	1.000	1.000	815.235	86.705	88.194	90.025	8,	90.537,	nan	nan	8.000	93.048	183.020	44.670	223.870	44.670	0.500	1.831	3.826	
20	2.000	1.000	2.000	815.235	96.885	99.616	100.612	9,	100.764,	nan	nan	9.000	103.630	66.830	183.020	44.670	122.320	1.740	0.997	2.270	
20	2.000	1.000	3.000	815.235	105.910	107.861	109.306	9,	109.622,	nan	nan	9.000	112.318	81.750	223.870	66.830	122.320	0.958	1.445	3.260	
20	2.000	1.000	4.000	815.235	115.589	117.500	119.273	9,	119.621,	nan	nan	9.000	122.292	81.750	183.020	54.640	122.320	0.920	1.773	2.103	
20	2.000	1.000	5.000	815.235	124.405	126.534	127.651	9,	128.119,	nan	nan	9.000	130.669	66.830	223.870	44.670	149.620	1.137	1.117	2.701	
20	2.000	1.000	6.000	815.235	133.381	136.304	137.585	9,	138.134,	nan	nan	9.000	140.598	81.750	183.020	66.830	149.620	1.932	1.281	3.518	
20	2.000	1.000	7.000	815.235	144.127	146.775	147.854	9,	148.297,	nan	nan	9.000	150.872	81.750	149.620	44.670	223.870	1.658	1.079	2.521	
20	2.000	1.000	8.000	815.235	153.403	155.498	156.630	9,	157.062,	nan	nan	9.000	159.643	81.750	149.620	54.640	122.320	1.103	1.132	3.904	
20	2.000	1.000	9.000	815.235	163.560	165.212	166.243	9,	167.171,	nan	nan	9.000	169.256	81.750	223.870	66.830	149.620	0.664	1.031	3.209	
20	2.000	1.000	10.000	815.235	172.478	174.878	176.685	9,	177.057,	nan	nan	9.000	179.704	81.750	223.870	54.640	122.320	1.412	1.807	3.601	
20	2.000	1.000	11.000	815.235	183.316	186.172	186.764	9,	187.293,	nan	nan	9.000	189.782	66.830	149.620	44.670	122.320	1.865	0.592	3.119	
20	2.000	1.000	12.000	815.235	192.911	195.083	196.668	9,	196.940,	nan	nan	9.000	199.686	66.830	223.870	44.670	122.320	1.180	1.585	3.299	
20	2.000	1.000	13.000	815.235	202.995	204.834	205.749	9,	206.166,	nan	nan	9.000	208.761	66.830	223.870	44.670	183.020	0.847	0.915	3.691	
20	2.000	1.000	14.000	815.235	212.463	214.032	215.607	8,	215.944,	nan	nan	8.000	218.625	183.020	149.620	223.870	149.620	0.577	1.576	2.637	
20	2.000	1.000	15.000	815.235	221.272	223.280	224.271	9,	224.646,	nan	nan	9.000	227.284	66.830	149.620	54.640	122.320	1.016	0.992	2.000	
20	2.000	1.000	16.000	815.235	229.295	231.341	232.309	9,	232.922,	nan	nan	9.000	235.322	66.830	223.870	54.640	183.020	1.055	0.968	3.080	
20	2.000	1.000	17.000	815.235	238.412	240.782	241.942	9,	242.432,	nan	nan	9.000	244.960	81.750	149.620	54.640	183.020	1.378	1.161	2.386	
20	2.000	1.000	18.000	815.235	247.356	249.480	250.891	9,	251.294,	nan	nan	9.000	253.903	81.750	223.870	54.640	183.020	1.132	1.412	2.707	
20	2.000	1.000	19.000	815.235	256.621	258.562	260.561	9,	260.598,	nan	nan	9.000	263.579	66.830	223.870	54.640	149.620	0.949	2.000	2.907	
20	2.000	1.000	20.000	815.235	266.497	269.126	271.068	9,	271.421,	nan	nan	9.000	274.081	66.830	183.020	44.670	149.620	1.638	1.942	2.225	
20	2.000	1.000	21.000	815.235	276.317	279.280	280.985	9,	281.292,	nan	nan	9.000	283.998	54.640	183.020	44.670	122.320	1.971	1.706	2.585	
20	2.000	1.000	22.000	815.235	286.595	289.036	290.669	9,	291.192,	nan	nan	9.000	293.682	54.640	183.020	44.670	149.620	1.450	1.633	2.643	
20	2.000	1.000	23.000	815.235	296.336	299.033	300.555	9,	301.008,	nan	nan	9.000	303.568	66.830	183.020	54.640	149.620	1.706	1.523	3.781	
20	2.000	1.000	24.000	815.235	307.360	310.245	310.972	9,	311.401,	nan	nan	9.000	313.991	81.750	183.020	44.670	122.320	1.894	0.727	3.717	
20	2.000	1.000	25.000	815.235	317.719	320.560	322.150	9,	323.139,	nan	nan	9.000	325.168	81.750	149.620	66.830	122.320	1.850	1.590	2.109	
20	2.000	1.000	26.000	815.235	327.288	329.155	330.586	9,	330.947,	nan	nan	9.000	333.599	81.750	149.620	44.670	183.020	0.876	1.431	3.248	
20	2.000	1.000	27.000	815.235	336.858	339.579	340.156	8,	341.250,	nan	nan	8.000	343.173	66.830	122.320	81.750	122.320	1.730	0.577	3.723	
20	2.000	1.000	28.000	815.235	346.908	349.504	351.204	9,	351.692,	nan	nan	9.000	354.223	54.640	149.620	44.670	122.320	1.605	1.701	3.125	
20	2.000	1.000	29.000	815.235	357.360	359.941	360.513	9,	361.132,	nan	nan	9.000	363.531	66.830	183.020	54.640	122.320	1.590	0.572	3.415	
20	2.000	1.000	30.000	815.235	366.956	369.287	369.960	9,	370.377,	nan	nan	9.000	372.973	54.640	223.870	44.670	183.020	1.339	0.674	3.158	
20	2.000	1.000	31.000	815.235	376.142	378.076	379.753	9,	380.079,	nan	nan	9.000	382.772	81.750	223.870	66.830	183.020	0.944	1.677	2.945	
20	2.000	1.000	32.000	815.235	385.729	387.403	389.296	9,	389.637,	nan	nan	9.000	392.314	54.640	223.870	44.670	149.620	0.683	1.894	3.981	
20	2.000	1.000	33.000	815.235	396.307	398.458	399.633	9,	399.947,	nan	nan	9.000	402.651	54.640	223.870	44.670	122.320	1.161	1.175	2.759	
20	2.000	1.000	34.000	815.235	405.421	408.339	410.180	9,	410.464,	nan	nan	9.000	413.192	81.750	149.620	44.670	122.320	1.928	1.841	2.148	
20	2.000	1.000	35.000	815.235	415.352	418.130	418.933	9,	419.331,	nan	nan	9.000	421.947	81.750	223.870	44.670	183.020	1.788	0.804	3.736	
20	2.000	1.000	36.000	815.235	425.694	428.299	430.226	9,	430.553,	nan	nan	9.000	433.240	81.750	223.870	44.670	122.320	1.614	1.928	2.064	
20	2.000	1.000	37.000	815.235	435.315	437.655	439.481	8,	440.879,	nan	nan	8.000	442.494	81.750	122.320	66.830	183.020	1.349	1.826	3.132	
20	2.000	1.000	38.000	815.235	445.636	448.594	450.338	9,	450.732,	nan	nan	9.000	453.356	81.750	223.870	54.640	149.620	1.966	1.744	3.563	
20	2.000	1.000	39.000	815.235	456.930	459.154	460.387	9,	460.761,	nan	nan	9.000	463.399	66.830	223.870	54.640	122.320	1.233	1.233	2.939	
20	2.000	1.000	40.000	815.235	466.350	468.178	469.020	8,	469.537,	nan	nan	8.000	472.032	66.830	44.670	81.750	44.670	0.838	0.842	2.894	
20	2.000	1.000	41.000	815.235	474.938	477.041	478.240	8,	478.797,	nan	nan	8.000	481.259	44.670	223.870	81.750	149.620	1.113	1.199	3.241	
20	2.000	1.000	42.000	815.235	484.511	487.348	488.325	8,	489.100,	nan	nan	8.000	491.342	66.830	149.620	54.640	223.870	1.846	0.977	3.788	
20	2.000	1.000	43.000	815.235	495.140	497.042	497.662	8,	498.657,	nan	nan	8.000	500.681	81.750	122.320	54.640	223.870	0.910	0.621	3.466	
20	2.000	1.000	44.000	815.235	504.158	506.793	508.348	8,	508.788,	nan	nan	8.000	511.367	81.750	183.020	66.830	223.870	1.643	1.556	2.990	
20	2.000	1.000	45.000	815.235	514.368	516.544	517.594	9,	518.064,	nan	nan	9.000	520.606	81.750	183.020	54.640	223.870	1.185	1.050	2.232	
20	2.000	1.000	46.000	815.235	522.848	524.673	526.200	9,	526.704,	nan	nan	9.000	529.218	81.750	149.620	66.830	183.020	0.833	1.527	3.421	
20	2.000	1.000	47.000	815.235	532.651	534.329	536.097	8,	536.637,	nan	nan	8.000	539.115	66.830	183.020	54.640	223.870	0.688	1.768	2.315	
20	2.000	1.000	48.000	815.235	541.442	543.637	545.033	9,	545.665,	nan	nan	9.000	548.046	81.750	122.320	44.670	183.020	1.204	1.397	3.215	
20	2.000	1.000	49.000	815.235	551.273	554.023	554.725	9,	555.178,	nan	nan	9.000	557.743	81.750	183.020	44.670	223.870	1.759	0.703	3.286	
20	2.000	1.000	50.000	815.235	561.041	563.757	565.120	8,	565.659,	nan	nan	8.000	568.138	81.750	149.620	54.640	223.870	1.725	1.363	4.000	
20	2.000	1.000	51.000	815.235	572.149	574.503	575.022	9,	575.682,	nan	nan	9.000	578.041	66.830	149.620	44.670	223.870	1.363	0.519	3.698	
20	2.000	1.000	52.000	815.235	581.751	583.916	585.511	8,	585.934,	nan	nan	8.000	588.524	54.640	183.020	81.750	149.620	1.175	1.595	2.360	
20	2.000	1.000	53.000	815.235	590.896	592.410	594.265	8,	594.680,	nan	nan	8.000	597.278	149.620	66.830	223.870	66.830	0.524	1.855	2.199	
20	2.000	1.000	54.000	815.235	599.490	601.722	602.401	9,	603.123,	nan	nan	9.000	605.413	54.640	149.620	44.670	183.020	1.243	0.678	3.177	
20	2.000	1.000	55.000	815.235	608.602	611.515	612.574	9,	613.715,	nan	nan	9.000	615.586	66.830	122.320	44.670	183.020	1.923	1.059	3.743	
20	2.000	1.000	56.000	815.235	619.341	622.249	623.853	9,	624.217,	nan	nan	9.000	626.872	81.750	122.320	44.670	149.620	1.918	1.605	2.830	
20	2.000	1.000	57.000	815.235	629.714	631.513	632.321	8,	633.047,	nan	nan	8.000	635.333	81.750	149.620	66.830	223.870	0.809	0.809	3.473	
20	2.000	1.000	58.000	815.235	638.818	641.248	642.606	8,	644.121,	nan	nan	8.000	645.620	66.830	149.620	54.640	183.020	1.441	1.359	3.235	
20	2.000	1.000	59.000	815.235	648.870	651.365	653.234	8,	653.741,	nan	nan	8.000	656.253	54.640	149.620	44.670	223.870	1.508	1.870	2.206	
20	2.000	1.000	60.000	815.235	658.471	660.284	661.994	9,	662.848,	nan	nan	9.000	665.013	54.640	122.320	44.670	183.020	0.823	1.711	2.971	
20	2.000	1.000	61.000	815.235	667.996	669.631	670.936	8,	672.193,	nan	nan	8.000	673.954	66.830	122.320	54.640	149.620	0.645	1.305	2.277	
20	2.000	1.000	62.000	815.235	676.242	678.075	679.863	8,	680.176,	nan	nan	8.000	682.882	54.640	122.320	81.750	149.620	0.842	1.788	2.862	
20	2.000	1.000	63.000	815.235	685.766	687.723	688.290	9,	689.724,	nan	nan	9.000	691.303	54.640	122.320	44.670	149.620	0.977	0.568	3.936	
20	2.000	1.000	64.000	815.235	695.263	698.019	699.869	8,	700.166,	nan	nan	8.000	702.887	44.670	122.320	66.830	223.870	1.778	1.850	2.746	
20	2.000	1.000	65.000	815.235	705.646	708.428	710.008	9,	710.402,	nan	nan	9.000	713.027	66.830	183.020	81.750	122.320	1.793	1.580	2.534	
20	2.000	1.000	66.000	815.235	715.572	717.574	719.458	8,	719.835,	nan	nan	8.000	722.476	149.620	122.320	223.870	122.320	1.011	1.884	3.878	
20	2.000	1.000	67.000	815.235	726.365	728.010	728.673	8,	729.509,	nan	nan	8.000	731.691	81.750	122.320	66.830	149.620	0.654	0.664	2.122	
20	2.000	1.000	68.000	815.235	733.826	736.347	737.677	8,	738.119,	nan	nan	8.000	740.695	81.750	122.320	66.830	223.870	1.532	1.330	2.823	
20	2.000	1.000	69.000	815.235	743.530	745.788	747.744	8,	748.315,	nan	nan	8.000	750.757	54.640	122.320	66.830	223.870	1.267	1.957	3.434	
20	2.000	1.000	70.000	815.235	754.204	756.764	757.717	8,	759.572,	nan	nan	8.000	760.729	66.830	183.020	44.670	223.870	1.571	0.953	2.842	
20	2.000	1.000	71.000	815.235	763.584	766.086	766.774	9,	768.031,	nan	nan	9.000	769.791	54.640	122.320	44.670	223.870	1.513	0.688	3.376	
20	2.000	1.000	72.000	815.235	773.179	775.432	777.002	8,	777.391,	nan	nan	8.000	780.020	44.670	183.020	81.750	149.620	1.262	1.571	3.048	
20	2.000	1.000	73.000	815.235	783.082	785.149	786.006	8,	786.846,	nan	nan	8.000	789.024	81.750	122.320	54.640	183.020	1.079	0.857	3.968	
20	2.000	1.000	74.000	815.235	793.013	795.101	795.784	8,	796.699,	nan	nan	8.000	798.796	81.750	122.320	44.670	223.870	1.108	0.683	3.395	
20	2.000	1.000	75.000	815.235	802.202	805.073	806.754	8,	807.168,	nan	nan	8.000	809.767	54.640	122.320	66.830	183.020	1.879	1.682	2.238	
20	2.000	1.000	76.000	815.235	812.018	814.091	814.697	9,	815.668,	nan	nan	9.000	817.709	66.830	149.620	44.670	183.020	1.084	0.606	2.135	
20	2.000	1.000	77.000	815.235	819.855	821.780	823.081	9,	823.500,	nan	nan	9.000	826.093	66.830	122.320	44.670	149.620	0.934	1.301	2.412	
20	2.000	1.000	78.000	815.235	828.515	830.065	831.491	8,	832.599,	nan	nan	8.000	834.503	54.640	183.020	44.670	223.870	0.558	1.426	3.498	
20	2.000	1.000	79.000	815.235	838.013	839.870	841.093	8,	841.579,	nan	nan	8.000	844.106	54.640	149.620	81.750	149.620	0.867	1.223	3.113	
20	2.000	1.000	80.000	815.235	847.232	849.126	851.106	9,	851.337,	nan	nan	9.000	854.124	66.830	223.870	81.750	149.620	0.905	1.981	3.312	
20	2.000	1.000	81.000	815.235	857.448	859.647	861.377	9,	861.767,	nan	nan	9.000	864.396	81.750	223.870	44.670	149.620	1.209	1.730	3.653	
20	2.000	1.000	82.000	815.235	868.062	871.032	872.303	9,	873.339,	nan	nan	9.000	875.322	54.640	223.870	66.830	149.620	1.981	1.272	2.785	
20	2.000	1.000	83.000	815.235	878.119	879.884	881.087	9,	881.909,	nan	nan	9.000	884.101	66.830	223.870	81.750	122.320	0.775	1.204	3.531	
20	2.000	1.000	84.000	815.235	887.644	889.394	890.091	9,	890.637,	nan	nan	9.000	893.109	81.750	183.020	54.640	149.620	0.760	0.698	3.029	
20	2.000	1.000	85.000	815.235	896.152	897.819	899.568	8,	899.861,	nan	nan	8.000	902.585	44.670	223.870	81.750	122.320	0.678	1.749	3.151	
20	2.000	1.000	86.000	815.235	905.748	908.242	909.118	9,	910.091,	nan	nan	9.000	912.130	44.670	223.870	54.640	149.620	1.503	0.876	3.267	
20	2.000	1.000	87.000	815.235	915.408	917.130	918.102	8,	918.866,	nan	nan	8.000	921.115	66.830	183.020	81.750	149.620	0.732	0.973	2.090	
20	2.000	1.000	88.000	815.235	923.218	924.997	926.447	8,	926.792,	nan	nan	8.000	929.459	44.670	183.020	81.750	122.320	0.789	1.450	2.752	
20	2.000	1.000	89.000	815.235	932.223	935.112	936.176	8,	936.850,	nan	nan	8.000	939.194	44.670	223.870	54.640	183.020	1.899	1.064	3.441	
20	2.000	1.000	90.000	815.235	942.647	945.405	946.513	9,	947.104,	nan	nan	9.000	949.531	54.640	223.870	66.830	183.020	1.768	1.108	3.325	
20	2.000	1.000	91.000	815.235	952.873	954.628	956.237	8,	957.243,	nan	nan	8.000	959.249	66.830	122.320	54.640	223.870	0.770	1.609	3.543	
20	2.000	1.000	92.000	815.235	962.804	965.153	966.044	8,	966.432,	nan	nan	8.000	969.061	54.640	66.830	81.750	66.830	1.359	0.891	3.190	
20	2.000	1.000	93.000	815.235	972.263	974.018	974.952	8,	975.451,	nan	nan	8.000	977.969	44.670	183.020	66.830	149.620	0.765	0.934	3.003	
20	2.000	1.000	94.000	815.235	980.985	983.531	984.614	8,	985.037,	nan	nan	8.000	987.627	66.830	122.320	54.640	183.020	1.556	1.084	3.055	
20	2.000	1.000	95.000	815.235	990.693	993.500	995.486	9,	996.431,	nan	nan	9.000	998.504	54.640	223.870	81.750	149.620	1.817	1.986	2.630	
20	2.000	1.000	96.000	815.235	1001.145	1003.716	1005.335	9,	1005.702,	nan	nan	9.000	1008.348	81.750	183.020	66.830	122.320	1.580	1.619	3.659	
20	2.000	1.000	97.000	815.235	1012.022	1014.527	1015.292	8,	1015.888,	nan	nan	8.000	1018.304	66.830	149.620	81.750	122.320	1.518	0.765	3.164	
20	2.000	1.000	98.000	815.235	1021.482	1023.535	1025.255	9,	1025.645,	nan	nan	9.000	1028.274	81.750	183.020	44.670	149.620	1.064	1.720	2.212	
20	2.000	1.000	99.000	815.235	1030.499	1032.967	1033.698	8,	1034.242,	nan	nan	8.000	1036.711	54.640	223.870	81.750	183.020	1.479	0.732	2.772	
20	2.000	1.000	100.000	815.235	1039.500	1041.525	1042.570	8,	1043.400,	nan	nan	8.000	1045.582	44.670	183.020	66.830	122.320	1.040	1.045	2.887	
20	2.000	1.000	101.000	815.235	1048.485	1050.256	1050.896	9,	1051.991,	nan	nan	9.000	1053.908	81.750	122.320	54.640	149.620	0.785	0.640	2.778	
20	2.000	1.000	102.000	815.235	1056.703	1059.437	1060.593	9,	1061.037,	nan	nan	9.000	1063.611	54.640	149.620	66.830	122.320	1.749	1.156	3.370	
20	2.000	1.000	103.000	815.235	1066.993	1069.033	1069.981	8,	1070.651,	nan	nan	8.000	1072.999	44.670	149.620	66.830	122.320	1.050	0.949	3.987	
20	2.000	1.000	104.000	815.235	1076.999	1078.696	1079.658	nan	nan	8.000	1082.701	nan	nan	44.670	183.020	54.640	149.620	0.707	0.963	3.929	
20	2.000	1.000	105.000	815.235	1086.643	1089.208	1090.923	8,	1091.246,	nan	nan	8.000	1093.940	149.620	66.830	183.020	66.830	1.576	1.715	2.855	
20	2.000	1.000	106.000	815.235	1096.810	1098.548	1099.988	9,	1100.825,	nan	nan	9.000	1103.007	44.670	149.620	54.640	122.320	0.751	1.441	3.859	
20	2.000	1.000	107.000	815.235	1106.877	1108.739	1110.006	8,	1110.419,	nan	nan	8.000	1113.024	54.640	183.020	66.830	149.620	0.871	1.267	2.592	
20	2.000	1.000	108.000	815.235	1115.627	1118.020	1119.952	9,	1120.304,	nan	nan	9.000	1122.964	54.640	223.870	81.750	122.320	1.402	1.932	3.588	
20	2.000	1.000	109.000	815.235	1126.564	1129.174	1129.891	8,	1130.398,	nan	nan	8.000	1132.909	66.830	223.870	81.750	183.020	1.619	0.717	2.965	
20	2.000	1.000	110.000	815.235	1135.885	1138.523	1139.235	9,	1139.943,	nan	nan	9.000	1142.254	66.830	122.320	44.670	223.870	1.648	0.712	3.595	
20	2.000	1.000	111.000	815.235	1145.860	1148.340	1150.002	8,	1150.556,	nan	nan	8.000	1153.020	44.670	183.020	54.640	122.320	1.489	1.662	2.077	
20	2.000	1.000	112.000	815.235	1155.113	1157.385	1158.281	9,	1158.974,	nan	nan	9.000	1161.293	44.670	223.870	66.830	183.020	1.286	0.895	2.932	
20	2.000	1.000	113.000	815.235	1164.238	1167.218	1168.056	8,	1168.673,	nan	nan	8.000	1171.073	44.670	149.620	81.750	122.320	1.990	0.838	3.106	
20	2.000	1.000	114.000	815.235	1174.201	1176.835	1178.029	8,	1178.634,	nan	nan	8.000	1181.042	54.640	183.020	81.750	122.320	1.653	1.195	3.460	
20	2.000	1.000	115.000	815.235	1184.514	1186.968	1188.520	8,	1188.901,	nan	nan	8.000	1191.539	44.670	223.870	81.750	183.020	1.465	1.551	3.768	
20	2.000	1.000	116.000	815.235	1195.325	1197.384	1198.235	9,	1199.406,	nan	nan	9.000	1201.253	44.670	223.870	54.640	122.320	1.074	0.852	2.161	
20	2.000	1.000	117.000	815.235	1203.430	1205.760	1206.535	9,	1207.896,	nan	nan	9.000	1209.546	44.670	223.870	66.830	149.620	1.344	0.775	3.756	
20	2.000	1.000	118.000	815.235	1213.315	1215.576	1217.387	8,	1217.612,	nan	nan	8.000	1220.407	149.620	122.320	183.020	122.320	1.272	1.812	2.450	
20	2.000	1.000	119.000	815.235	1222.878	1224.484	1225.857	8,	1226.025,	nan	nan	8.000	1228.870	44.670	122.320	54.640	223.870	0.625	1.373	3.852	
20	2.000	1.000	120.000	815.235	1232.734	1235.584	1237.251	8,	1237.567,	nan	nan	8.000	1240.270	66.830	183.020	81.750	223.870	1.860	1.667	2.495	
20	2.000	1.000	121.000	815.235	1242.780	1245.049	1245.804	8,	1246.331,	nan	nan	8.000	1248.816	54.640	122.320	81.750	223.870	1.281	0.756	2.084	
20	2.000	1.000	122.000	815.235	1250.923	1252.518	1253.403	8,	1253.857,	nan	nan	8.000	1256.416	66.830	149.620	81.750	183.020	0.616	0.886	3.775	
20	2.000	1.000	123.000	815.235	1260.203	1261.886	1263.201	8,	1263.604,	nan	nan	8.000	1266.219	44.670	183.020	54.640	223.870	0.693	1.315	2.186	
20	2.000	1.000	124.000	815.235	1268.419	1271.292	1272.506	8,	1272.890,	nan	nan	8.000	1275.524	44.670	149.620	81.750	183.020	1.884	1.214	2.881	
20	2.000	1.000	125.000	815.235	1278.418	1280.853	1282.824	8,	1283.146,	nan	nan	8.000	1285.836	44.670	122.320	81.750	183.020	1.445	1.971	2.482	
20	2.000	1.000	126.000	815.235	1288.330	1290.341	1291.820	8,	1292.213,	nan	nan	8.000	1294.839	54.640	122.320	81.750	183.020	1.021	1.479	2.174	
20	2.000	1.000	127.000	815.235	1297.041	1298.635	1300.133	8,	1300.503,	nan	nan	8.000	1303.151	44.670	183.020	66.830	223.870	0.621	1.498	2.283	
20	2.000	1.000	128.000	815.235	1305.445	1307.987	1308.733	8,	1309.851,	nan	nan	8.000	1311.746	54.640	183.020	66.830	223.870	1.551	0.746	2.219	
20	2.000	1.000	129.000	815.235	1313.976	1316.436	1318.397	8,	1318.724,	nan	nan	8.000	1321.410	44.670	122.320	66.830	183.020	1.469	1.961	3.614	
20	2.000	1.000	130.000	815.235	1325.037	1326.888	1328.767	8,	1329.048,	nan	nan	8.000	1331.786	66.830	122.320	81.750	149.620	0.862	1.879	2.508	
20	2.000	1.000	131.000	815.235	1334.307	1336.727	1338.129	8,	1338.214,	nan	nan	8.000	1341.141	54.640	122.320	66.830	122.320	1.431	1.402	3.916	
20	2.000	1.000	132.000	815.235	1345.071	1347.086	1348.198	8,	1348.586,	nan	nan	8.000	1351.210	66.830	122.320	81.750	183.020	1.026	1.113	3.672	
20	2.000	1.000	133.000	815.235	1354.894	1357.031	1357.593	9,	1358.389,	nan	nan	9.000	1360.611	54.640	183.020	66.830	122.320	1.146	0.563	2.804	
20	2.000	1.000	134.000	815.235	1363.430	1365.515	1366.555	8,	1366.883,	nan	nan	8.000	1369.567	54.640	149.620	81.750	223.870	1.098	1.040	2.463	
20	2.000	1.000	135.000	815.235	1372.044	1374.594	1376.246	9,	1376.562,	nan	nan	9.000	1379.265	54.640	223.870	66.830	122.320	1.561	1.653	3.833	
20	2.000	1.000	136.000	815.235	1383.120	1385.811	1386.657	8,	1387.237,	nan	nan	8.000	1389.676	54.640	149.620	66.830	183.020	1.711	0.847	2.849	
20	2.000	1.000	137.000	815.235	1392.537	1394.355	1395.641	8,	1396.509,	nan	nan	8.000	1398.660	44.670	122.320	81.750	149.620	0.828	1.286	3.363	
20	2.000	1.000	138.000	815.235	1402.035	1404.119	1405.901	8,	1406.220,	nan	nan	8.000	1408.920	54.640	149.620	81.750	122.320	1.093	1.783	2.977	
20	2.000	1.000	139.000	815.235	1411.909	1414.220	1415.496	8,	1415.856,	nan	nan	8.000	1418.514	54.640	149.620	66.830	223.870	1.320	1.277	3.196	
20	2.000	1.000	140.000	815.235	1421.722	1424.712	1425.472	8,	1425.843,	nan	nan	8.000	1428.485	54.640	183.020	81.750	223.870	2.000	0.760	3.318	
20	2.000	1.000	141.000	815.235	1431.815	1433.609	1434.442	8,	1434.816,	nan	nan	8.000	1437.459	44.670	149.620	66.830	183.020	0.804	0.833	3.408	
20	2.000	1.000	142.000	815.235	1440.879	1443.122	1444.919	8,	1445.420,	nan	nan	8.000	1447.938	44.670	149.620	54.640	223.870	1.252	1.797	2.051	
20	2.000	1.000	143.000	815.235	1450.002	1452.249	1454.138	8,	1454.676,	nan	nan	8.000	1457.156	44.670	149.620	54.640	183.020	1.257	1.889	2.302	
20	2.000	1.000	144.000	815.235	1459.476	1461.916	1463.452	8,	1463.748,	nan	nan	8.000	1466.465	54.640	81.750	66.830	81.750	1.455	1.537	2.244	
20	2.000	1.000	145.000	815.235	1468.722	1470.800	1471.627	8,	1472.035,	nan	nan	8.000	1474.640	44.670	122.320	81.750	223.870	1.088	0.828	2.392	
20	2.000	1.000	146.000	815.235	1477.045	1479.427	1481.113	8,	1481.702,	nan	nan	8.000	1484.126	44.670	122.320	54.640	149.620	1.392	1.686	3.704	
20	2.000	1.000	147.000	815.235	1487.841	1490.374	1491.520	8,	1491.839,	nan	nan	8.000	1494.532	54.640	149.620	81.750	183.020	1.542	1.146	2.900	
20	2.000	1.000	148.000	815.235	1497.443	1498.973	1499.902	8,	1500.847,	nan	nan	8.000	1502.914	44.670	183.020	81.750	223.870	0.539	0.929	3.884	
20	2.000	1.000	149.000	815.235	1506.813	1509.299	1509.958	8,	1510.833,	nan	nan	8.000	1512.971	44.670	122.320	54.640	183.020	1.498	0.659	2.720	
20	2.000	1.000	150.000	815.235	1515.704	1518.630	1519.419	9,	1520.091,	nan	nan	9.000	1522.432	44.670	223.870	66.830	122.320	1.937	0.789	2.251	
20	2.000	1.000	151.000	815.235	1524.695	1527.555	1528.908	8,	1529.226,	nan	nan	8.000	1531.921	54.640	122.320	66.830	149.620	1.870	1.354	3.910	
20	2.000	1.000	152.000	815.235	1535.843	1537.463	1538.995	8,	1539.312,	nan	nan	8.000	1542.013	66.830	122.320	81.750	223.870	0.630	1.532	3.074	
20	2.000	1.000	153.000	815.235	1545.099	1547.525	1548.295	8,	1548.612,	nan	nan	8.000	1551.313	44.670	149.620	66.830	223.870	1.436	0.770	3.891	
20	2.000	1.000	154.000	815.235	1555.216	1556.803	1557.351	8,	1557.830,	nan	nan	8.000	1560.363	44.670	149.620	81.750	223.870	0.596	0.548	3.453	
20	2.000	1.000	155.000	815.235	1563.829	1565.565	1566.701	8,	1567.041,	nan	nan	8.000	1569.719	66.830	149.620	81.750	223.870	0.746	1.137	2.469	
20	2.000	1.000	156.000	815.235	1572.200	1574.824	1576.670	8,	1577.008,	nan	nan	8.000	1579.682	44.670	122.320	66.830	149.620	1.633	1.846	3.923	
20	2.000	2.000	157.000	815.235	42.738	45.434	47.173	8,	47.496,	nan	nan	8.000	50.189	183.020	81.750	223.870	81.750	1.696	1.740	3.807	
20	2.000	2.000	158.000	815.235	54.011	55.590	56.490	9,	56.874,	nan	nan	9.000	59.508	66.830	223.870	44.670	183.020	0.592	0.900	2.669	
20	2.000	2.000	159.000	815.235	62.190	64.716	66.440	9,	66.765,	nan	nan	9.000	69.454	54.640	223.870	44.670	149.620	1.537	1.725	3.794	
20	2.000	2.000	160.000	815.235	73.260	75.917	76.711	9,	77.078,	nan	nan	9.000	79.728	66.830	223.870	44.670	149.620	1.667	0.794	2.264	
20	2.000	2.000	161.000	815.235	82.004	83.600	84.741	9,	85.164,	nan	nan	9.000	87.760	66.830	149.620	54.640	122.320	0.606	1.141	3.839	
20	2.000	2.000	162.000	815.235	91.613	94.023	95.511	9,	95.919,	nan	nan	9.000	98.524	66.830	223.870	54.640	149.620	1.421	1.489	3.994	
20	2.000	2.000	163.000	815.235	102.531	104.551	106.198	9,	106.579,	nan	nan	9.000	109.211	81.750	149.620	44.670	122.320	1.031	1.648	2.071	
20	2.000	2.000	164.000	815.235	111.297	112.847	114.055	9,	114.430,	nan	nan	9.000	117.068	81.750	223.870	66.830	122.320	0.563	1.209	3.100	
20	2.000	2.000	165.000	815.235	120.180	122.494	123.481	9,	123.922,	nan	nan	9.000	126.501	81.750	183.020	44.670	122.320	1.325	0.987	2.116	
20	2.000	2.000	166.000	815.235	128.631	130.664	131.313	9,	131.913,	nan	nan	9.000	134.325	81.750	223.870	66.830	183.020	1.045	0.650	2.334	
20	2.000	2.000	167.000	815.235	136.671	138.991	139.973	9,	140.324,	nan	nan	9.000	142.984	81.750	149.620	66.830	122.320	1.330	0.982	2.553	
20	2.000	2.000	168.000	815.235	145.550	148.361	149.700	9,	150.170,	nan	nan	9.000	152.713	81.750	149.620	44.670	223.870	1.822	1.339	2.341	
20	2.000	2.000	169.000	815.235	155.066	157.332	158.845	9,	159.229,	nan	nan	9.000	161.863	66.830	223.870	54.640	183.020	1.277	1.513	3.492	
20	2.000	2.000	170.000	815.235	165.367	167.880	168.837	8,	169.228,	nan	nan	8.000	171.856	183.020	149.620	223.870	149.620	1.523	0.958	2.572	
20	2.000	2.000	171.000	815.235	174.440	175.935	176.878	9,	177.599,	nan	nan	9.000	179.896	81.750	223.870	66.830	149.620	0.505	0.944	3.633	
20	2.000	2.000	172.000	815.235	183.543	186.339	188.160	9,	189.420,	nan	nan	9.000	191.178	81.750	149.620	44.670	183.020	1.807	1.822	2.180	
20	2.000	2.000	173.000	815.235	193.373	195.328	196.845	9,	197.365,	nan	nan	9.000	199.859	66.830	223.870	44.670	122.320	0.968	1.518	3.087	
20	2.000	2.000	174.000	815.235	202.957	205.176	206.968	9,	207.303,	nan	nan	9.000	209.986	54.640	183.020	44.670	149.620	1.228	1.793	2.257	
20	2.000	2.000	175.000	815.235	212.256	214.415	215.667	9,	216.082,	nan	nan	9.000	218.686	54.640	149.620	44.670	122.320	1.170	1.252	2.045	
20	2.000	2.000	176.000	815.235	220.746	222.696	224.633	9,	225.060,	nan	nan	9.000	227.645	54.640	223.870	44.670	122.320	0.963	1.937	3.035	
20	2.000	2.000	177.000	815.235	230.693	233.485	235.031	9,	235.451,	nan	nan	9.000	238.049	66.830	183.020	44.670	122.320	1.802	1.547	2.791	
20	2.000	2.000	178.000	815.235	240.852	243.789	245.446	9,	245.867,	nan	nan	9.000	248.458	66.830	183.020	44.670	149.620	1.947	1.658	2.193	
20	2.000	2.000	179.000	815.235	250.665	252.968	254.317	9,	254.708,	nan	nan	9.000	257.329	81.750	183.020	54.640	122.320	1.315	1.349	3.344	
20	2.000	2.000	180.000	815.235	260.686	263.589	265.130	9,	265.632,	nan	nan	9.000	268.143	81.750	149.620	54.640	122.320	1.913	1.542	3.871	
20	2.000	2.000	181.000	815.235	272.027	274.891	276.751	9,	277.148,	nan	nan	9.000	279.768	54.640	183.020	44.670	122.320	1.875	1.860	3.897	
20	2.000	2.000	182.000	815.235	283.679	285.886	286.555	9,	287.471,	nan	nan	9.000	289.567	81.750	149.620	54.640	183.020	1.219	0.669	3.145	
20	2.000	2.000	183.000	815.235	292.724	294.638	295.741	8,	296.125,	nan	nan	8.000	298.759	66.830	223.870	81.750	223.870	0.924	1.103	3.222	
20	2.000	2.000	184.000	815.235	301.993	303.618	305.482	9,	305.700,	nan	nan	9.000	308.500	81.750	223.870	44.670	183.020	0.635	1.865	2.322	
20	2.000	2.000	185.000	815.235	310.835	313.419	315.110	9,	315.611,	nan	nan	9.000	318.128	54.640	223.870	44.670	183.020	1.595	1.691	3.093	
20	2.000	2.000	186.000	815.235	321.235	322.810	323.903	9,	324.786,	nan	nan	9.000	326.920	81.750	122.320	66.830	183.020	0.587	1.093	3.447	
20	2.000	2.000	187.000	815.235	330.380	332.226	333.044	9,	333.466,	nan	nan	9.000	336.062	66.830	149.620	44.670	122.320	0.857	0.818	3.010	
20	2.000	2.000	188.000	815.235	339.085	341.490	342.269	9,	342.930,	nan	nan	9.000	345.282	81.750	183.020	66.830	149.620	1.416	0.780	2.296	
20	2.000	2.000	189.000	815.235	347.593	349.220	350.226	9,	350.644,	nan	nan	9.000	353.243	81.750	223.870	54.640	183.020	0.640	1.006	2.810	
20	2.000	2.000	190.000	815.235	356.065	358.294	360.245	9,	360.665,	nan	nan	9.000	363.257	81.750	223.870	44.670	122.320	1.238	1.952	3.293	
20	2.000	2.000	191.000	815.235	366.562	369.393	371.359	9,	371.727,	nan	nan	9.000	374.376	81.750	223.870	54.640	122.320	1.841	1.966	3.331	
20	2.000	2.000	192.000	815.235	377.720	380.535	381.397	9,	381.863,	nan	nan	9.000	384.409	81.750	223.870	54.640	149.620	1.826	0.862	2.605	
20	2.000	2.000	193.000	815.235	387.027	389.215	390.453	9,	391.305,	nan	nan	9.000	393.469	66.830	223.870	54.640	122.320	1.199	1.238	2.039	
20	2.000	2.000	194.000	815.235	395.520	397.502	398.006	9,	398.487,	nan	nan	9.000	401.019	66.830	183.020	54.640	122.320	0.992	0.505	3.383	
20	2.000	2.000	195.000	815.235	404.414	406.294	407.855	9,	408.311,	nan	nan	9.000	410.873	66.830	183.020	54.640	149.620	0.891	1.561	3.486	
20	2.000	2.000	196.000	815.235	414.372	415.880	417.262	8,	418.097,	nan	nan	8.000	420.279	66.830	44.670	81.750	44.670	0.519	1.383	2.926	
20	2.000	2.000	197.000	815.235	423.218	425.108	427.006	8,	427.273,	nan	nan	8.000	430.023	54.640	183.020	81.750	149.620	0.900	1.899	2.958	
20	2.000	2.000	198.000	815.235	432.995	435.443	436.469	8,	436.901,	nan	nan	8.000	439.486	66.830	149.620	54.640	183.020	1.460	1.026	2.984	
20	2.000	2.000	199.000	815.235	442.484	445.145	445.895	8,	446.665,	nan	nan	8.000	448.907	66.830	149.620	44.670	223.870	1.672	0.751	2.617	
20	2.000	2.000	200.000	815.235	451.538	453.095	454.872	9,	455.819,	nan	nan	9.000	457.885	66.830	122.320	44.670	183.020	0.568	1.778	2.740	
20	2.000	2.000	201.000	815.235	460.638	462.137	462.781	9,	463.986,	nan	nan	9.000	465.794	66.830	183.020	54.640	223.870	0.510	0.645	2.026	
20	2.000	2.000	202.000	815.235	467.832	469.987	471.722	8,	472.066,	nan	nan	8.000	474.734	81.750	122.320	54.640	223.870	1.166	1.735	3.511	
20	2.000	2.000	203.000	815.235	478.258	479.858	481.192	8,	481.553,	nan	nan	8.000	484.209	44.670	122.320	66.830	223.870	0.611	1.334	2.457	
20	2.000	2.000	204.000	815.235	486.678	488.486	489.270	8,	489.750,	nan	nan	8.000	492.283	44.670	183.020	81.750	149.620	0.818	0.785	2.141	
20	2.000	2.000	205.000	815.235	494.438	496.824	498.201	8,	498.620,	nan	nan	8.000	501.218	44.670	223.870	81.750	149.620	1.397	1.378	2.096	
20	2.000	2.000	206.000	815.235	503.327	505.994	507.063	8,	507.487,	nan	nan	8.000	510.081	81.750	149.620	66.830	223.870	1.677	1.069	2.424	
20	2.000	2.000	207.000	815.235	512.519	514.664	516.133	9,	516.501,	nan	nan	9.000	519.145	81.750	122.320	44.670	183.020	1.156	1.469	2.714	
20	2.000	2.000	208.000	815.235	521.871	524.003	524.589	8,	525.104,	nan	nan	8.000	527.601	54.640	122.320	81.750	149.620	1.141	0.587	3.974	
20	2.000	2.000	209.000	815.235	531.589	534.351	535.270	8,	535.387,	nan	nan	8.000	538.283	149.620	66.830	223.870	66.830	1.773	0.920	3.569	
20	2.000	2.000	210.000	815.235	541.865	544.849	546.144	9,	546.538,	nan	nan	9.000	549.162	81.750	183.020	44.670	223.870	1.995	1.296	3.801	
20	2.000	2.000	211.000	815.235	552.976	554.947	556.021	9,	556.465,	nan	nan	9.000	559.039	66.830	183.020	81.750	122.320	0.982	1.074	3.949	
20	2.000	2.000	212.000	815.235	563.029	565.059	566.977	8,	567.615,	nan	nan	8.000	569.995	81.750	149.620	66.830	183.020	1.069	1.918	2.836	
20	2.000	2.000	213.000	815.235	572.844	575.597	576.632	9,	577.453,	nan	nan	9.000	579.644	81.750	149.620	54.640	223.870	1.764	1.035	3.183	
20	2.000	2.000	214.000	815.235	582.841	584.373	585.591	9,	586.269,	nan	nan	9.000	588.604	54.640	122.320	44.670	149.620	0.543	1.219	2.013	
20	2.000	2.000	215.000	815.235	590.629	592.413	593.660	8,	594.237,	nan	nan	8.000	596.672	54.640	122.320	44.670	183.020	0.794	1.248	3.016	
20	2.000	2.000	216.000	815.235	599.701	601.885	602.399	8,	602.910,	nan	nan	8.000	605.417	81.750	183.020	66.830	223.870	1.195	0.514	3.042	
20	2.000	2.000	217.000	815.235	608.472	610.588	611.758	8,	612.184,	nan	nan	8.000	614.776	66.830	122.320	54.640	149.620	1.127	1.170	2.379	
20	2.000	2.000	218.000	815.235	617.169	619.902	621.540	8,	621.755,	nan	nan	8.000	624.557	54.640	149.620	44.670	223.870	1.744	1.638	2.154	
20	2.000	2.000	219.000	815.235	626.725	628.643	629.510	8,	629.907,	nan	nan	8.000	632.522	54.640	122.320	44.670	223.870	0.929	0.867	3.762	
20	2.000	2.000	220.000	815.235	636.299	638.042	639.608	8,	640.038,	nan	nan	8.000	642.625	54.640	183.020	44.670	223.870	0.756	1.566	3.640	
20	2.000	2.000	221.000	815.235	646.286	648.573	649.280	8,	649.793,	nan	nan	8.000	652.292	81.750	122.320	66.830	223.870	1.305	0.707	3.627	
20	2.000	2.000	222.000	815.235	655.932	657.802	658.857	8,	659.404,	nan	nan	8.000	661.874	149.620	122.320	223.870	122.320	0.881	1.055	2.514	
20	2.000	2.000	223.000	815.235	664.401	666.064	667.215	8,	667.625,	nan	nan	8.000	670.227	81.750	122.320	66.830	149.620	0.674	1.151	2.559	
20	2.000	2.000	224.000	815.235	672.800	675.698	677.451	8,	677.816,	nan	nan	8.000	680.464	66.830	149.620	54.640	223.870	1.908	1.754	3.170	
20	2.000	2.000	225.000	815.235	683.648	685.185	687.098	8,	687.522,	nan	nan	8.000	690.116	81.750	122.320	54.640	183.020	0.548	1.913	2.167	
20	2.000	2.000	226.000	815.235	692.298	694.581	695.404	9,	695.766,	nan	nan	9.000	698.417	66.830	183.020	44.670	223.870	1.296	0.823	3.942	
20	2.000	2.000	227.000	815.235	702.375	703.943	704.679	9,	705.141,	nan	nan	9.000	707.692	81.750	183.020	54.640	223.870	0.582	0.736	2.289	
20	2.000	2.000	228.000	815.235	709.995	711.696	712.600	9,	713.267,	nan	nan	9.000	715.614	81.750	122.320	44.670	223.870	0.712	0.905	2.444	
20	2.000	2.000	229.000	815.235	718.070	720.273	722.109	9,	722.429,	nan	nan	9.000	725.121	81.750	122.320	44.670	149.620	1.214	1.836	2.727	
20	2.000	2.000	230.000	815.235	727.868	729.567	730.887	8,	731.343,	nan	nan	8.000	733.905	54.640	122.320	66.830	183.020	0.717	1.320	2.611	
20	2.000	2.000	231.000	815.235	736.529	738.872	739.424	8,	739.933,	nan	nan	8.000	742.436	54.640	122.320	66.830	223.870	1.354	0.553	3.428	
20	2.000	2.000	232.000	815.235	745.880	747.805	749.289	8,	749.749,	nan	nan	8.000	752.307	54.640	149.620	44.670	183.020	0.939	1.484	2.129	
20	2.000	2.000	233.000	815.235	754.449	756.498	758.005	9,	758.194,	nan	nan	9.000	761.022	66.830	122.320	44.670	149.620	1.059	1.508	3.138	
20	2.000	2.000	234.000	815.235	764.176	766.845	768.347	9,	768.809,	nan	nan	9.000	771.360	66.830	149.620	44.670	183.020	1.682	1.503	3.479	
20	2.000	2.000	235.000	815.235	774.853	777.817	778.741	8,	779.156,	nan	nan	8.000	781.758	54.640	183.020	81.750	183.020	1.976	0.924	2.797	
20	2.000	2.000	236.000	815.235	784.570	787.158	787.701	8,	788.363,	nan	nan	8.000	790.713	66.830	122.320	54.640	183.020	1.600	0.543	3.273	
20	2.000	2.000	237.000	815.235	794.000	795.542	797.001	9,	797.441,	nan	nan	9.000	800.014	81.750	122.320	54.640	149.620	0.553	1.460	3.646	
20	2.000	2.000	238.000	815.235	803.673	805.398	806.814	8,	807.265,	nan	nan	8.000	809.833	44.670	223.870	81.750	183.020	0.736	1.416	2.476	
20	2.000	2.000	239.000	815.235	812.321	814.935	816.057	8,	816.736,	nan	nan	8.000	819.069	54.640	223.870	66.830	183.020	1.624	1.122	3.357	
20	2.000	2.000	240.000	815.235	822.447	825.414	826.106	8,	826.500,	nan	nan	8.000	829.120	44.670	149.620	81.750	122.320	1.986	0.693	3.621	
20	2.000	2.000	241.000	815.235	832.754	834.464	834.988	8,	836.205,	nan	nan	8.000	838.005	54.640	223.870	81.750	122.320	0.722	0.524	3.068	
20	2.000	2.000	242.000	815.235	841.087	843.193	844.956	8,	845.394,	nan	nan	8.000	847.973	44.670	223.870	66.830	149.620	1.117	1.764	3.556	
20	2.000	2.000	243.000	815.235	851.544	853.258	853.999	8,	855.038,	nan	nan	8.000	857.013	66.830	122.320	44.670	223.870	0.727	0.741	2.019	
20	2.000	2.000	244.000	815.235	859.047	861.923	863.050	8,	863.495,	nan	nan	8.000	866.062	44.670	223.870	66.830	183.020	1.889	1.127	3.749	
20	2.000	2.000	245.000	815.235	869.825	872.529	874.003	8,	874.400,	nan	nan	8.000	877.020	54.640	223.870	81.750	183.020	1.715	1.474	2.650	
20	2.000	2.000	246.000	815.235	879.684	882.055	883.244	8,	883.812,	nan	nan	8.000	886.256	54.640	223.870	81.750	149.620	1.383	1.190	2.328	
20	2.000	2.000	247.000	815.235	888.597	890.482	891.362	9,	892.315,	nan	nan	9.000	894.375	66.830	183.020	81.750	149.620	0.895	0.881	3.961	
20	2.000	2.000	248.000	815.235	898.352	899.872	900.685	8,	901.121,	nan	nan	8.000	903.697	54.640	44.670	81.750	44.670	0.534	0.814	3.305	
20	2.000	2.000	249.000	815.235	907.017	908.785	909.318	9,	909.749,	nan	nan	9.000	912.336	66.830	223.870	81.750	122.320	0.780	0.534	2.997	
20	2.000	2.000	250.000	815.235	915.347	918.239	919.404	9,	920.081,	nan	nan	9.000	922.417	66.830	223.870	81.750	149.620	1.904	1.166	3.846	
20	2.000	2.000	251.000	815.235	926.279	928.672	929.326	8,	930.084,	nan	nan	8.000	932.343	66.830	149.620	81.750	122.320	1.407	0.654	3.524	
20	2.000	2.000	252.000	815.235	935.881	937.611	938.520	9,	938.982,	nan	nan	9.000	941.537	81.750	183.020	66.830	122.320	0.741	0.910	2.920	
20	2.000	2.000	253.000	815.235	944.477	946.345	948.147	8,	948.583,	nan	nan	8.000	951.160	44.670	223.870	81.750	122.320	0.886	1.802	2.875	
20	2.000	2.000	254.000	815.235	954.048	956.371	957.628	8,	958.925,	nan	nan	8.000	960.641	44.670	183.020	54.640	149.620	1.334	1.257	3.576	
20	2.000	2.000	255.000	815.235	964.234	966.828	968.263	9,	968.717,	nan	nan	9.000	971.281	44.670	183.020	54.640	122.320	1.609	1.436	2.662	
20	2.000	2.000	256.000	815.235	973.959	976.728	978.718	9,	979.100,	nan	nan	9.000	981.731	44.670	223.870	54.640	149.620	1.783	1.990	2.437	
20	2.000	2.000	257.000	815.235	984.181	986.157	987.096	9,	987.571,	nan	nan	9.000	990.112	44.670	223.870	54.640	122.320	0.987	0.939	2.566	
20	2.000	2.000	258.000	815.235	992.692	995.536	996.720	8,	997.088,	nan	nan	8.000	999.733	44.670	183.020	81.750	122.320	1.855	1.185	3.730	
20	2.000	2.000	259.000	815.235	1003.479	1006.219	1006.941	8,	1007.511,	nan	nan	8.000	1009.958	54.640	149.620	66.830	122.320	1.754	0.722	3.685	
20	2.000	2.000	260.000	815.235	1013.657	1016.139	1018.085	8,	1018.392,	nan	nan	8.000	1021.103	66.830	122.320	54.640	223.870	1.494	1.947	2.399	
20	2.000	2.000	261.000	815.235	1023.516	1025.501	1026.792	8,	1027.209,	nan	nan	8.000	1029.808	149.620	81.750	183.020	81.750	0.997	1.291	2.405	
20	2.000	2.000	262.000	815.235	1032.228	1034.699	1035.710	8,	1037.089,	nan	nan	8.000	1038.728	54.640	183.020	81.750	122.320	1.484	1.011	3.338	
20	2.000	2.000	263.000	815.235	1042.079	1044.069	1045.089	8,	1045.486,	nan	nan	8.000	1048.106	44.670	183.020	66.830	149.620	1.002	1.021	2.624	
20	2.000	2.000	264.000	815.235	1050.745	1053.033	1053.615	8,	1054.174,	nan	nan	8.000	1056.627	44.670	149.620	66.830	122.320	1.301	0.582	2.502	
20	2.000	2.000	265.000	815.235	1059.142	1060.800	1062.424	8,	1062.819,	nan	nan	8.000	1065.436	44.670	183.020	66.830	122.320	0.669	1.624	2.347	
20	2.000	2.000	266.000	815.235	1067.796	1069.975	1070.571	9,	1071.326,	nan	nan	9.000	1073.584	44.670	223.870	54.640	183.020	1.190	0.596	3.955	
20	2.000	2.000	267.000	815.235	1077.552	1079.456	1080.800	9,	1081.176,	nan	nan	9.000	1083.817	81.750	223.870	44.670	149.620	0.915	1.344	3.678	
20	2.000	2.000	268.000	815.235	1087.509	1090.233	1091.687	8,	1092.168,	nan	nan	8.000	1094.706	44.670	149.620	54.640	122.320	1.735	1.455	2.006	
20	2.000	2.000	269.000	815.235	1096.728	1099.551	1100.350	9,	1100.787,	nan	nan	9.000	1103.363	54.640	223.870	66.830	149.620	1.836	0.799	2.817	
20	2.000	2.000	270.000	815.235	1106.193	1108.656	1109.214	9,	1109.580,	nan	nan	9.000	1112.226	81.750	183.020	44.670	149.620	1.474	0.558	2.765	
20	2.000	2.000	271.000	815.235	1115.004	1116.643	1118.286	9,	1118.983,	nan	nan	9.000	1121.298	54.640	183.020	66.830	149.620	0.650	1.643	2.656	
20	2.000	2.000	272.000	815.235	1123.969	1126.107	1127.866	8,	1128.717,	nan	nan	8.000	1130.879	66.830	223.870	81.750	183.020	1.151	1.759	2.695	
20	2.000	2.000	273.000	815.235	1133.588	1135.389	1137.297	9,	1137.657,	nan	nan	9.000	1140.316	81.750	183.020	54.640	149.620	0.814	1.908	2.431	
20	2.000	2.000	274.000	815.235	1142.763	1144.452	1146.427	8,	1146.921,	nan	nan	8.000	1149.441	149.620	223.870	183.020	223.870	0.703	1.976	2.373	
20	2.000	2.000	275.000	815.235	1151.827	1153.822	1154.423	8,	1155.243,	nan	nan	8.000	1157.441	44.670	183.020	81.750	223.870	1.006	0.601	3.666	
20	2.000	2.000	276.000	815.235	1161.125	1163.482	1164.117	8,	1164.456,	nan	nan	8.000	1167.134	54.640	122.320	81.750	223.870	1.373	0.635	2.682	
20	2.000	2.000	277.000	815.235	1169.832	1172.384	1174.056	8,	1174.685,	nan	nan	8.000	1177.069	54.640	149.620	81.750	183.020	1.566	1.672	2.527	
20	2.000	2.000	278.000	815.235	1179.610	1182.145	1183.161	8,	1183.518,	nan	nan	8.000	1186.174	44.670	183.020	66.830	223.870	1.547	1.016	2.418	
20	2.000	2.000	279.000	815.235	1188.606	1190.446	1192.320	8,	1192.365,	nan	nan	8.000	1195.338	44.670	122.320	81.750	223.870	0.852	1.875	3.550	
20	2.000	2.000	280.000	815.235	1198.902	1200.491	1201.956	8,	1202.286,	nan	nan	8.000	1204.968	66.830	122.320	81.750	149.620	0.601	1.465	2.309	
20	2.000	2.000	281.000	815.235	1207.293	1208.976	1210.605	8,	1210.889,	nan	nan	8.000	1213.618	44.670	149.620	54.640	183.020	0.698	1.629	2.688	
20	2.000	2.000	282.000	815.235	1216.319	1219.260	1220.521	8,	1220.866,	nan	nan	8.000	1223.534	54.640	183.020	66.830	223.870	1.952	1.262	3.280	
20	2.000	2.000	283.000	815.235	1226.829	1229.517	1230.518	8,	1230.990,	nan	nan	8.000	1233.536	44.670	149.620	66.830	223.870	1.701	1.002	2.058	
20	2.000	2.000	284.000	815.235	1235.608	1237.819	1238.444	8,	1238.909,	nan	nan	8.000	1241.462	54.640	149.620	81.750	223.870	1.223	0.625	3.254	
20	2.000	2.000	285.000	815.235	1244.736	1247.009	1249.004	8,	1249.376,	nan	nan	8.000	1252.022	44.670	183.020	54.640	223.870	1.291	1.995	2.547	
20	2.000	2.000	286.000	815.235	1254.582	1256.143	1257.839	8,	1258.253,	nan	nan	8.000	1260.856	44.670	122.320	54.640	149.620	0.572	1.696	3.350	
20	2.000	2.000	287.000	815.235	1264.220	1266.519	1267.019	8,	1267.966,	nan	nan	8.000	1270.032	54.640	223.870	66.830	223.870	1.310	0.500	2.733	
20	2.000	2.000	288.000	815.235	1272.779	1274.889	1275.500	8,	1276.285,	nan	nan	8.000	1278.512	44.670	122.320	81.750	149.620	1.122	0.611	3.505	
20	2.000	2.000	289.000	815.235	1282.032	1284.740	1286.132	8,	1286.462,	nan	nan	8.000	1289.144	66.830	149.620	81.750	223.870	1.720	1.392	3.402	
20	2.000	2.000	290.000	815.235	1292.562	1294.077	1295.257	8,	1295.657,	nan	nan	8.000	1298.274	44.670	149.620	54.640	223.870	0.529	1.180	2.579	
20	2.000	2.000	291.000	815.235	1300.870	1303.281	1305.098	8,	1305.375,	nan	nan	8.000	1308.110	54.640	122.320	66.830	149.620	1.426	1.817	3.820	
20	2.000	2.000	292.000	815.235	1311.944	1314.730	1315.827	9,	1316.351,	nan	nan	9.000	1318.839	44.670	223.870	66.830	122.320	1.797	1.098	3.203	
20	2.000	2.000	293.000	815.235	1322.055	1325.006	1326.499	8,	1326.891,	nan	nan	8.000	1329.516	54.640	149.620	66.830	223.870	1.961	1.494	2.367	
20	2.000	2.000	294.000	815.235	1331.896	1334.133	1335.375	8,	1335.838,	nan	nan	8.000	1338.394	66.830	183.020	81.750	223.870	1.248	1.243	2.675	
20	2.000	2.000	295.000	815.235	1341.088	1343.107	1344.431	8,	1344.800,	nan	nan	8.000	1347.443	66.830	122.320	81.750	223.870	1.035	1.325	3.228	
20	2.000	2.000	296.000	815.235	1350.685	1353.201	1354.289	8,	1354.608,	nan	nan	8.000	1357.307	44.670	122.320	66.830	149.620	1.527	1.088	3.608	
20	2.000	2.000	297.000	815.235	1360.929	1362.870	1364.793	8,	1365.125,	nan	nan	8.000	1367.810	54.640	183.020	81.750	223.870	0.953	1.923	2.913	
20	2.000	2.000	298.000	815.235	1370.737	1373.417	1375.320	8,	1375.717,	nan	nan	8.000	1378.338	44.670	149.620	81.750	183.020	1.691	1.904	2.868	
20	2.000	2.000	299.000	815.235	1381.218	1384.150	1384.679	8,	1385.405,	nan	nan	8.000	1387.695	54.640	122.320	81.750	183.020	1.942	0.529	3.711	
20	2.000	2.000	300.000	815.235	1391.419	1393.381	1394.691	8,	1394.855,	nan	nan	8.000	1397.704	54.640	81.750	66.830	81.750	0.973	1.310	2.032	
20	2.000	2.000	301.000	815.235	1399.749	1402.400	1402.938	8,	1403.345,	nan	nan	8.000	1405.951	66.830	122.320	81.750	183.020	1.662	0.539	3.389	
20	2.000	2.000	302.000	815.235	1409.353	1411.730	1412.601	8,	1413.100,	nan	nan	8.000	1415.619	44.670	122.320	54.640	223.870	1.387	0.871	2.489	
20	2.000	2.000	303.000	815.235	1418.122	1420.695	1422.082	8,	1422.464,	nan	nan	8.000	1425.099	54.640	149.620	81.750	122.320	1.585	1.387	2.354	
20	2.000	2.000	304.000	815.235	1427.468	1430.411	1431.041	8,	1431.484,	nan	nan	8.000	1434.054	54.640	149.620	66.830	183.020	1.957	0.630	2.540	
20	2.000	2.000	305.000	815.235	1436.610	1438.965	1439.474	8,	1439.998,	nan	nan	8.000	1442.487	66.830	149.620	81.750	183.020	1.368	0.510	3.865	
20	2.000	2.000	306.000	815.235	1446.366	1448.983	1450.351	9,	1450.748,	nan	nan	9.000	1453.368	54.640	223.870	66.830	122.320	1.629	1.368	3.582	
20	2.000	2.000	307.000	815.235	1456.964	1458.467	1459.888	8,	1460.183,	nan	nan	8.000	1462.904	44.670	122.320	54.640	183.020	0.514	1.421	2.952	
20	2.000	2.000	308.000	815.235	1465.869	1467.517	1468.745	8,	1469.075,	nan	nan	8.000	1471.763	44.670	122.320	81.750	183.020	0.659	1.228	3.814	
20	2.000	2.000	309.000	815.235	1475.591	1478.265	1479.864	8,	1480.726,	nan	nan	8.000	1482.881	44.670	149.620	81.750	223.870	1.686	1.600	3.537	
20	2.000	2.000	310.000	815.235	1486.431	1489.232	1489.847	8,	1490.241,	nan	nan	8.000	1492.860	44.670	122.320	66.830	183.020	1.812	0.616	2.598	
20	2.000	2.000	311.000	815.235	1495.474	1497.259	1498.873	8,	1499.254,	nan	nan	8.000	1501.885	44.670	149.620	66.830	183.020	0.799	1.614	3.023	
20	2.000	2.000	312.000	815.235	1504.923	1507.741	1509.148	9,	1509.859,	nan	nan	9.000	1512.165	54.640	183.020	66.830	122.320	1.831	1.407	3.061	
