subjID	session	Block	trialCount	earnings	Gam1Onset	Gam2Onset	FBOnset	KPlate	RTlate	KPs	RT	KP_Final	SLOnset	Gam1_1	Gam1_2	Gam2_1	Gam2_2	jit1	jit2	jit3	
2	2.000	1.000	1.000	666.519	62.629	65.176	66.721	nan	nan	9,	67.140,	9.000	69.723	54.640	223.870	44.670	122.320	1.547	1.547	3.897	
2	2.000	1.000	2.000	666.519	73.680	75.948	76.872	nan	nan	9,9,	76.939,77.677,	9.000	79.874	81.750	149.620	44.670	183.020	1.325	0.924	3.633	
2	2.000	1.000	3.000	666.519	83.525	85.180	86.195	nan	nan	9,9,	86.559,87.408,	9.000	89.196	66.830	223.870	54.640	149.620	0.669	1.016	2.997	
2	2.000	1.000	4.000	666.519	92.204	95.109	96.525	nan	nan	9,	96.905,	9.000	99.529	81.750	223.870	66.830	149.620	1.913	1.416	3.859	
2	2.000	1.000	5.000	666.519	103.399	105.527	106.219	nan	nan	9,	106.796,	9.000	109.221	66.830	223.870	44.670	122.320	1.137	0.693	2.727	
2	2.000	1.000	6.000	666.519	111.959	114.525	115.927	nan	nan	9,9,	116.097,116.812,	9.000	118.928	54.640	183.020	44.670	122.320	1.576	1.402	2.958	
2	2.000	1.000	7.000	666.519	121.898	124.662	126.093	nan	nan	9,	126.497,	9.000	129.097	66.830	223.870	54.640	183.020	1.773	1.431	2.797	
2	2.000	1.000	8.000	666.519	131.906	133.474	134.620	nan	nan	9,	135.231,	9.000	137.622	81.750	183.020	44.670	122.320	0.577	1.146	3.524	
2	2.000	1.000	9.000	666.519	141.158	143.039	144.740	nan	nan	9,	144.973,	9.000	147.741	66.830	149.620	44.670	122.320	0.891	1.701	2.431	
2	2.000	1.000	10.000	666.519	150.186	152.142	153.428	nan	nan	9,	153.881,	9.000	156.430	81.750	149.620	44.670	223.870	0.968	1.286	2.849	
2	2.000	1.000	11.000	666.519	159.291	161.611	163.060	nan	nan	9,	163.709,	9.000	166.062	81.750	122.320	66.830	183.020	1.330	1.450	3.775	
2	2.000	1.000	12.000	666.519	169.851	171.465	173.223	nan	nan	9,	173.700,	9.000	176.225	81.750	183.020	66.830	149.620	0.625	1.759	3.531	
2	2.000	1.000	13.000	666.519	179.769	182.237	183.282	nan	nan	9,	183.714,	9.000	186.283	66.830	223.870	44.670	149.620	1.479	1.045	3.299	
2	2.000	1.000	14.000	666.519	189.595	191.784	193.132	nan	nan	9,	193.260,	9.000	196.136	81.750	149.620	66.830	122.320	1.199	1.349	2.296	
2	2.000	1.000	15.000	666.519	198.445	201.179	202.262	nan	nan	9,	202.711,	9.000	205.265	54.640	149.620	44.670	122.320	1.744	1.084	3.582	
2	2.000	1.000	16.000	666.519	208.861	211.083	211.722	nan	nan	9,	212.702,	9.000	214.724	54.640	183.020	44.670	149.620	1.233	0.640	2.457	
2	2.000	1.000	17.000	666.519	217.194	218.798	219.751	nan	nan	9,	220.190,	9.000	222.755	54.640	223.870	44.670	149.620	0.616	0.953	3.678	
2	2.000	1.000	18.000	666.519	226.447	229.161	230.553	nan	nan	9,	231.136,	9.000	233.555	81.750	183.020	54.640	122.320	1.725	1.392	2.264	
2	2.000	1.000	19.000	666.519	235.832	237.963	238.897	nan	nan	9,9,	239.294,240.132,	9.000	241.898	81.750	149.620	54.640	122.320	1.141	0.934	2.193	
2	2.000	1.000	20.000	666.519	244.105	246.790	247.810	nan	nan	9,	248.218,	9.000	250.816	81.750	149.620	44.670	122.320	1.696	1.021	3.383	
2	2.000	1.000	21.000	666.519	254.212	256.275	258.255	nan	nan	9,9,	258.508,258.996,	9.000	261.256	66.830	183.020	54.640	149.620	1.074	1.981	3.267	
2	2.000	1.000	22.000	666.519	264.537	266.489	267.340	nan	nan	9,	267.737,	9.000	270.342	54.640	223.870	44.670	183.020	0.963	0.852	3.370	
2	2.000	1.000	23.000	666.519	273.727	276.111	277.590	nan	nan	9,	278.259,	9.000	280.591	66.830	183.020	44.670	122.320	1.397	1.479	3.003	
2	2.000	1.000	24.000	666.519	283.609	285.883	286.604	nan	nan	9,	287.308,	9.000	289.606	66.830	223.870	44.670	183.020	1.286	0.722	2.084	
2	2.000	1.000	25.000	666.519	291.705	294.051	295.611	nan	nan	8,	296.205,	8.000	298.614	122.320	183.020	223.870	183.020	1.359	1.561	3.222	
2	2.000	1.000	26.000	666.519	301.850	304.597	305.410	nan	nan	9,9,	306.191,306.988,	9.000	308.411	81.750	223.870	44.670	183.020	1.759	0.814	3.151	
2	2.000	1.000	27.000	666.519	311.577	314.464	316.020	nan	nan	9,	316.579,	9.000	319.021	81.750	223.870	54.640	183.020	1.899	1.556	3.955	
2	2.000	1.000	28.000	666.519	322.992	325.347	326.175	nan	nan	9,	326.594,	9.000	329.176	81.750	223.870	44.670	122.320	1.368	0.828	3.402	
2	2.000	1.000	29.000	666.519	332.594	334.230	334.730	nan	nan	9,	335.193,	9.000	337.731	81.750	223.870	66.830	122.320	0.650	0.500	2.502	
2	2.000	1.000	30.000	666.519	340.249	342.131	343.412	nan	nan	9,	343.709,	9.000	346.416	81.750	223.870	54.640	122.320	0.895	1.281	3.563	
2	2.000	1.000	31.000	666.519	349.995	351.708	352.530	nan	nan	9,	352.924,	9.000	355.534	81.750	149.620	54.640	183.020	0.727	0.823	3.601	
2	2.000	1.000	32.000	666.519	359.152	360.966	362.551	nan	nan	9,9,	362.940,363.856,	9.000	365.552	66.830	183.020	54.640	122.320	0.828	1.585	2.444	
2	2.000	1.000	33.000	666.519	368.012	370.294	371.763	nan	nan	9,	372.094,	9.000	374.768	66.830	223.870	54.640	122.320	1.296	1.469	2.392	
2	2.000	1.000	34.000	666.519	377.176	378.720	379.311	nan	nan	9,	379.867,	9.000	382.313	66.830	149.620	54.640	122.320	0.558	0.592	2.051	
2	2.000	1.000	35.000	666.519	384.380	386.180	387.350	nan	nan	9,	387.728,	9.000	390.352	66.830	183.020	44.670	149.620	0.814	1.170	3.453	
2	2.000	1.000	36.000	666.519	393.822	396.716	397.447	nan	nan	9,	397.811,	9.000	400.449	81.750	223.870	54.640	149.620	1.908	0.732	3.884	
2	2.000	1.000	37.000	666.519	404.350	406.293	407.652	nan	nan	9,	408.152,	9.000	410.656	81.750	223.870	66.830	183.020	0.958	1.359	2.354	
2	2.000	1.000	38.000	666.519	413.027	414.594	416.492	nan	nan	9,	417.377,	9.000	419.494	54.640	122.320	44.670	149.620	0.582	1.899	3.074	
2	2.000	1.000	39.000	666.519	422.585	424.832	425.496	nan	nan	8,8,	425.792,426.108,	8.000	428.497	44.670	183.020	81.750	149.620	1.262	0.664	2.984	
2	2.000	1.000	40.000	666.519	431.498	433.013	434.655	nan	nan	9,	436.591,	9.000	437.657	66.830	149.620	44.670	223.870	0.529	1.643	3.916	
2	2.000	1.000	41.000	666.519	441.591	443.635	445.158	nan	nan	8,	445.471,	8.000	448.159	54.640	122.320	66.830	183.020	1.059	1.523	2.489	
2	2.000	1.000	42.000	666.519	450.665	452.498	453.880	nan	nan	8,	454.518,	8.000	456.882	54.640	122.320	81.750	149.620	0.847	1.383	2.579	
2	2.000	1.000	43.000	666.519	459.478	461.151	461.959	nan	nan	9,	462.774,	9.000	464.962	81.750	122.320	44.670	183.020	0.688	0.809	3.659	
2	2.000	1.000	44.000	666.519	468.639	471.218	472.480	nan	nan	9,	472.950,	9.000	475.481	66.830	149.620	44.670	183.020	1.595	1.262	3.749	
2	2.000	1.000	45.000	666.519	479.249	482.204	483.041	nan	nan	9,	483.555,	9.000	486.042	81.750	122.320	54.640	183.020	1.971	0.838	2.514	
2	2.000	1.000	46.000	666.519	488.575	491.540	492.879	nan	nan	9,	493.248,	9.000	495.883	54.640	122.320	44.670	183.020	1.981	1.339	3.801	
2	2.000	1.000	47.000	666.519	499.702	502.440	503.167	nan	nan	8,	503.642,	8.000	506.172	54.640	122.320	66.830	223.870	1.754	0.727	2.148	
2	2.000	1.000	48.000	666.519	508.338	510.516	512.352	nan	nan	9,	512.745,	9.000	515.357	81.750	122.320	66.830	149.620	1.195	1.836	2.688	
2	2.000	1.000	49.000	666.519	518.063	519.798	521.470	nan	nan	9,	521.950,	9.000	524.471	66.830	149.620	54.640	183.020	0.751	1.672	2.482	
2	2.000	1.000	50.000	666.519	526.972	529.912	531.150	nan	nan	8,8,	531.252,531.665,	8.000	534.152	44.670	223.870	81.750	223.870	1.957	1.238	2.270	
2	2.000	1.000	51.000	666.519	536.441	538.585	539.470	nan	nan	9,	539.991,	9.000	542.472	54.640	122.320	44.670	223.870	1.161	0.886	3.235	
2	2.000	1.000	52.000	666.519	545.726	547.421	548.649	nan	nan	8,	549.150,	8.000	551.651	66.830	149.620	54.640	223.870	0.712	1.228	2.424	
2	2.000	1.000	53.000	666.519	554.094	556.629	557.138	nan	nan	9,	557.845,	9.000	560.140	81.750	122.320	44.670	223.870	1.551	0.510	3.550	
2	2.000	1.000	54.000	666.519	563.709	566.408	568.311	nan	nan	8,	568.641,	8.000	571.315	81.750	122.320	54.640	223.870	1.715	1.904	2.733	
2	2.000	1.000	55.000	666.519	574.067	575.903	576.885	nan	nan	8,	577.339,	8.000	579.886	81.750	183.020	54.640	223.870	0.852	0.982	2.907	
2	2.000	1.000	56.000	666.519	582.813	585.014	586.888	nan	nan	8,	587.215,	8.000	589.893	54.640	183.020	81.750	149.620	1.219	1.875	2.212	
2	2.000	1.000	57.000	666.519	592.125	594.625	595.776	nan	nan	9,	596.021,	9.000	598.780	66.830	122.320	54.640	149.620	1.518	1.151	2.592	
2	2.000	1.000	58.000	666.519	601.392	603.347	605.014	nan	nan	9,	605.359,	9.000	608.016	66.830	122.320	44.670	183.020	0.973	1.667	2.077	
2	2.000	1.000	59.000	666.519	610.114	612.676	613.494	nan	nan	8,	613.844,	8.000	616.497	44.670	223.870	81.750	149.620	1.580	0.818	3.704	
2	2.000	1.000	60.000	666.519	620.222	622.413	623.371	nan	nan	8,	623.687,	8.000	626.373	81.750	122.320	66.830	223.870	1.209	0.958	2.283	
2	2.000	1.000	61.000	666.519	628.676	630.751	631.791	nan	nan	8,	632.172,	8.000	634.795	81.750	149.620	66.830	223.870	1.093	1.040	2.360	
2	2.000	1.000	62.000	666.519	637.176	638.668	639.225	nan	nan	9,	639.784,	9.000	642.227	54.640	149.620	44.670	183.020	0.510	0.558	2.913	
2	2.000	1.000	63.000	666.519	645.161	646.923	647.475	nan	nan	9,	648.528,	9.000	650.477	54.640	183.020	44.670	223.870	0.780	0.553	2.019	
2	2.000	1.000	64.000	666.519	652.516	655.233	655.848	nan	nan	9,	656.477,	9.000	658.849	81.750	183.020	44.670	223.870	1.735	0.616	2.379	
2	2.000	1.000	65.000	666.519	661.250	664.217	665.816	nan	nan	8,	666.157,	8.000	668.818	81.750	149.620	54.640	223.870	1.986	1.600	2.238	
2	2.000	1.000	66.000	666.519	671.078	672.630	673.882	nan	nan	9,	674.256,	9.000	676.886	66.830	122.320	44.670	149.620	0.572	1.252	3.228	
2	2.000	1.000	67.000	666.519	680.135	682.056	682.715	nan	nan	9,	683.301,	9.000	685.716	81.750	122.320	44.670	149.620	0.939	0.659	3.241	
2	2.000	1.000	68.000	666.519	688.978	691.164	691.842	nan	nan	8,	692.701,	8.000	694.843	66.830	183.020	54.640	223.870	1.204	0.678	3.408	
2	2.000	1.000	69.000	666.519	698.273	700.116	701.599	nan	nan	8,8,	701.765,703.074,	8.000	704.601	81.750	183.020	66.830	223.870	0.862	1.484	3.466	
2	2.000	1.000	70.000	666.519	708.088	710.071	711.390	nan	nan	9,	711.760,	9.000	714.392	54.640	149.620	44.670	223.870	1.002	1.320	2.405	
2	2.000	1.000	71.000	666.519	716.818	719.650	720.714	nan	nan	8,8,8,	720.926,721.660,721.889,	8.000	723.715	44.670	122.320	66.830	223.870	1.850	1.064	2.791	
2	2.000	1.000	72.000	666.519	726.528	729.036	730.071	nan	nan	8,	730.321,	8.000	733.076	66.830	183.020	81.750	122.320	1.527	1.035	3.569	
2	2.000	1.000	73.000	666.519	736.667	738.818	739.785	nan	nan	9,	740.254,	9.000	742.786	66.830	183.020	44.670	223.870	1.170	0.968	2.650	
2	2.000	1.000	74.000	666.519	745.458	748.048	749.459	nan	nan	9,	749.900,	9.000	752.460	81.750	149.620	66.830	183.020	1.609	1.412	3.595	
2	2.000	1.000	75.000	666.519	756.077	758.643	760.334	nan	nan	8,	761.223,	8.000	763.335	44.670	66.830	81.750	66.830	1.585	1.691	3.646	
2	2.000	1.000	76.000	666.519	767.003	768.980	770.353	nan	nan	9,	770.672,	9.000	773.354	81.750	183.020	44.670	149.620	0.997	1.373	2.122	
2	2.000	1.000	77.000	666.519	775.499	777.746	778.771	nan	nan	8,	779.119,	8.000	781.776	44.670	223.870	81.750	183.020	1.267	1.026	2.315	
2	2.000	1.000	78.000	666.519	784.113	786.384	787.086	nan	nan	8,	787.979,	8.000	790.088	54.640	183.020	66.830	149.620	1.291	0.703	3.100	
2	2.000	1.000	79.000	666.519	793.210	795.013	796.304	nan	nan	9,9,	796.666,797.930,	9.000	799.305	54.640	223.870	66.830	183.020	0.823	1.291	3.537	
2	2.000	1.000	80.000	666.519	802.865	805.584	807.391	nan	nan	8,	807.652,	8.000	810.396	44.670	223.870	66.830	149.620	1.740	1.807	3.023	
2	2.000	1.000	81.000	666.519	813.440	815.099	816.264	nan	nan	8,	816.813,	8.000	819.266	44.670	223.870	54.640	149.620	0.678	1.166	2.810	
2	2.000	1.000	82.000	666.519	822.099	824.678	826.523	nan	nan	8,	826.932,	8.000	829.527	44.670	183.020	66.830	149.620	1.600	1.846	3.125	
2	2.000	1.000	83.000	666.519	832.675	834.709	836.651	nan	nan	8,	837.909,	8.000	839.653	66.830	122.320	54.640	223.870	1.055	1.942	3.743	
2	2.000	1.000	84.000	666.519	843.419	845.805	847.101	nan	nan	9,	847.443,	9.000	850.105	66.830	122.320	44.670	223.870	1.407	1.296	2.386	
2	2.000	1.000	85.000	666.519	852.514	854.085	855.853	nan	nan	8,	856.217,	8.000	858.855	44.670	183.020	81.750	122.320	0.592	1.768	2.965	
2	2.000	1.000	86.000	666.519	861.843	864.783	865.920	nan	nan	9,	866.336,	9.000	868.924	81.750	183.020	66.830	122.320	1.961	1.137	2.006	
2	2.000	1.000	87.000	666.519	870.954	872.727	874.365	nan	nan	8,	874.709,	8.000	877.367	44.670	183.020	66.830	122.320	0.794	1.638	2.617	
2	2.000	1.000	88.000	666.519	880.008	882.408	883.269	nan	nan	8,8,	883.733,884.899,	8.000	886.271	66.830	183.020	81.750	149.620	1.421	0.862	3.788	
2	2.000	1.000	89.000	666.519	890.083	892.719	894.535	nan	nan	9,	894.548,	9.000	897.541	66.830	223.870	81.750	183.020	1.658	1.817	3.949	
2	2.000	1.000	90.000	666.519	901.513	903.252	904.803	nan	nan	8,	905.053,	8.000	907.807	44.670	223.870	81.750	122.320	0.760	1.551	2.572	
2	2.000	1.000	91.000	666.519	910.403	911.935	913.640	nan	nan	8,	914.009,	8.000	916.642	44.670	149.620	54.640	122.320	0.553	1.706	3.910	
2	2.000	1.000	92.000	666.519	920.576	922.252	924.107	nan	nan	9,	924.893,	9.000	927.109	81.750	183.020	54.640	149.620	0.698	1.855	2.553	
2	2.000	1.000	93.000	666.519	929.686	931.651	933.217	nan	nan	9,	933.363,	9.000	936.221	66.830	122.320	54.640	183.020	0.987	1.566	2.682	
2	2.000	1.000	94.000	666.519	938.928	941.428	942.849	nan	nan	8,	943.628,	8.000	945.850	54.640	149.620	66.830	122.320	1.523	1.421	2.656	
2	2.000	1.000	95.000	666.519	948.531	951.412	953.214	nan	nan	8,	953.496,	8.000	956.217	66.830	149.620	81.750	122.320	1.904	1.802	2.135	
2	2.000	1.000	96.000	666.519	958.376	960.790	961.338	nan	nan	9,	961.813,	9.000	964.339	54.640	223.870	81.750	122.320	1.436	0.548	2.740	
2	2.000	1.000	97.000	666.519	967.103	970.033	971.430	nan	nan	8,	971.743,	8.000	974.431	44.670	223.870	54.640	183.020	1.952	1.397	2.174	
2	2.000	1.000	98.000	666.519	976.629	979.289	980.965	nan	nan	8,8,	981.711,981.778,	8.000	983.967	44.670	149.620	81.750	122.320	1.682	1.677	2.624	
2	2.000	1.000	99.000	666.519	986.615	989.588	991.337	nan	nan	8,	991.784,	8.000	994.341	44.670	149.620	66.830	122.320	1.995	1.749	2.759	
2	2.000	1.000	100.000	666.519	997.126	999.186	1000.163	8.000	1003.178	nan	nan	nan	nan	122.320	54.640	183.020	54.640	1.084	0.977	4.000	
2	2.000	1.000	101.000	666.519	1007.204	1010.055	1011.326	nan	nan	8,	1012.645,	8.000	1014.327	44.670	223.870	54.640	122.320	1.875	1.272	3.814	
2	2.000	1.000	102.000	666.519	1018.167	1021.023	1021.599	nan	nan	9,	1022.325,	9.000	1024.601	66.830	223.870	81.750	122.320	1.879	0.577	2.199	
2	2.000	1.000	103.000	666.519	1026.826	1028.785	1029.897	nan	nan	9,9,	1030.204,1031.577,	9.000	1032.899	81.750	122.320	54.640	149.620	0.982	1.113	2.302	
2	2.000	1.000	104.000	666.519	1035.227	1037.441	1038.336	nan	nan	8,	1039.108,	8.000	1041.338	54.640	183.020	81.750	122.320	1.238	0.895	3.016	
2	2.000	1.000	105.000	666.519	1044.380	1047.057	1047.861	nan	nan	9,8,	1048.703,1048.788,	8.000	1050.863	54.640	223.870	66.830	149.620	1.701	0.804	3.974	
2	2.000	1.000	106.000	666.519	1054.863	1056.359	1057.847	nan	nan	9,	1058.200,	9.000	1060.849	54.640	223.870	81.750	149.620	0.519	1.489	3.608	
2	2.000	1.000	107.000	666.519	1064.484	1066.847	1068.731	nan	nan	9,	1069.299,	9.000	1071.732	81.750	223.870	44.670	149.620	1.387	1.884	3.871	
2	2.000	1.000	108.000	666.519	1075.631	1077.246	1077.987	nan	nan	8,	1078.687,	8.000	1080.989	44.670	183.020	54.640	149.620	0.640	0.741	3.080	
2	2.000	1.000	109.000	666.519	1084.096	1085.774	1087.142	nan	nan	9,	1087.407,	9.000	1090.146	66.830	223.870	81.750	149.620	0.703	1.368	3.318	
2	2.000	1.000	110.000	666.519	1093.493	1095.574	1096.793	nan	nan	8,	1097.177,	8.000	1099.794	44.670	223.870	66.830	183.020	1.108	1.219	3.556	
2	2.000	1.000	111.000	666.519	1103.378	1104.939	1105.637	nan	nan	8,	1106.638,	8.000	1108.638	44.670	183.020	54.640	122.320	0.587	0.698	3.428	
2	2.000	1.000	112.000	666.519	1112.093	1114.610	1115.211	nan	nan	9,	1115.729,	9.000	1118.213	54.640	223.870	81.750	183.020	1.542	0.601	3.312	
2	2.000	1.000	113.000	666.519	1121.554	1123.316	1124.100	nan	nan	8,	1125.597,	8.000	1127.102	44.670	122.320	81.750	183.020	0.789	0.785	2.559	
2	2.000	1.000	114.000	666.519	1129.689	1132.553	1133.709	nan	nan	8,	1134.009,	8.000	1136.713	54.640	122.320	81.750	183.020	1.889	1.156	3.891	
2	2.000	1.000	115.000	666.519	1140.632	1142.121	1143.739	nan	nan	8,	1144.006,	8.000	1146.744	54.640	183.020	81.750	223.870	0.514	1.619	2.096	
2	2.000	1.000	116.000	666.519	1148.868	1151.187	1153.177	nan	nan	8,	1153.485,	8.000	1156.182	44.670	183.020	81.750	223.870	1.344	1.990	3.987	
2	2.000	1.000	117.000	666.519	1160.197	1162.655	1164.640	nan	nan	8,	1164.903,	8.000	1167.644	66.830	149.620	81.750	183.020	1.484	1.986	3.621	
2	2.000	1.000	118.000	666.519	1171.293	1173.197	1174.116	nan	nan	8,	1175.801,	8.000	1177.117	54.640	149.620	81.750	223.870	0.929	0.920	3.035	
2	2.000	1.000	119.000	666.519	1180.181	1182.533	1184.108	nan	nan	8,8,	1184.539,1186.069,	8.000	1187.110	66.830	149.620	81.750	223.870	1.378	1.576	2.373	
2	2.000	1.000	120.000	666.519	1189.511	1192.133	1193.761	nan	nan	8,	1194.137,	8.000	1196.766	54.640	183.020	66.830	122.320	1.648	1.629	2.585	
2	2.000	1.000	121.000	666.519	1199.380	1201.297	1202.805	nan	nan	8,	1203.207,	8.000	1205.809	44.670	149.620	66.830	183.020	0.944	1.508	2.154	
2	2.000	1.000	122.000	666.519	1207.992	1210.677	1211.509	nan	nan	8,	1211.900,	8.000	1214.511	44.670	149.620	81.750	223.870	1.711	0.833	3.344	
2	2.000	1.000	123.000	666.519	1217.884	1220.312	1220.894	nan	nan	8,	1221.281,	8.000	1223.896	66.830	122.320	81.750	183.020	1.455	0.582	3.138	
2	2.000	1.000	124.000	666.519	1227.063	1229.043	1230.367	nan	nan	8,	1230.715,	8.000	1233.371	44.670	122.320	54.640	223.870	1.006	1.325	3.093	
2	2.000	1.000	125.000	666.519	1236.494	1239.337	1240.782	nan	nan	8,	1241.609,	8.000	1243.783	122.320	149.620	183.020	149.620	1.870	1.445	2.630	
2	2.000	1.000	126.000	666.519	1246.442	1248.234	1249.621	nan	nan	8,	1250.309,	8.000	1252.623	44.670	149.620	54.640	183.020	0.818	1.387	3.904	
2	2.000	1.000	127.000	666.519	1256.556	1258.434	1258.938	nan	nan	8,	1259.695,	8.000	1261.940	44.670	122.320	66.830	149.620	0.905	0.505	3.286	
2	2.000	1.000	128.000	666.519	1265.256	1267.394	1269.051	nan	nan	8,	1269.481,	8.000	1272.053	66.830	122.320	81.750	149.620	1.166	1.658	2.547	
2	2.000	1.000	129.000	666.519	1274.630	1276.526	1278.458	nan	nan	8,8,	1278.764,1279.363,	8.000	1281.460	54.640	122.320	66.830	149.620	0.924	1.932	2.637	
2	2.000	1.000	130.000	666.519	1284.126	1286.945	1288.380	nan	nan	8,	1289.217,	8.000	1291.381	66.830	183.020	81.750	223.870	1.846	1.436	2.990	
2	2.000	1.000	131.000	666.519	1294.402	1296.328	1297.184	nan	nan	8,	1297.595,	8.000	1300.187	44.670	183.020	66.830	223.870	0.953	0.857	2.257	
2	2.000	1.000	132.000	666.519	1302.474	1305.341	1306.284	nan	nan	8,8,	1306.341,1306.727,	8.000	1309.286	66.830	122.320	81.750	223.870	1.894	0.944	3.820	
2	2.000	1.000	133.000	666.519	1313.136	1315.240	1315.850	nan	nan	8,	1317.327,	8.000	1318.852	44.670	122.320	54.640	149.620	1.132	0.611	3.723	
2	2.000	1.000	134.000	666.519	1322.606	1325.042	1326.569	nan	nan	8,	1326.894,	8.000	1329.573	44.670	122.320	81.750	223.870	1.465	1.527	2.045	
2	2.000	1.000	135.000	666.519	1331.648	1334.297	1335.945	nan	nan	8,	1336.229,	8.000	1338.949	44.670	149.620	81.750	183.020	1.677	1.648	3.640	
2	2.000	1.000	136.000	666.519	1342.620	1344.622	1345.266	nan	nan	8,	1346.388,	8.000	1348.268	54.640	183.020	66.830	223.870	1.031	0.645	3.350	
2	2.000	1.000	137.000	666.519	1351.650	1354.038	1355.381	nan	nan	8,	1355.710,	8.000	1358.383	44.670	149.620	54.640	223.870	1.416	1.344	3.994	
2	2.000	1.000	138.000	666.519	1362.408	1365.244	1366.375	nan	nan	8,	1366.775,	8.000	1369.377	44.670	183.020	54.640	223.870	1.865	1.132	3.505	
2	2.000	1.000	139.000	666.519	1372.913	1375.648	1376.649	nan	nan	8,8,	1376.694,1377.173,	8.000	1379.651	44.670	122.320	81.750	149.620	1.764	1.002	2.367	
2	2.000	1.000	140.000	666.519	1382.048	1384.123	1384.757	nan	nan	9,	1384.900,	9.000	1387.762	54.640	223.870	66.830	122.320	1.103	0.635	3.254	
2	2.000	1.000	141.000	666.519	1391.047	1393.647	1394.903	nan	nan	8,	1395.260,	8.000	1397.906	54.640	149.620	81.750	183.020	1.629	1.257	2.322	
2	2.000	1.000	142.000	666.519	1400.261	1402.381	1403.320	nan	nan	8,	1403.649,	8.000	1406.322	54.640	149.620	66.830	223.870	1.151	0.939	2.669	
2	2.000	1.000	143.000	666.519	1409.022	1411.009	1411.774	nan	nan	8,8,	1412.048,1412.398,	8.000	1414.775	44.670	223.870	66.830	122.320	1.016	0.765	2.032	
2	2.000	1.000	144.000	666.519	1416.839	1418.937	1419.711	nan	nan	8,	1420.976,	8.000	1422.713	44.670	122.320	54.640	183.020	1.127	0.775	3.434	
2	2.000	1.000	145.000	666.519	1426.181	1427.674	1428.241	nan	nan	8,	1428.887,	8.000	1431.243	44.670	122.320	66.830	183.020	0.524	0.568	3.833	
2	2.000	1.000	146.000	666.519	1435.108	1437.306	1438.297	nan	nan	8,	1438.941,	8.000	1441.299	54.640	149.620	81.750	122.320	1.228	0.992	2.347	
2	2.000	1.000	147.000	666.519	1443.678	1445.153	1446.386	nan	nan	8,	1446.747,	8.000	1449.388	54.640	122.320	81.750	223.870	0.505	1.233	2.495	
2	2.000	1.000	148.000	666.519	1451.915	1453.950	1455.009	nan	nan	8,	1455.439,	8.000	1458.010	54.640	149.620	66.830	183.020	1.064	1.059	2.469	
2	2.000	1.000	149.000	666.519	1460.513	1462.971	1463.654	nan	nan	8,	1463.954,	8.000	1466.659	44.670	149.620	66.830	223.870	1.489	0.683	2.521	
2	2.000	1.000	150.000	666.519	1469.213	1470.726	1472.330	nan	nan	8,	1472.886,	8.000	1475.332	44.670	223.870	66.830	223.870	0.543	1.605	3.576	
2	2.000	1.000	151.000	666.519	1478.942	1481.350	1482.380	nan	nan	9,	1482.785,	9.000	1485.382	81.750	223.870	44.670	183.020	1.441	1.031	2.785	
2	2.000	1.000	152.000	666.519	1488.200	1490.995	1492.725	nan	nan	9,	1493.141,	9.000	1495.729	81.750	223.870	54.640	122.320	1.826	1.730	3.473	
2	2.000	1.000	153.000	666.519	1499.234	1502.180	1504.073	nan	nan	9,	1504.465,	9.000	1507.078	66.830	223.870	44.670	149.620	1.976	1.894	2.232	
2	2.000	1.000	154.000	666.519	1509.343	1512.095	1512.628	nan	nan	9,	1513.657,	9.000	1515.629	66.830	149.620	54.640	122.320	1.783	0.534	3.177	
2	2.000	1.000	155.000	666.519	1518.840	1520.540	1521.725	nan	nan	9,	1522.086,	9.000	1524.726	54.640	223.870	44.670	183.020	0.732	1.185	3.852	
2	2.000	1.000	156.000	666.519	1528.612	1530.144	1531.092	nan	nan	9,	1531.800,	9.000	1534.093	81.750	149.620	44.670	183.020	0.563	0.949	2.945	
2	2.000	1.000	157.000	666.519	1537.072	1539.983	1540.690	nan	nan	9,	1541.289,	9.000	1543.692	81.750	149.620	54.640	122.320	1.942	0.707	2.778	
2	2.000	1.000	158.000	666.519	1546.503	1549.250	1550.329	nan	nan	9,	1550.902,	9.000	1553.330	81.750	122.320	66.830	183.020	1.778	1.079	2.399	
2	2.000	1.000	159.000	666.519	1555.762	1557.921	1559.843	nan	nan	9,	1560.564,	9.000	1562.845	54.640	183.020	44.670	122.320	1.190	1.923	3.061	
2	2.000	1.000	160.000	666.519	1565.942	1568.441	1569.186	nan	nan	9,	1570.626,	9.000	1572.187	66.830	149.620	44.670	122.320	1.532	0.746	3.441	
2	2.000	1.000	161.000	666.519	1575.662	1578.273	1578.860	nan	nan	9,	1579.259,	9.000	1581.865	54.640	223.870	44.670	149.620	1.643	0.587	2.695	
2	2.000	1.000	162.000	666.519	1584.593	1586.235	1587.164	nan	nan	9,	1587.546,	9.000	1590.165	66.830	223.870	54.640	122.320	0.674	0.929	3.376	
2	2.000	1.000	163.000	666.519	1593.578	1595.849	1597.728	nan	nan	9,	1598.137,	9.000	1600.733	81.750	223.870	66.830	183.020	1.305	1.879	2.720	
2	2.000	1.000	164.000	666.519	1603.488	1606.292	1607.491	nan	nan	9,	1607.894,	9.000	1610.493	81.750	149.620	54.640	183.020	1.836	1.199	2.836	
2	2.000	1.000	165.000	666.519	1613.363	1615.723	1616.898	nan	nan	9,	1617.282,	9.000	1619.900	81.750	149.620	44.670	223.870	1.392	1.175	2.701	
2	2.000	1.000	166.000	666.519	1622.636	1625.227	1625.857	nan	nan	9,	1626.322,	9.000	1628.858	81.750	183.020	54.640	122.320	1.624	0.630	3.543	
2	2.000	1.000	167.000	666.519	1632.438	1634.681	1635.687	nan	nan	9,	1636.887,	9.000	1638.689	81.750	183.020	66.830	149.620	1.277	1.006	2.971	
2	2.000	1.000	168.000	666.519	1641.697	1643.201	1644.289	nan	nan	9,9,	1644.610,1645.034,	9.000	1647.290	66.830	223.870	44.670	122.320	0.539	1.088	3.158	
2	2.000	1.000	169.000	666.519	1650.483	1652.813	1653.351	nan	nan	9,	1653.828,	9.000	1656.356	81.750	223.870	54.640	149.620	1.363	0.539	3.794	
2	2.000	1.000	170.000	666.519	1660.186	1661.797	1663.710	nan	nan	9,	1664.198,	9.000	1666.714	66.830	223.870	54.640	183.020	0.645	1.913	2.186	
2	2.000	1.000	171.000	666.519	1668.936	1671.001	1671.524	nan	nan	9,	1671.927,	9.000	1674.526	81.750	223.870	54.640	183.020	1.098	0.524	3.395	
2	2.000	1.000	172.000	666.519	1677.958	1680.225	1681.438	nan	nan	9,	1681.849,	9.000	1684.442	66.830	183.020	54.640	122.320	1.301	1.214	3.653	
2	2.000	1.000	173.000	666.519	1688.131	1690.890	1691.886	nan	nan	9,	1692.314,	9.000	1694.888	66.830	183.020	44.670	122.320	1.793	0.997	3.248	
2	2.000	1.000	174.000	666.519	1698.172	1699.908	1700.701	nan	nan	9,	1701.219,	9.000	1703.703	81.750	149.620	66.830	122.320	0.770	0.794	2.141	
2	2.000	1.000	175.000	666.519	1705.881	1707.959	1708.613	nan	nan	8,	1710.138,	8.000	1711.615	44.670	54.640	66.830	54.640	1.113	0.654	2.746	
2	2.000	1.000	176.000	666.519	1714.397	1717.296	1718.417	nan	nan	9,9,	1718.775,1719.260,	9.000	1721.419	54.640	223.870	44.670	122.320	1.932	1.122	2.289	
2	2.000	1.000	177.000	666.519	1723.745	1725.630	1727.442	nan	nan	9,	1727.839,	9.000	1730.443	54.640	149.620	44.670	122.320	0.920	1.812	3.273	
2	2.000	1.000	178.000	666.519	1733.756	1736.217	1738.164	nan	nan	9,	1738.647,	9.000	1741.166	81.750	149.620	44.670	122.320	1.498	1.947	3.968	
2	2.000	1.000	179.000	666.519	1745.171	1747.147	1748.901	nan	nan	9,	1749.247,	9.000	1751.905	66.830	183.020	54.640	149.620	1.011	1.754	2.855	
2	2.000	1.000	180.000	666.519	1754.797	1757.469	1759.242	nan	nan	9,	1759.651,	9.000	1762.245	66.830	223.870	44.670	183.020	1.706	1.773	2.752	
2	2.000	1.000	181.000	666.519	1765.034	1767.310	1768.191	nan	nan	9,	1768.612,	9.000	1771.192	81.750	183.020	44.670	122.320	1.310	0.881	2.026	
2	2.000	1.000	182.000	666.519	1773.255	1775.261	1776.440	nan	nan	9,	1777.110,	9.000	1779.442	81.750	223.870	66.830	149.620	1.040	1.180	3.762	
2	2.000	1.000	183.000	666.519	1783.243	1785.859	1787.642	nan	nan	9,	1788.106,	9.000	1790.645	66.830	183.020	44.670	149.620	1.653	1.783	2.508	
2	2.000	1.000	184.000	666.519	1793.190	1795.711	1796.766	nan	nan	9,	1797.171,	9.000	1799.767	54.640	183.020	44.670	149.620	1.556	1.055	2.450	
2	2.000	1.000	185.000	666.519	1802.255	1804.120	1805.772	nan	nan	9,	1806.232,	9.000	1808.774	81.750	223.870	44.670	122.320	0.900	1.653	3.113	
2	2.000	1.000	186.000	666.519	1811.924	1813.606	1814.274	nan	nan	9,	1814.700,	9.000	1817.276	81.750	223.870	66.830	122.320	0.717	0.669	3.826	
2	2.000	1.000	187.000	666.519	1821.141	1823.318	1824.479	nan	nan	9,	1824.916,	9.000	1827.481	66.830	223.870	54.640	149.620	1.214	1.161	3.807	
2	2.000	1.000	188.000	666.519	1831.326	1833.856	1835.822	nan	nan	9,	1836.226,	9.000	1838.823	54.640	122.320	44.670	149.620	1.566	1.966	2.707	
2	2.000	1.000	189.000	666.519	1841.569	1843.371	1845.332	nan	nan	9,	1846.091,	9.000	1848.334	54.640	122.320	44.670	183.020	0.838	1.961	2.129	
2	2.000	1.000	190.000	666.519	1850.501	1853.392	1854.746	nan	nan	8,	1855.353,	8.000	1857.747	81.750	183.020	54.640	223.870	1.928	1.354	2.977	
2	2.000	1.000	191.000	666.519	1860.763	1862.883	1864.733	nan	nan	9,	1865.075,	9.000	1867.735	54.640	149.620	44.670	183.020	1.156	1.850	2.219	
2	2.000	1.000	192.000	666.519	1869.992	1871.789	1873.615	nan	nan	8,	1874.048,	8.000	1876.619	54.640	122.320	66.830	183.020	0.833	1.826	3.492	
2	2.000	1.000	193.000	666.519	1880.152	1882.622	1883.194	nan	nan	8,	1883.797,	8.000	1886.195	66.830	149.620	54.640	223.870	1.508	0.572	2.605	
2	2.000	1.000	194.000	666.519	1888.839	1891.247	1891.776	nan	nan	9,	1892.218,	9.000	1894.778	81.750	122.320	66.830	149.620	1.445	0.529	2.598	
2	2.000	1.000	195.000	666.519	1897.415	1900.301	1901.148	nan	nan	9,	1901.602,	9.000	1904.149	54.640	183.020	44.670	223.870	1.923	0.847	3.106	
2	2.000	1.000	196.000	666.519	1907.295	1909.640	1910.834	nan	nan	8,	1911.243,	8.000	1913.836	81.750	183.020	66.830	223.870	1.383	1.195	3.145	
2	2.000	1.000	197.000	666.519	1917.020	1919.226	1919.913	nan	nan	9,9,	1920.441,1921.783,	9.000	1922.915	81.750	122.320	44.670	149.620	1.243	0.688	3.691	
2	2.000	1.000	198.000	666.519	1926.647	1928.476	1929.192	nan	nan	8,	1929.591,	8.000	1932.194	81.750	149.620	54.640	223.870	0.867	0.717	2.328	
2	2.000	1.000	199.000	666.519	1934.561	1936.559	1938.269	nan	nan	8,	1938.655,	8.000	1941.274	44.670	223.870	81.750	149.620	1.035	1.711	3.029	
2	2.000	1.000	200.000	666.519	1944.343	1946.645	1948.070	nan	nan	9,	1948.332,	9.000	1951.074	122.320	54.640	149.620	54.640	1.339	1.426	3.196	
2	2.000	1.000	201.000	666.519	1954.311	1956.607	1957.883	nan	nan	8,	1958.445,	8.000	1960.885	44.670	183.020	81.750	149.620	1.334	1.277	2.920	
2	2.000	1.000	202.000	666.519	1963.845	1966.648	1967.765	nan	nan	9,	1968.130,	9.000	1970.766	66.830	122.320	44.670	183.020	1.841	1.117	3.878	
2	2.000	1.000	203.000	666.519	1974.685	1977.594	1978.783	nan	nan	8,	1979.180,	8.000	1981.784	81.750	122.320	54.640	223.870	1.947	1.190	3.363	
2	2.000	1.000	204.000	666.519	1985.189	1987.711	1988.804	nan	nan	9,	1989.545,	9.000	1991.806	81.750	149.620	66.830	183.020	1.561	1.093	3.421	
2	2.000	1.000	205.000	666.519	1995.268	1997.414	1999.245	nan	nan	9,	1999.598,	9.000	2002.249	66.830	149.620	54.640	183.020	1.185	1.831	2.566	
2	2.000	1.000	206.000	666.519	2004.857	2006.704	2007.247	nan	nan	8,	2008.019,	8.000	2010.249	66.830	183.020	54.640	223.870	0.886	0.543	3.183	
2	2.000	1.000	207.000	666.519	2013.473	2015.412	2017.021	nan	nan	8,	2017.356,	8.000	2020.022	54.640	183.020	81.750	149.620	0.977	1.609	3.698	
2	2.000	1.000	208.000	666.519	2023.762	2026.043	2026.779	nan	nan	8,	2027.206,	8.000	2029.783	81.750	122.320	66.830	223.870	1.320	0.736	2.206	
2	2.000	1.000	209.000	666.519	2032.030	2034.528	2036.315	nan	nan	9,	2038.000,	9.000	2039.317	81.750	122.320	44.670	183.020	1.537	1.788	2.939	
2	2.000	1.000	210.000	666.519	2042.297	2043.864	2045.381	nan	nan	9,	2045.765,	9.000	2048.385	54.640	122.320	44.670	223.870	0.606	1.518	3.209	
2	2.000	1.000	211.000	666.519	2051.636	2053.945	2055.410	nan	nan	9,	2056.284,	9.000	2058.411	66.830	149.620	44.670	223.870	1.349	1.465	3.518	
2	2.000	1.000	212.000	666.519	2061.972	2064.010	2064.770	nan	nan	8,	2065.128,	8.000	2067.774	44.670	122.320	66.830	223.870	1.079	0.760	2.675	
2	2.000	1.000	213.000	666.519	2070.492	2072.444	2073.348	nan	nan	9,	2073.882,	9.000	2076.350	81.750	183.020	44.670	223.870	0.992	0.905	2.058	
2	2.000	1.000	214.000	666.519	2078.450	2080.074	2081.374	nan	nan	9,	2081.772,	9.000	2084.378	81.750	122.320	54.640	183.020	0.664	1.301	3.119	
2	2.000	1.000	215.000	666.519	2087.540	2089.275	2090.845	nan	nan	8,	2091.155,	8.000	2093.847	81.750	149.620	66.830	223.870	0.775	1.571	2.013	
2	2.000	1.000	216.000	666.519	2095.902	2098.134	2099.260	nan	nan	9,	2099.679,	9.000	2102.265	66.830	149.620	44.670	183.020	1.272	1.127	3.627	
2	2.000	1.000	217.000	666.519	2105.935	2107.920	2109.143	nan	nan	8,	2109.605,	8.000	2112.147	54.640	122.320	66.830	223.870	1.026	1.223	2.309	
2	2.000	1.000	218.000	666.519	2114.499	2116.933	2118.238	nan	nan	9,	2118.640,	9.000	2121.239	66.830	122.320	44.670	149.620	1.474	1.305	2.167	
2	2.000	1.000	219.000	666.519	2123.449	2125.584	2126.792	nan	nan	9,	2127.177,	9.000	2129.794	66.830	183.020	44.670	223.870	1.175	1.209	2.463	
2	2.000	1.000	220.000	666.519	2132.300	2134.927	2136.690	nan	nan	9,	2137.032,	9.000	2139.694	66.830	122.320	54.640	149.620	1.667	1.764	2.817	
2	2.000	1.000	221.000	666.519	2142.555	2144.940	2146.269	nan	nan	8,	2146.676,	8.000	2149.270	54.640	122.320	81.750	149.620	1.426	1.330	3.672	
2	2.000	1.000	222.000	666.519	2152.986	2154.748	2155.615	nan	nan	9,	2156.339,	9.000	2158.616	81.750	122.320	44.670	223.870	0.804	0.867	3.042	
2	2.000	1.000	223.000	666.519	2161.703	2163.281	2164.181	nan	nan	9,	2165.948,	9.000	2167.182	54.640	149.620	44.670	223.870	0.621	0.900	3.839	
2	2.000	1.000	224.000	666.519	2171.065	2173.614	2174.456	nan	nan	8,	2174.926,	8.000	2177.458	66.830	183.020	81.750	122.320	1.590	0.842	3.865	
2	2.000	1.000	225.000	666.519	2181.368	2183.235	2185.172	nan	nan	8,8,	2185.555,2185.965,	8.000	2188.174	122.320	223.870	149.620	223.870	0.910	1.937	2.534	
2	2.000	1.000	226.000	666.519	2190.752	2193.479	2194.084	nan	nan	8,	2195.378,	8.000	2197.086	44.670	183.020	66.830	149.620	1.768	0.606	3.929	
2	2.000	1.000	227.000	666.519	2201.059	2203.825	2205.405	nan	nan	8,	2205.726,	8.000	2208.408	44.670	223.870	54.640	122.320	1.807	1.580	3.711	
2	2.000	1.000	228.000	666.519	2212.163	2214.369	2216.166	nan	nan	8,	2216.581,	8.000	2219.170	44.670	223.870	54.640	183.020	1.248	1.797	2.341	
2	2.000	1.000	229.000	666.519	2221.556	2224.234	2225.770	nan	nan	8,	2226.072,	8.000	2228.772	44.670	149.620	54.640	122.320	1.720	1.537	2.000	
2	2.000	1.000	230.000	666.519	2230.816	2232.516	2233.830	nan	nan	8,8,	2234.804,2235.347,	8.000	2236.832	44.670	183.020	54.640	122.320	0.741	1.315	3.768	
2	2.000	1.000	231.000	666.519	2240.645	2242.691	2244.285	nan	nan	9,	2244.605,	9.000	2247.288	66.830	223.870	81.750	183.020	1.088	1.595	3.781	
2	2.000	1.000	232.000	666.519	2251.115	2252.929	2254.856	nan	nan	8,	2255.694,	8.000	2257.858	44.670	183.020	81.750	122.320	0.857	1.928	2.251	
2	2.000	1.000	233.000	666.519	2260.154	2262.335	2263.538	nan	nan	8,	2263.844,	8.000	2266.541	66.830	122.320	54.640	223.870	1.223	1.204	2.418	
2	2.000	1.000	234.000	666.519	2269.004	2271.749	2273.464	nan	nan	8,	2273.952,	8.000	2276.466	66.830	183.020	81.750	149.620	1.788	1.715	3.961	
2	2.000	1.000	235.000	666.519	2280.473	2283.314	2284.300	nan	nan	8,	2284.747,	8.000	2287.306	44.670	183.020	66.830	122.320	1.884	0.987	2.334	
2	2.000	1.000	236.000	666.519	2289.685	2291.451	2292.201	nan	nan	9,	2292.668,	9.000	2295.203	66.830	223.870	81.750	149.620	0.809	0.751	2.868	
2	2.000	1.000	237.000	666.519	2298.117	2300.534	2302.065	nan	nan	9,	2302.557,	9.000	2305.067	81.750	223.870	44.670	149.620	1.460	1.532	2.244	
2	2.000	1.000	238.000	666.519	2307.357	2310.251	2311.324	nan	nan	8,	2311.694,	8.000	2314.326	54.640	183.020	66.830	149.620	1.937	1.074	2.932	
2	2.000	1.000	239.000	666.519	2317.305	2319.176	2320.279	nan	nan	8,	2321.115,	8.000	2323.280	44.670	223.870	54.640	149.620	0.915	1.103	2.476	
2	2.000	1.000	240.000	666.519	2325.802	2327.480	2329.070	nan	nan	9,	2329.447,	9.000	2332.075	54.640	223.870	66.830	183.020	0.722	1.590	3.486	
2	2.000	1.000	241.000	666.519	2335.606	2337.974	2338.686	nan	nan	9,	2339.542,	9.000	2341.688	81.750	183.020	54.640	149.620	1.412	0.712	3.164	
2	2.000	1.000	242.000	666.519	2344.898	2347.348	2349.087	nan	nan	8,	2349.535,	8.000	2352.091	54.640	183.020	81.750	122.320	1.494	1.740	3.048	
2	2.000	1.000	243.000	666.519	2355.186	2356.801	2357.909	nan	nan	8,	2358.550,	8.000	2360.910	44.670	223.870	81.750	183.020	0.659	1.108	2.071	
2	2.000	1.000	244.000	666.519	2363.027	2364.864	2365.836	nan	nan	9,	2366.320,	9.000	2368.838	54.640	223.870	81.750	122.320	0.881	0.973	3.756	
2	2.000	1.000	245.000	666.519	2372.641	2375.287	2376.298	nan	nan	9,	2376.741,	9.000	2379.300	66.830	122.320	44.670	223.870	1.691	1.011	2.109	
2	2.000	1.000	246.000	666.519	2381.456	2383.813	2385.789	nan	nan	8,	2386.143,	8.000	2388.791	44.670	183.020	54.640	149.620	1.402	1.976	3.215	
2	2.000	1.000	247.000	666.519	2392.053	2394.579	2396.072	nan	nan	9,	2396.422,	9.000	2399.077	66.830	122.320	54.640	183.020	1.571	1.494	2.527	
2	2.000	1.000	248.000	666.519	2401.651	2403.290	2404.744	nan	nan	8,	2405.157,	8.000	2407.749	44.670	149.620	81.750	122.320	0.683	1.455	3.479	
2	2.000	1.000	249.000	666.519	2411.275	2412.730	2414.681	nan	nan	9,	2415.106,	9.000	2417.684	54.640	223.870	81.750	183.020	0.500	1.952	3.357	
2	2.000	1.000	250.000	666.519	2421.088	2423.773	2425.276	nan	nan	8,	2425.751,	8.000	2428.279	44.670	122.320	54.640	122.320	1.730	1.503	3.415	
2	2.000	1.000	251.000	666.519	2431.741	2433.717	2435.027	nan	nan	8,	2435.619,	8.000	2438.028	44.670	223.870	66.830	183.020	1.021	1.310	3.190	
2	2.000	1.000	252.000	666.519	2441.266	2444.139	2445.029	nan	nan	8,	2445.656,	8.000	2448.031	66.830	149.620	81.750	122.320	1.918	0.891	2.765	
2	2.000	1.000	253.000	666.519	2450.844	2452.347	2452.865	nan	nan	8,	2453.660,	8.000	2455.867	44.670	149.620	66.830	122.320	0.548	0.519	3.389	
2	2.000	1.000	254.000	666.519	2459.305	2461.863	2462.459	nan	nan	9,	2462.985,	9.000	2465.461	54.640	223.870	81.750	149.620	1.605	0.596	3.305	
2	2.000	1.000	255.000	666.519	2468.814	2471.238	2472.109	nan	nan	9,9,	2472.247,2472.583,	9.000	2475.111	81.750	183.020	44.670	149.620	1.469	0.871	2.862	
2	2.000	1.000	256.000	666.519	2478.021	2480.613	2482.237	nan	nan	9,	2482.615,	9.000	2485.241	54.640	223.870	66.830	149.620	1.638	1.624	2.064	
2	2.000	1.000	257.000	666.519	2487.353	2489.063	2490.841	nan	nan	9,	2491.515,	9.000	2493.843	81.750	122.320	54.640	149.620	0.756	1.778	3.614	
2	2.000	1.000	258.000	666.519	2497.505	2499.740	2501.103	nan	nan	9,	2501.445,	9.000	2504.108	66.830	223.870	81.750	122.320	1.281	1.363	3.511	
2	2.000	1.000	259.000	666.519	2507.668	2509.874	2511.666	nan	nan	8,	2512.078,	8.000	2514.667	44.670	223.870	81.750	122.320	1.252	1.793	3.846	
2	2.000	1.000	260.000	666.519	2518.563	2520.300	2520.920	nan	nan	8,	2522.087,	8.000	2523.922	54.640	149.620	66.830	122.320	0.785	0.621	3.293	
2	2.000	1.000	261.000	666.519	2527.263	2530.207	2532.163	nan	nan	8,	2532.827,	8.000	2535.165	44.670	223.870	66.830	149.620	1.990	1.957	2.039	
2	2.000	1.000	262.000	666.519	2537.253	2539.155	2540.898	nan	nan	9,	2541.334,	9.000	2543.900	81.750	183.020	66.830	122.320	0.949	1.744	2.952	
2	2.000	1.000	263.000	666.519	2546.901	2549.652	2551.521	nan	nan	8,	2551.854,	8.000	2554.526	44.670	122.320	54.640	183.020	1.797	1.870	2.161	
2	2.000	1.000	264.000	666.519	2556.735	2558.425	2560.121	nan	nan	8,	2560.481,	8.000	2563.123	44.670	183.020	66.830	223.870	0.736	1.696	3.447	
2	2.000	1.000	265.000	666.519	2566.620	2568.371	2570.091	nan	nan	8,	2570.469,	8.000	2573.095	44.670	122.320	81.750	183.020	0.799	1.720	2.412	
2	2.000	1.000	266.000	666.519	2575.557	2577.106	2578.068	nan	nan	8,	2578.502,	8.000	2581.073	44.670	122.320	54.640	223.870	0.596	0.963	2.225	
2	2.000	1.000	267.000	666.519	2583.348	2585.973	2586.487	nan	nan	8,	2587.338,	8.000	2589.488	44.670	149.620	54.640	223.870	1.672	0.514	3.717	
2	2.000	1.000	268.000	666.519	2593.255	2596.208	2596.963	nan	nan	8,	2597.227,	8.000	2599.968	54.640	122.320	81.750	223.870	2.000	0.756	2.887	
2	2.000	1.000	269.000	666.519	2602.905	2604.468	2605.031	nan	nan	8,	2605.512,	8.000	2608.032	66.830	149.620	81.750	223.870	0.611	0.563	2.643	
2	2.000	1.000	270.000	666.519	2610.727	2612.308	2613.768	nan	nan	8,	2614.713,	8.000	2616.769	44.670	149.620	66.830	183.020	0.630	1.460	2.277	
2	2.000	1.000	271.000	666.519	2619.096	2621.551	2622.649	nan	nan	8,	2622.882,	8.000	2625.652	44.670	149.620	66.830	223.870	1.503	1.098	3.260	
2	2.000	1.000	272.000	666.519	2628.965	2630.482	2631.724	nan	nan	8,	2632.128,	8.000	2634.728	44.670	122.320	66.830	149.620	0.568	1.243	3.087	
2	2.000	1.000	273.000	666.519	2637.866	2640.620	2641.669	nan	nan	8,	2642.027,	8.000	2644.671	44.670	183.020	54.640	223.870	1.802	1.050	3.132	
2	2.000	1.000	274.000	666.519	2647.856	2649.512	2650.137	nan	nan	8,	2650.505,	8.000	2653.139	44.670	122.320	81.750	149.620	0.707	0.625	2.881	
2	2.000	1.000	275.000	666.519	2656.071	2658.337	2659.107	nan	nan	8,	2660.079,	8.000	2662.109	44.670	66.830	54.640	66.830	1.315	0.770	3.498	
2	2.000	1.000	276.000	666.519	2665.658	2667.355	2668.028	nan	nan	8,	2668.463,	8.000	2671.030	44.670	183.020	81.750	223.870	0.746	0.674	2.772	
2	2.000	1.000	277.000	666.519	2673.853	2675.854	2676.633	nan	nan	8,	2677.085,	8.000	2679.636	54.640	149.620	81.750	183.020	1.050	0.780	2.116	
2	2.000	1.000	278.000	666.519	2681.803	2683.688	2685.065	nan	nan	8,	2685.647,	8.000	2688.067	54.640	149.620	66.830	183.020	0.934	1.378	2.842	
2	2.000	1.000	279.000	666.519	2690.962	2693.030	2694.171	nan	nan	nan	nan	nan	nan	66.830	122.320	81.750	223.870	1.117	1.141	3.055	
2	2.000	1.000	280.000	666.519	2700.290	2702.594	2704.565	nan	nan	8,8,	2704.859,2705.213,	8.000	2707.566	54.640	122.320	81.750	183.020	1.354	1.971	3.010	
2	2.000	1.000	281.000	666.519	2710.628	2713.241	2714.874	nan	nan	8,8,	2715.224,2715.576,	8.000	2717.875	54.640	149.620	81.750	223.870	1.662	1.633	2.611	
2	2.000	1.000	282.000	666.519	2720.539	2722.558	2724.423	nan	nan	8,8,	2724.715,2724.955,	8.000	2727.424	66.830	149.620	81.750	183.020	1.069	1.865	3.685	
2	2.000	1.000	283.000	666.519	2731.162	2732.713	2733.979	nan	nan	8,8,	2734.285,2734.532,	8.000	2736.981	44.670	122.320	66.830	183.020	0.601	1.267	3.338	
2	2.000	1.000	284.000	666.519	2740.371	2743.181	2744.588	nan	nan	8,	2744.710,	8.000	2747.592	54.640	149.620	66.830	223.870	1.860	1.407	3.280	
2	2.000	1.000	285.000	666.519	2750.925	2752.510	2754.171	nan	nan	8,8,	2754.390,2754.657,	8.000	2757.173	66.830	122.320	81.750	149.620	0.635	1.662	3.068	
2	2.000	1.000	286.000	666.519	2760.293	2762.288	2763.901	nan	nan	9,9,	2764.098,2764.339,	9.000	2766.903	54.640	223.870	66.830	122.320	1.045	1.614	3.170	
2	2.000	1.000	287.000	666.519	2770.126	2771.947	2772.745	nan	nan	8,8,	2772.966,2773.195,	8.000	2775.747	54.640	183.020	66.830	223.870	0.871	0.799	2.180	
2	2.000	1.000	288.000	666.519	2777.980	2780.616	2781.405	nan	nan	8,8,	2781.519,2781.699,	8.000	2784.406	54.640	149.620	81.750	122.320	1.686	0.789	2.103	
2	2.000	1.000	289.000	666.519	2786.563	2788.769	2790.209	nan	nan	8,	2790.602,	8.000	2793.213	44.670	149.620	54.640	183.020	1.257	1.441	3.736	
2	2.000	1.000	290.000	666.519	2797.003	2799.566	2801.079	nan	nan	8,8,	2801.237,2801.523,	8.000	2804.080	44.670	149.620	81.750	223.870	1.614	1.513	2.804	
2	2.000	1.000	291.000	666.519	2806.938	2809.698	2811.539	nan	nan	8,8,	2811.730,2811.954,	8.000	2814.541	66.830	183.020	81.750	223.870	1.812	1.841	3.923	
2	2.000	1.000	292.000	666.519	2818.518	2821.099	2822.959	nan	nan	8,	2823.681,	8.000	2825.961	54.640	183.020	66.830	122.320	1.633	1.860	2.662	
2	2.000	1.000	293.000	666.519	2828.677	2830.999	2832.916	nan	nan	8,8,8,8,8,	2833.333,2833.550,2834.047,2834.380,2834.712,	8.000	2835.918	44.670	122.320	54.640	149.620	1.373	1.918	3.460	
2	2.000	1.000	294.000	666.519	2839.433	2841.560	2842.807	nan	nan	8,8,8,8,8,	2843.281,2843.542,2843.811,2844.062,2844.670,	8.000	2845.809	66.830	122.320	81.750	183.020	1.180	1.248	2.830	
2	2.000	1.000	295.000	666.519	2848.694	2850.483	2852.478	nan	nan	8,	2852.866,	8.000	2855.482	44.670	223.870	66.830	122.320	0.842	1.995	3.942	
2	2.000	1.000	296.000	666.519	2859.480	2860.961	2862.960	nan	nan	8,8,8,	2863.237,2863.562,2864.574,	8.000	2865.962	54.640	122.320	66.830	149.620	0.534	2.000	3.730	
2	2.000	1.000	297.000	666.519	2869.747	2872.661	2873.995	nan	nan	8,	2874.404,	8.000	2876.999	44.670	122.320	81.750	223.870	1.966	1.334	2.894	
2	2.000	1.000	298.000	666.519	2879.948	2882.645	2884.119	nan	nan	8,	2884.465,	8.000	2887.120	54.640	183.020	81.750	223.870	1.749	1.474	2.540	
2	2.000	1.000	299.000	666.519	2889.715	2892.282	2893.823	nan	nan	8,	2894.568,	8.000	2896.824	44.670	149.620	81.750	183.020	1.619	1.542	2.437	
