subjID	session	Block	trialCount	earnings	Gam1Onset	Gam2Onset	FBOnset	KPlate	RTlate	KPs	RT	KP_Final	SLOnset	Gam1_1	Gam1_2	Gam2_1	Gam2_2	jit1	jit2	jit3	
3	2.000	1.000	1.000	198.992	52.734	54.959	55.978	nan	nan	9,	57.930,	9.000	58.994	183.020	81.750	223.870	81.750	1.228	1.021	3.042	
3	2.000	1.000	2.000	198.992	62.048	63.698	65.123	nan	nan	9,9,	65.353,65.953,	9.000	68.135	66.830	223.870	44.670	122.320	0.659	1.426	2.476	
3	2.000	1.000	3.000	198.992	70.621	72.701	74.344	nan	nan	9,	74.721,	9.000	77.355	81.750	223.870	44.670	122.320	1.088	1.643	3.132	
3	2.000	1.000	4.000	198.992	80.497	82.775	83.400	nan	nan	8,8,	84.176,84.692,	8.000	86.411	81.750	223.870	44.670	183.020	1.286	0.625	2.945	
3	2.000	1.000	5.000	198.992	89.367	91.553	92.511	nan	nan	9,9,	92.582,93.190,	9.000	95.521	66.830	223.870	44.670	149.620	1.195	0.958	2.084	
3	2.000	1.000	6.000	198.992	97.616	99.310	100.808	nan	nan	8,9,	101.051,102.290,	9.000	103.818	81.750	223.870	54.640	122.320	0.703	1.498	2.997	
3	2.000	1.000	7.000	198.992	106.827	108.323	109.507	nan	nan	9,	110.213,	9.000	112.518	81.750	149.620	44.670	223.870	0.505	1.185	3.563	
3	2.000	1.000	8.000	198.992	116.093	117.901	119.747	nan	nan	8,	119.980,	8.000	122.760	81.750	122.320	66.830	183.020	0.818	1.846	3.691	
3	2.000	1.000	9.000	198.992	126.464	128.470	129.601	nan	nan	9,	130.035,	9.000	132.612	54.640	223.870	44.670	122.320	1.016	1.132	3.190	
3	2.000	1.000	10.000	198.992	135.814	138.240	138.899	nan	nan	9,	139.282,	9.000	141.909	66.830	223.870	54.640	122.320	1.436	0.659	2.360	
3	2.000	1.000	11.000	198.992	144.282	146.428	147.342	nan	nan	9,	147.861,	9.000	150.353	54.640	149.620	44.670	122.320	1.156	0.915	2.109	
3	2.000	1.000	12.000	198.992	152.474	155.107	156.026	nan	nan	9,	156.693,	9.000	159.037	66.830	149.620	54.640	122.320	1.643	0.920	2.039	
3	2.000	1.000	13.000	198.992	161.088	163.451	165.152	nan	nan	9,	165.462,	9.000	168.163	66.830	183.020	54.640	122.320	1.373	1.701	2.810	
3	2.000	1.000	14.000	198.992	170.986	173.541	174.046	nan	nan	9,	174.319,	9.000	177.056	183.020	122.320	223.870	122.320	1.566	0.505	2.675	
3	2.000	1.000	15.000	198.992	179.745	181.581	182.944	nan	nan	9,	183.292,	9.000	185.958	81.750	183.020	44.670	122.320	0.847	1.363	3.550	
3	2.000	1.000	16.000	198.992	189.521	192.230	193.772	nan	nan	8,	193.784,	8.000	196.785	66.830	223.870	54.640	183.020	1.720	1.542	3.100	
3	2.000	1.000	17.000	198.992	199.898	201.503	203.290	nan	nan	9,	203.476,	9.000	206.304	66.830	183.020	54.640	149.620	0.616	1.788	2.778	
3	2.000	1.000	18.000	198.992	209.095	211.375	212.690	nan	nan	9,	213.003,	9.000	215.703	81.750	223.870	54.640	149.620	1.291	1.315	3.170	
3	2.000	1.000	19.000	198.992	218.888	221.476	222.824	nan	nan	9,	222.976,	9.000	225.838	66.830	223.870	44.670	183.020	1.600	1.349	3.640	
3	2.000	1.000	20.000	198.992	229.491	232.292	232.893	nan	nan	9,	233.257,	9.000	235.905	54.640	223.870	44.670	149.620	1.812	0.601	3.846	
3	2.000	1.000	21.000	198.992	239.766	242.291	244.242	nan	nan	9,	244.592,	9.000	247.255	66.830	149.620	44.670	122.320	1.537	1.952	3.473	
3	2.000	1.000	22.000	198.992	250.742	252.829	254.814	nan	nan	9,	254.835,	9.000	257.825	54.640	183.020	44.670	122.320	1.098	1.986	3.588	
3	2.000	1.000	23.000	198.992	261.428	264.025	265.301	nan	nan	9,9,	265.495,265.857,	9.000	268.312	81.750	149.620	54.640	122.320	1.609	1.277	3.859	
3	2.000	1.000	24.000	198.992	272.185	274.714	275.383	nan	nan	9,	275.721,	9.000	278.396	81.750	223.870	54.640	183.020	1.542	0.669	2.457	
3	2.000	1.000	25.000	198.992	280.867	282.528	284.321	nan	nan	9,	284.610,	9.000	287.334	54.640	183.020	44.670	149.620	0.674	1.793	3.820	
3	2.000	1.000	26.000	198.992	291.168	293.341	295.234	nan	nan	9,	295.628,	9.000	298.247	81.750	183.020	66.830	149.620	1.185	1.894	2.032	
3	2.000	1.000	27.000	198.992	300.294	303.219	305.078	nan	nan	8,	305.207,	8.000	308.092	66.830	122.320	81.750	122.320	1.937	1.860	3.138	
3	2.000	1.000	28.000	198.992	311.246	313.379	314.462	nan	nan	9,	314.814,	9.000	317.473	54.640	223.870	44.670	183.020	1.146	1.084	3.466	
3	2.000	1.000	29.000	198.992	320.956	323.841	324.586	nan	nan	9,	324.946,	9.000	327.599	66.830	223.870	54.640	149.620	1.899	0.746	2.907	
3	2.000	1.000	30.000	198.992	330.523	332.091	332.706	nan	nan	9,8,	332.956,333.825,	8.000	335.716	81.750	149.620	54.640	183.020	0.582	0.616	2.566	
3	2.000	1.000	31.000	198.992	338.298	340.021	341.316	nan	nan	9,	341.433,	9.000	344.329	81.750	223.870	66.830	149.620	0.736	1.296	3.736	
3	2.000	1.000	32.000	198.992	348.082	349.679	351.476	nan	nan	9,	351.693,	9.000	354.490	81.750	223.870	66.830	122.320	0.611	1.797	2.952	
3	2.000	1.000	33.000	198.992	357.457	359.662	361.517	nan	nan	9,	362.274,	9.000	364.528	66.830	183.020	44.670	122.320	1.219	1.855	2.013	
3	2.000	1.000	34.000	198.992	366.558	368.897	370.236	nan	nan	9,	370.544,	9.000	373.249	81.750	149.620	66.830	122.320	1.354	1.339	3.074	
3	2.000	1.000	35.000	198.992	376.340	379.099	380.259	nan	nan	9,	380.605,	9.000	383.270	81.750	149.620	44.670	122.320	1.773	1.161	3.331	
3	2.000	1.000	36.000	198.992	386.618	388.847	390.499	nan	nan	9,	390.896,	9.000	393.510	81.750	183.020	54.640	122.320	1.243	1.653	3.826	
3	2.000	1.000	37.000	198.992	397.353	399.148	400.631	nan	nan	9,	400.816,	9.000	403.644	66.830	183.020	44.670	149.620	0.809	1.484	2.585	
3	2.000	1.000	38.000	198.992	406.246	408.325	409.895	nan	nan	8,	410.178,	8.000	412.909	81.750	223.870	66.830	183.020	1.093	1.571	2.283	
3	2.000	1.000	39.000	198.992	415.209	417.939	419.842	nan	nan	9,	420.143,	9.000	422.856	81.750	149.620	44.670	183.020	1.744	1.904	3.852	
3	2.000	1.000	40.000	198.992	426.725	428.495	430.007	nan	nan	8,	430.514,	8.000	433.018	66.830	54.640	81.750	54.640	0.785	1.513	3.492	
3	2.000	1.000	41.000	198.992	436.528	438.148	439.269	nan	nan	9,	439.413,	9.000	442.282	81.750	122.320	44.670	149.620	0.635	1.122	3.305	
3	2.000	1.000	42.000	198.992	445.609	447.968	449.476	nan	nan	9,	449.934,	9.000	452.489	81.750	122.320	66.830	149.620	1.378	1.508	2.489	
3	2.000	1.000	43.000	198.992	454.995	456.620	457.447	nan	nan	9,	457.541,	9.000	460.460	66.830	149.620	44.670	183.020	0.640	0.828	2.701	
3	2.000	1.000	44.000	198.992	463.178	465.927	467.116	nan	nan	9,	467.259,	9.000	470.129	66.830	149.620	44.670	223.870	1.764	1.190	3.222	
3	2.000	1.000	45.000	198.992	473.369	476.334	478.203	nan	nan	9,	478.319,	9.000	481.214	81.750	122.320	54.640	223.870	1.981	1.870	2.926	
3	2.000	1.000	46.000	198.992	484.158	485.821	486.793	nan	nan	9,	487.100,	9.000	489.805	81.750	122.320	54.640	183.020	0.678	0.973	3.260	
3	2.000	1.000	47.000	198.992	493.085	495.243	496.914	nan	nan	9,	497.240,	9.000	499.928	81.750	149.620	54.640	223.870	1.175	1.672	3.743	
3	2.000	1.000	48.000	198.992	503.690	505.415	506.835	nan	nan	9,	507.185,	9.000	509.849	81.750	183.020	66.830	223.870	0.741	1.421	3.209	
3	2.000	1.000	49.000	198.992	513.076	514.927	516.140	nan	nan	8,	516.467,	8.000	519.153	44.670	122.320	66.830	223.870	0.867	1.214	3.241	
3	2.000	1.000	50.000	198.992	522.413	525.030	525.674	nan	nan	9,	525.923,	9.000	528.687	54.640	122.320	44.670	223.870	1.633	0.645	3.537	
3	2.000	1.000	51.000	198.992	532.243	534.812	536.247	nan	nan	9,	536.531,	9.000	539.261	54.640	183.020	44.670	223.870	1.585	1.436	2.495	
3	2.000	1.000	52.000	198.992	541.775	543.751	544.506	nan	nan	9,	544.530,	9.000	547.519	54.640	149.620	44.670	223.870	0.992	0.756	3.646	
3	2.000	1.000	53.000	198.992	551.185	553.690	555.251	nan	nan	9,	555.496,	9.000	558.265	149.620	66.830	223.870	66.830	1.523	1.561	2.592	
3	2.000	1.000	54.000	198.992	560.876	562.740	563.543	nan	nan	9,	563.555,	9.000	566.557	66.830	149.620	54.640	223.870	0.881	0.804	2.868	
3	2.000	1.000	55.000	198.992	569.445	572.379	573.858	nan	nan	9,	574.235,	9.000	576.869	66.830	183.020	54.640	223.870	1.952	1.479	3.280	
3	2.000	1.000	56.000	198.992	580.168	582.129	583.332	nan	nan	9,	583.616,	9.000	586.346	66.830	183.020	44.670	223.870	0.977	1.204	3.781	
3	2.000	1.000	57.000	198.992	590.148	592.068	593.991	nan	nan	9,	594.343,	9.000	597.002	54.640	149.620	44.670	183.020	0.939	1.923	2.367	
3	2.000	1.000	58.000	198.992	599.388	601.536	603.372	nan	nan	9,	603.744,	9.000	606.384	81.750	122.320	44.670	183.020	1.166	1.836	2.167	
3	2.000	1.000	59.000	198.992	608.572	610.319	611.653	nan	nan	9,	612.072,	9.000	614.667	81.750	183.020	54.640	223.870	0.765	1.334	2.887	
3	2.000	1.000	60.000	198.992	617.575	620.152	622.060	nan	nan	9,	622.568,	9.000	625.070	81.750	122.320	66.830	223.870	1.595	1.908	3.370	
3	2.000	1.000	61.000	198.992	628.462	630.155	631.966	nan	nan	9,	632.828,	9.000	634.976	81.750	149.620	66.830	223.870	0.712	1.812	2.064	
3	2.000	1.000	62.000	198.992	637.062	639.310	640.716	nan	nan	8,	640.824,	8.000	643.729	54.640	183.020	81.750	149.620	1.267	1.407	2.669	
3	2.000	1.000	63.000	198.992	646.419	648.798	650.734	nan	nan	9,	651.150,	9.000	653.748	81.750	122.320	44.670	223.870	1.397	1.937	3.196	
3	2.000	1.000	64.000	198.992	656.965	658.456	659.910	nan	nan	9,	660.249,	9.000	662.924	66.830	122.320	44.670	183.020	0.510	1.455	3.891	
3	2.000	1.000	65.000	198.992	666.837	669.687	671.064	nan	nan	8,	671.226,	8.000	674.077	81.750	149.620	66.830	183.020	1.870	1.378	2.830	
3	2.000	1.000	66.000	198.992	676.929	679.615	680.399	nan	nan	8,	680.881,	8.000	683.410	149.620	183.020	223.870	183.020	1.706	0.785	2.656	
3	2.000	1.000	67.000	198.992	686.087	688.499	690.469	nan	nan	9,	690.629,	9.000	693.483	81.750	183.020	44.670	223.870	1.431	1.971	2.785	
3	2.000	1.000	68.000	198.992	696.290	698.759	699.412	nan	nan	8,	699.903,	8.000	702.423	44.670	183.020	81.750	149.620	1.489	0.654	2.765	
3	2.000	1.000	69.000	198.992	705.211	707.246	708.454	nan	nan	9,	708.475,	9.000	711.465	66.830	122.320	54.640	149.620	1.055	1.209	2.006	
3	2.000	1.000	70.000	198.992	713.494	715.774	716.496	nan	nan	9,	716.706,	9.000	719.508	54.640	122.320	44.670	149.620	1.301	0.722	3.023	
3	2.000	1.000	71.000	198.992	722.553	725.185	725.791	nan	nan	9,	726.002,	9.000	728.804	54.640	122.320	44.670	183.020	1.653	0.606	3.363	
3	2.000	1.000	72.000	198.992	732.191	733.892	735.038	nan	nan	9,	735.708,	9.000	738.049	66.830	183.020	81.750	122.320	0.722	1.146	2.958	
3	2.000	1.000	73.000	198.992	741.030	743.957	744.688	nan	nan	8,	744.940,	8.000	747.701	54.640	122.320	66.830	183.020	1.947	0.732	2.322	
3	2.000	1.000	74.000	198.992	750.045	751.742	752.353	nan	nan	9,	752.524,	9.000	755.366	66.830	122.320	44.670	149.620	0.717	0.611	3.768	
3	2.000	1.000	75.000	198.992	759.157	761.167	762.405	nan	nan	9,	762.757,	9.000	765.416	66.830	149.620	54.640	183.020	1.031	1.238	2.881	
3	2.000	1.000	76.000	198.992	768.320	769.876	770.742	nan	nan	8,	770.930,	8.000	773.756	44.670	223.870	81.750	149.620	0.577	0.867	2.090	
3	2.000	1.000	77.000	198.992	775.869	778.602	779.613	nan	nan	8,	779.913,	8.000	782.624	54.640	122.320	66.830	223.870	1.754	1.011	2.740	
3	2.000	1.000	78.000	198.992	785.387	787.517	788.581	nan	nan	8,	788.793,	8.000	791.595	54.640	122.320	81.750	149.620	1.151	1.064	3.627	
3	2.000	1.000	79.000	198.992	795.246	798.224	799.211	nan	nan	8,	799.494,	8.000	802.224	54.640	149.620	81.750	149.620	2.000	0.987	2.264	
3	2.000	1.000	80.000	198.992	804.511	806.950	808.757	nan	nan	9,	809.082,	9.000	811.771	54.640	183.020	66.830	149.620	1.460	1.807	2.598	
3	2.000	1.000	81.000	198.992	814.392	816.826	818.642	nan	nan	8,	819.335,	8.000	821.654	44.670	223.870	66.830	183.020	1.455	1.817	2.225	
3	2.000	1.000	82.000	198.992	823.902	825.704	827.072	nan	nan	8,	827.493,	8.000	830.086	66.830	223.870	81.750	183.020	0.823	1.368	3.125	
3	2.000	1.000	83.000	198.992	833.235	835.708	837.322	nan	nan	8,	837.725,	8.000	840.333	66.830	223.870	81.750	122.320	1.494	1.614	3.421	
3	2.000	1.000	84.000	198.992	843.777	845.632	846.320	nan	nan	8,	846.668,	8.000	849.334	44.670	183.020	54.640	149.620	0.876	0.688	3.177	
3	2.000	1.000	85.000	198.992	852.534	855.407	856.717	nan	nan	8,	856.912,	8.000	859.730	44.670	183.020	66.830	149.620	1.894	1.310	2.572	
3	2.000	1.000	86.000	198.992	862.326	865.290	866.759	nan	nan	9,	867.155,	9.000	869.770	81.750	183.020	66.830	122.320	1.986	1.469	2.630	
3	2.000	1.000	87.000	198.992	872.424	873.937	875.811	nan	nan	8,	876.079,	8.000	878.822	44.670	149.620	66.830	122.320	0.534	1.875	2.045	
3	2.000	1.000	88.000	198.992	880.891	883.527	885.054	nan	nan	8,	885.369,	8.000	888.067	44.670	183.020	81.750	122.320	1.658	1.527	2.849	
3	2.000	1.000	89.000	198.992	890.940	893.022	893.671	nan	nan	8,	893.787,	8.000	896.682	54.640	223.870	66.830	149.620	1.103	0.650	2.540	
3	2.000	1.000	90.000	198.992	899.247	901.068	902.102	nan	nan	9,	902.538,	9.000	905.113	66.830	122.320	54.640	223.870	0.842	1.035	2.399	
3	2.000	1.000	91.000	198.992	907.537	909.222	910.541	nan	nan	8,	910.788,	8.000	913.553	44.670	183.020	54.640	122.320	0.707	1.320	3.312	
3	2.000	1.000	92.000	198.992	916.890	919.342	920.888	nan	nan	8,	921.289,	8.000	923.899	54.640	66.830	81.750	66.830	1.474	1.547	3.441	
3	2.000	1.000	93.000	198.992	927.366	929.026	930.649	nan	nan	8,	931.023,	8.000	933.663	54.640	223.870	81.750	183.020	0.683	1.624	3.087	
3	2.000	1.000	94.000	198.992	936.774	938.763	939.760	nan	nan	8,	940.134,	8.000	942.770	44.670	223.870	81.750	183.020	1.011	0.997	2.347	
3	2.000	1.000	95.000	198.992	945.142	947.088	948.692	nan	nan	8,	948.984,	8.000	951.706	44.670	223.870	54.640	122.320	0.968	1.605	3.267	
3	2.000	1.000	96.000	198.992	954.998	957.473	958.012	nan	nan	9,	958.052,	9.000	961.025	66.830	183.020	81.750	149.620	1.498	0.539	2.508	
3	2.000	1.000	97.000	198.992	963.559	965.677	967.199	nan	nan	9,	967.474,	9.000	970.213	81.750	183.020	54.640	149.620	1.141	1.523	3.344	
3	2.000	1.000	98.000	198.992	973.583	975.464	976.215	nan	nan	8,	977.112,	8.000	979.225	66.830	149.620	81.750	122.320	0.905	0.751	2.444	
3	2.000	1.000	99.000	198.992	981.694	984.189	986.164	nan	nan	8,	986.302,	8.000	989.178	54.640	223.870	81.750	122.320	1.518	1.976	3.672	
3	2.000	1.000	100.000	198.992	992.875	995.331	996.332	nan	nan	8,	996.527,	8.000	999.345	44.670	149.620	54.640	122.320	1.479	1.002	3.595	
3	2.000	1.000	101.000	198.992	1002.967	1005.113	1007.002	nan	nan	8,	1007.080,	8.000	1010.016	66.830	122.320	54.640	183.020	1.170	1.889	3.010	
3	2.000	1.000	102.000	198.992	1013.052	1014.581	1015.259	nan	nan	8,	1015.275,	8.000	1018.272	44.670	183.020	66.830	122.320	0.553	0.678	2.392	
3	2.000	1.000	103.000	198.992	1020.691	1023.584	1025.246	nan	nan	8,	1025.658,	8.000	1028.258	44.670	223.870	54.640	183.020	1.918	1.662	3.923	
3	2.000	1.000	104.000	198.992	1032.207	1034.257	1035.542	nan	nan	8,	1035.805,	8.000	1038.556	44.670	223.870	66.830	149.620	1.074	1.286	3.338	
3	2.000	1.000	105.000	198.992	1041.920	1043.729	1045.511	nan	nan	8,	1045.814,	8.000	1048.525	149.620	81.750	183.020	81.750	0.833	1.783	2.386	
3	2.000	1.000	106.000	198.992	1050.938	1053.475	1054.148	nan	nan	9,	1054.594,	9.000	1057.158	81.750	223.870	44.670	149.620	1.561	0.674	2.058	
3	2.000	1.000	107.000	198.992	1059.244	1061.789	1063.688	nan	nan	8,	1063.971,	8.000	1066.699	54.640	223.870	66.830	183.020	1.571	1.899	3.293	
3	2.000	1.000	108.000	198.992	1070.019	1072.584	1073.874	nan	nan	8,	1074.139,	8.000	1076.885	54.640	223.870	81.750	149.620	1.590	1.291	2.161	
3	2.000	1.000	109.000	198.992	1079.073	1080.563	1082.254	nan	nan	8,	1082.594,	8.000	1085.268	44.670	149.620	81.750	122.320	0.514	1.691	3.505	
3	2.000	1.000	110.000	198.992	1088.801	1091.047	1092.164	nan	nan	8,	1092.276,	8.000	1095.178	54.640	149.620	66.830	122.320	1.272	1.117	2.977	
3	2.000	1.000	111.000	198.992	1098.183	1099.788	1100.803	nan	nan	8,	1101.115,	8.000	1103.817	66.830	223.870	81.750	149.620	0.630	1.016	3.273	
3	2.000	1.000	112.000	198.992	1107.119	1109.065	1109.888	nan	nan	9,	1110.267,	9.000	1112.899	81.750	122.320	54.640	149.620	0.973	0.823	2.650	
3	2.000	1.000	113.000	198.992	1115.576	1118.353	1120.309	nan	nan	8,	1120.675,	8.000	1123.321	44.670	223.870	54.640	149.620	1.802	1.957	3.318	
3	2.000	1.000	114.000	198.992	1126.667	1129.501	1130.068	nan	nan	9,	1130.363,	9.000	1133.081	66.830	122.320	44.670	223.870	1.860	0.568	3.389	
3	2.000	1.000	115.000	198.992	1136.499	1138.021	1139.524	nan	nan	8,	1139.863,	8.000	1142.535	54.640	183.020	81.750	122.320	0.548	1.503	3.974	
3	2.000	1.000	116.000	198.992	1146.538	1149.454	1150.416	nan	nan	8,	1151.157,	8.000	1153.427	44.670	223.870	81.750	122.320	1.942	0.963	3.460	
3	2.000	1.000	117.000	198.992	1156.915	1159.282	1160.355	nan	nan	9,	1160.605,	9.000	1163.368	81.750	183.020	44.670	149.620	1.392	1.074	3.871	
3	2.000	1.000	118.000	198.992	1167.269	1169.162	1169.676	nan	nan	8,	1169.894,	8.000	1172.689	149.620	223.870	183.020	223.870	0.920	0.514	3.048	
3	2.000	1.000	119.000	198.992	1175.765	1178.402	1180.286	nan	nan	8,	1180.645,	8.000	1183.300	44.670	122.320	81.750	223.870	1.662	1.884	3.904	
3	2.000	1.000	120.000	198.992	1187.232	1189.367	1191.279	nan	nan	8,	1191.692,	8.000	1194.291	44.670	122.320	66.830	183.020	1.161	1.913	3.383	
3	2.000	1.000	121.000	198.992	1197.703	1200.305	1201.084	nan	nan	8,	1201.116,	8.000	1204.098	54.640	149.620	81.750	183.020	1.629	0.780	3.016	
3	2.000	1.000	122.000	198.992	1207.142	1209.436	1210.278	nan	nan	8,	1211.144,	8.000	1213.289	54.640	223.870	66.830	122.320	1.320	0.842	2.617	
3	2.000	1.000	123.000	198.992	1215.935	1218.441	1219.857	nan	nan	8,	1220.004,	8.000	1222.870	44.670	122.320	81.750	149.620	1.532	1.416	2.315	
3	2.000	1.000	124.000	198.992	1225.216	1227.715	1228.663	nan	nan	8,	1229.141,	8.000	1231.674	44.670	122.320	66.830	149.620	1.527	0.949	3.286	
3	2.000	1.000	125.000	198.992	1234.992	1236.853	1238.072	nan	nan	8,8,	1238.358,1238.569,	8.000	1241.083	54.640	183.020	66.830	223.870	0.891	1.219	3.698	
3	2.000	1.000	126.000	198.992	1244.812	1247.552	1248.350	nan	nan	8,	1248.682,	8.000	1251.362	66.830	122.320	81.750	183.020	1.768	0.799	3.106	
3	2.000	1.000	127.000	198.992	1254.500	1256.588	1258.264	nan	nan	8,	1259.043,	8.000	1261.276	44.670	122.320	54.640	183.020	1.117	1.677	3.158	
3	2.000	1.000	128.000	198.992	1264.464	1267.252	1268.962	nan	nan	8,	1269.262,	8.000	1271.976	54.640	122.320	81.750	183.020	1.817	1.711	3.897	
3	2.000	1.000	129.000	198.992	1275.904	1278.379	1278.999	nan	nan	8,	1279.635,	8.000	1282.010	44.670	122.320	54.640	223.870	1.503	0.621	2.379	
3	2.000	1.000	130.000	198.992	1284.419	1287.122	1288.875	nan	nan	8,	1289.151,	8.000	1291.889	54.640	183.020	81.750	223.870	1.730	1.754	2.514	
3	2.000	1.000	131.000	198.992	1294.434	1296.518	1297.577	nan	nan	8,	1297.844,	8.000	1300.591	54.640	149.620	66.830	149.620	1.113	1.059	2.232	
3	2.000	1.000	132.000	198.992	1302.853	1304.860	1306.184	nan	nan	8,9,	1306.336,1307.495,	9.000	1309.195	66.830	183.020	81.750	223.870	1.035	1.325	2.193	
3	2.000	1.000	133.000	198.992	1311.420	1312.920	1314.688	nan	nan	8,	1314.758,	8.000	1317.702	44.670	149.620	81.750	223.870	0.529	1.768	2.855	
3	2.000	1.000	134.000	198.992	1320.588	1323.555	1324.266	nan	nan	8,	1324.850,	8.000	1327.277	44.670	149.620	66.830	223.870	1.995	0.712	3.447	
3	2.000	1.000	135.000	198.992	1330.756	1333.331	1334.511	nan	nan	8,	1334.780,	8.000	1337.525	54.640	149.620	66.830	183.020	1.605	1.180	2.412	
3	2.000	1.000	136.000	198.992	1339.967	1342.423	1343.574	nan	nan	8,	1343.742,	8.000	1346.587	44.670	183.020	81.750	223.870	1.484	1.151	3.775	
3	2.000	1.000	137.000	198.992	1350.393	1352.569	1353.912	nan	nan	8,	1354.289,	8.000	1356.923	66.830	122.320	81.750	149.620	1.204	1.344	2.534	
3	2.000	1.000	138.000	198.992	1359.488	1361.369	1362.202	nan	nan	8,	1362.538,	8.000	1365.215	44.670	122.320	81.750	183.020	0.910	0.833	2.791	
3	2.000	1.000	139.000	198.992	1368.037	1369.812	1370.968	nan	nan	8,	1371.246,	8.000	1373.978	44.670	149.620	81.750	183.020	0.804	1.156	3.794	
3	2.000	1.000	140.000	198.992	1377.805	1380.515	1382.254	nan	nan	8,	1382.331,	8.000	1385.268	44.670	149.620	66.830	183.020	1.740	1.740	2.688	
3	2.000	1.000	141.000	198.992	1387.987	1390.274	1390.773	nan	nan	8,	1391.041,	8.000	1393.786	44.670	122.320	54.640	149.620	1.315	0.500	2.238	
3	2.000	1.000	142.000	198.992	1396.057	1398.072	1398.971	nan	nan	8,	1399.261,	8.000	1401.984	44.670	149.620	54.640	183.020	1.045	0.900	3.402	
3	2.000	1.000	143.000	198.992	1405.419	1406.947	1408.179	nan	nan	8,	1408.410,	8.000	1411.193	54.640	149.620	81.750	122.320	0.558	1.233	2.611	
3	2.000	1.000	144.000	198.992	1413.837	1416.768	1417.528	nan	nan	8,	1417.940,	8.000	1420.538	54.640	44.670	66.830	44.670	1.961	0.760	3.113	
3	2.000	1.000	145.000	198.992	1423.684	1425.491	1427.206	nan	nan	8,	1427.222,	8.000	1430.219	54.640	122.320	81.750	223.870	0.838	1.715	3.839	
3	2.000	1.000	146.000	198.992	1434.093	1435.716	1437.233	nan	nan	8,	1437.425,	8.000	1440.246	54.640	149.620	66.830	223.870	0.654	1.518	3.151	
3	2.000	1.000	147.000	198.992	1443.431	1446.231	1448.033	nan	nan	8,	1448.389,	8.000	1451.045	54.640	149.620	81.750	223.870	1.831	1.802	2.965	
3	2.000	1.000	148.000	198.992	1454.043	1455.975	1456.552	nan	nan	8,	1456.717,	8.000	1459.565	66.830	122.320	81.750	223.870	0.963	0.577	2.714	
3	2.000	1.000	149.000	198.992	1462.312	1465.127	1466.080	nan	nan	8,	1466.292,	8.000	1469.093	66.830	149.620	81.750	223.870	1.846	0.953	2.199	
3	2.000	1.000	150.000	198.992	1471.326	1474.261	1474.901	nan	nan	8,	1475.311,	8.000	1477.914	44.670	223.870	66.830	122.320	1.966	0.640	2.431	
3	2.000	1.000	151.000	198.992	1480.378	1481.997	1483.562	nan	nan	8,	1483.991,	8.000	1486.574	66.830	149.620	81.750	183.020	0.650	1.566	3.299	
3	2.000	1.000	152.000	198.992	1489.907	1491.824	1492.588	nan	nan	8,	1492.752,	8.000	1495.602	44.670	183.020	66.830	223.870	0.949	0.765	2.469	
3	2.000	1.000	153.000	198.992	1498.105	1499.960	1501.737	nan	nan	9,	1501.847,	9.000	1504.750	54.640	183.020	66.830	122.320	0.886	1.778	2.772	
3	2.000	1.000	154.000	198.992	1507.556	1509.521	1510.213	nan	nan	8,	1510.529,	8.000	1513.224	44.670	149.620	54.640	223.870	0.997	0.693	2.605	
3	2.000	1.000	155.000	198.992	1515.863	1518.064	1519.658	nan	nan	8,	1519.919,	8.000	1522.672	44.670	183.020	54.640	223.870	1.233	1.595	3.035	
3	2.000	1.000	156.000	198.992	1525.741	1527.634	1528.177	nan	nan	8,	1528.542,	8.000	1531.191	54.640	122.320	66.830	149.620	0.924	0.543	2.437	
3	2.000	2.000	157.000	198.992	62.736	65.436	66.967	nan	nan	9,	67.166,	9.000	69.986	183.020	81.750	223.870	81.750	1.701	1.532	3.518	
3	2.000	2.000	157.000	198.992	7.487	10.188	11.719	nan	nan	8,9,	12.235,12.529,	9.000	14.734	183.020	81.750	223.870	81.750	1.701	1.532	3.518	
3	2.000	2.000	157.000	198.992	45.276	47.977	49.508	nan	nan	9,	49.631,	9.000	52.524	183.020	54.640	223.870	54.640	1.701	1.532	3.518	
3	2.000	2.000	158.000	198.992	56.048	57.791	58.382	nan	nan	8,	58.509,	8.000	61.396	66.830	149.620	54.640	122.320	0.746	0.592	3.749	
3	2.000	2.000	159.000	198.992	65.152	67.985	68.918	nan	nan	9,	69.135,	9.000	71.933	54.640	223.870	44.670	122.320	1.836	0.934	2.180	
3	2.000	2.000	160.000	198.992	74.118	76.069	77.480	nan	nan	9,	77.785,	9.000	80.494	66.830	183.020	54.640	149.620	0.953	1.412	2.309	
3	2.000	2.000	161.000	198.992	82.807	85.019	85.875	nan	nan	9,	86.248,	9.000	88.886	66.830	223.870	54.640	149.620	1.214	0.857	2.875	
3	2.000	2.000	162.000	198.992	91.766	93.697	94.260	nan	nan	9,	94.680,	9.000	97.270	81.750	223.870	44.670	122.320	0.934	0.563	3.582	
3	2.000	2.000	163.000	198.992	100.857	103.743	104.291	nan	nan	9,	104.644,	9.000	107.301	81.750	223.870	54.640	149.620	1.889	0.548	2.624	
3	2.000	2.000	164.000	198.992	109.930	111.533	112.086	nan	nan	8,	112.276,	8.000	115.099	66.830	223.870	54.640	183.020	0.606	0.553	3.910	
3	2.000	2.000	165.000	198.992	119.014	121.476	122.738	nan	nan	9,	123.120,	9.000	125.749	54.640	223.870	44.670	149.620	1.465	1.262	2.752	
3	2.000	2.000	166.000	198.992	128.507	130.149	130.938	nan	nan	9,	131.176,	9.000	133.951	54.640	149.620	44.670	122.320	0.645	0.789	2.682	
3	2.000	2.000	167.000	198.992	136.637	138.911	139.937	nan	nan	9,	140.093,	9.000	142.949	66.830	223.870	44.670	149.620	1.277	1.026	3.453	
3	2.000	2.000	168.000	198.992	146.408	148.334	149.707	nan	nan	9,	149.757,	9.000	152.720	81.750	149.620	44.670	223.870	0.929	1.373	3.543	
3	2.000	2.000	169.000	198.992	156.268	159.174	160.725	nan	nan	9,8,	160.939,161.240,	8.000	163.736	81.750	149.620	54.640	183.020	1.908	1.551	3.325	
3	2.000	2.000	170.000	198.992	167.065	169.759	171.701	nan	nan	9,	172.098,	9.000	174.712	183.020	122.320	223.870	122.320	1.696	1.942	2.026	
3	2.000	2.000	171.000	198.992	176.743	178.636	180.384	nan	nan	9,	180.497,	9.000	183.397	81.750	223.870	54.640	122.320	0.895	1.749	2.129	
3	2.000	2.000	172.000	198.992	185.531	188.215	189.052	nan	nan	9,	189.168,	9.000	192.066	81.750	223.870	66.830	149.620	1.686	0.838	3.981	
3	2.000	2.000	173.000	198.992	196.052	198.031	199.717	nan	nan	9,	200.090,	9.000	202.731	81.750	223.870	44.670	183.020	0.982	1.686	2.334	
3	2.000	2.000	174.000	198.992	205.070	206.920	208.799	nan	nan	9,	209.104,	9.000	211.810	66.830	183.020	54.640	122.320	0.852	1.879	3.569	
3	2.000	2.000	175.000	198.992	215.384	218.189	219.363	nan	nan	9,	219.724,	9.000	222.377	81.750	183.020	66.830	149.620	1.807	1.175	3.968	
3	2.000	2.000	176.000	198.992	226.350	229.198	229.861	nan	nan	9,	230.194,	9.000	232.872	81.750	183.020	54.640	122.320	1.850	0.664	2.862	
3	2.000	2.000	177.000	198.992	235.739	238.355	239.496	nan	nan	8,	239.514,	8.000	242.509	81.750	223.870	66.830	183.020	1.619	1.141	2.759	
3	2.000	2.000	178.000	198.992	245.273	247.576	249.209	nan	nan	9,	249.360,	9.000	252.222	54.640	183.020	44.670	122.320	1.305	1.633	3.961	
3	2.000	2.000	179.000	198.992	256.189	259.041	260.264	nan	nan	9,	260.517,	9.000	263.275	66.830	183.020	44.670	149.620	1.855	1.223	2.077	
3	2.000	2.000	180.000	198.992	265.357	268.114	270.080	nan	nan	9,	270.483,	9.000	273.090	66.830	223.870	44.670	183.020	1.759	1.966	2.971	
3	2.000	2.000	181.000	198.992	276.066	277.844	278.661	nan	nan	9,	278.986,	9.000	281.675	81.750	183.020	44.670	122.320	0.780	0.818	3.717	
3	2.000	2.000	182.000	198.992	285.397	287.724	288.826	nan	nan	9,	289.016,	9.000	291.840	66.830	183.020	44.670	122.320	1.330	1.103	2.302	
3	2.000	2.000	183.000	198.992	294.147	295.717	297.644	nan	nan	8,	297.996,	8.000	300.655	66.830	223.870	81.750	223.870	0.572	1.928	3.576	
3	2.000	2.000	184.000	198.992	304.236	306.582	308.075	nan	nan	9,	308.407,	9.000	311.089	81.750	149.620	44.670	183.020	1.349	1.494	3.685	
3	2.000	2.000	185.000	198.992	314.779	316.903	317.764	nan	nan	9,	318.071,	9.000	320.778	81.750	149.620	44.670	122.320	1.127	0.862	3.833	
3	2.000	2.000	186.000	198.992	324.616	327.059	328.325	nan	nan	9,	328.422,	9.000	331.339	81.750	149.620	54.640	122.320	1.445	1.267	3.987	
3	2.000	2.000	187.000	198.992	335.332	337.837	338.650	nan	nan	9,8,9,	338.796,339.274,339.657,	9.000	341.660	81.750	223.870	54.640	183.020	1.508	0.814	2.212	
3	2.000	2.000	188.000	198.992	343.878	346.301	348.021	nan	nan	9,	348.631,	9.000	351.032	66.830	223.870	54.640	122.320	1.426	1.720	2.707	
3	2.000	2.000	189.000	198.992	353.745	355.512	357.256	nan	nan	9,	357.502,	9.000	360.269	54.640	223.870	44.670	183.020	0.770	1.744	3.788	
3	2.000	2.000	190.000	198.992	364.062	366.732	368.572	nan	nan	9,	369.032,	9.000	371.583	54.640	183.020	44.670	149.620	1.672	1.841	2.894	
3	2.000	2.000	191.000	198.992	374.482	376.423	377.232	nan	nan	8,	377.481,	8.000	380.244	81.750	122.320	66.830	183.020	0.944	0.809	2.148	
3	2.000	2.000	192.000	198.992	382.397	384.459	386.126	nan	nan	9,	386.347,	9.000	389.139	66.830	223.870	44.670	122.320	1.064	1.667	3.884	
3	2.000	2.000	193.000	198.992	393.029	395.693	397.427	nan	nan	9,	397.837,	9.000	400.439	66.830	149.620	44.670	122.320	1.667	1.735	2.547	
3	2.000	2.000	194.000	198.992	402.990	405.698	406.950	nan	nan	9,	407.292,	9.000	409.963	81.750	223.870	66.830	122.320	1.711	1.252	3.704	
3	2.000	2.000	195.000	198.992	413.672	416.660	417.246	nan	nan	9,	417.623,	9.000	420.257	81.750	149.620	66.830	122.320	1.990	0.587	2.836	
3	2.000	2.000	196.000	198.992	423.098	425.435	426.031	nan	nan	9,8,	426.131,426.659,	8.000	429.041	66.830	44.670	81.750	44.670	1.339	0.596	2.984	
3	2.000	2.000	197.000	198.992	432.030	434.709	435.821	nan	nan	9,	436.138,	9.000	438.834	81.750	149.620	54.640	223.870	1.682	1.113	3.936	
3	2.000	2.000	198.000	198.992	442.775	445.555	447.473	nan	nan	9,	447.603,	9.000	450.486	81.750	122.320	44.670	149.620	1.783	1.918	3.164	
3	2.000	2.000	199.000	198.992	453.655	455.341	456.771	nan	nan	9,	456.910,	9.000	459.784	81.750	122.320	66.830	149.620	0.688	1.431	4.000	
3	2.000	2.000	200.000	198.992	463.790	466.666	467.199	nan	nan	9,8,	467.510,467.956,	8.000	470.210	54.640	183.020	81.750	149.620	1.879	0.534	3.524	
3	2.000	2.000	201.000	198.992	473.739	476.664	477.863	nan	nan	8,	478.069,	8.000	480.877	44.670	122.320	66.830	223.870	1.928	1.199	2.000	
3	2.000	2.000	202.000	198.992	482.881	485.657	486.726	nan	nan	9,	486.846,	9.000	489.738	66.830	122.320	54.640	149.620	1.778	1.069	3.723	
3	2.000	2.000	203.000	198.992	493.467	496.397	497.504	nan	nan	9,	497.651,	9.000	500.517	81.750	183.020	54.640	223.870	1.932	1.108	3.145	
3	2.000	2.000	204.000	198.992	503.667	506.081	506.662	nan	nan	8,9,	506.727,507.437,	9.000	509.673	54.640	149.620	44.670	183.020	1.416	0.582	3.248	
3	2.000	2.000	205.000	198.992	512.926	515.470	516.186	nan	nan	9,	516.474,	9.000	519.200	81.750	122.320	54.640	223.870	1.547	0.717	2.559	
3	2.000	2.000	206.000	198.992	521.765	523.633	525.233	nan	nan	9,	525.432,	9.000	528.246	81.750	122.320	44.670	223.870	0.871	1.600	2.289	
3	2.000	2.000	207.000	198.992	530.540	532.588	533.555	nan	nan	9,	533.741,	9.000	536.568	66.830	122.320	44.670	183.020	1.050	0.968	3.942	
3	2.000	2.000	208.000	198.992	540.515	542.519	543.607	nan	nan	9,	543.818,	9.000	546.620	54.640	122.320	44.670	149.620	1.006	1.088	3.408	
3	2.000	2.000	209.000	198.992	550.033	551.762	553.299	nan	nan	9,	553.575,	9.000	556.312	149.620	81.750	223.870	81.750	0.732	1.537	3.801	
3	2.000	2.000	210.000	198.992	560.118	562.474	563.451	nan	nan	9,	564.167,	9.000	566.462	81.750	149.620	66.830	223.870	1.359	0.977	3.415	
3	2.000	2.000	211.000	198.992	569.882	572.204	573.080	nan	nan	9,	573.359,	9.000	576.092	66.830	183.020	54.640	223.870	1.325	0.876	2.341	
3	2.000	2.000	212.000	198.992	578.438	580.857	581.385	nan	nan	9,	581.758,	9.000	584.397	81.750	122.320	66.830	223.870	1.421	0.529	2.643	
3	2.000	2.000	213.000	198.992	587.045	589.000	589.572	nan	nan	8,	589.850,	8.000	592.583	66.830	149.620	54.640	183.020	0.958	0.572	2.463	
3	2.000	2.000	214.000	198.992	595.051	597.330	598.336	nan	nan	8,	598.724,	8.000	601.350	54.640	122.320	66.830	183.020	1.281	1.006	2.328	
3	2.000	2.000	215.000	198.992	603.683	605.537	607.387	nan	nan	8,	607.528,	8.000	610.401	81.750	149.620	66.830	183.020	0.857	1.850	2.154	
3	2.000	2.000	216.000	198.992	612.561	615.206	616.087	nan	nan	8,	616.211,	8.000	619.099	44.670	183.020	81.750	149.620	1.648	0.881	3.659	
3	2.000	2.000	217.000	198.992	622.764	624.555	625.798	nan	nan	9,	626.049,	9.000	628.811	81.750	122.320	54.640	183.020	0.794	1.243	3.878	
3	2.000	2.000	218.000	198.992	632.694	634.944	636.808	nan	nan	9,	637.215,	9.000	639.819	66.830	183.020	44.670	223.870	1.252	1.865	2.695	
3	2.000	2.000	219.000	198.992	642.519	644.378	645.659	nan	nan	8,	646.099,	8.000	648.670	54.640	122.320	81.750	149.620	0.862	1.281	2.746	
3	2.000	2.000	220.000	198.992	651.421	653.174	654.368	nan	nan	8,	654.818,	8.000	657.378	54.640	122.320	66.830	223.870	0.756	1.195	2.174	
3	2.000	2.000	221.000	198.992	659.557	661.329	662.099	nan	nan	9,	662.426,	9.000	665.113	66.830	149.620	44.670	183.020	0.775	0.770	3.183	
3	2.000	2.000	222.000	198.992	668.301	671.255	672.980	nan	nan	9,	673.246,	9.000	675.993	149.620	122.320	223.870	122.320	1.957	1.725	2.257	
3	2.000	2.000	223.000	198.992	678.256	680.597	682.418	nan	nan	9,	682.611,	9.000	685.432	66.830	149.620	44.670	223.870	1.344	1.822	2.913	
3	2.000	2.000	224.000	198.992	688.350	690.557	691.813	nan	nan	9,	691.944,	9.000	694.827	54.640	122.320	44.670	223.870	1.209	1.257	3.955	
3	2.000	2.000	225.000	198.992	698.788	700.854	701.932	nan	nan	8,	702.276,	8.000	704.945	44.670	223.870	81.750	149.620	1.069	1.079	3.080	
3	2.000	2.000	226.000	198.992	708.030	710.468	711.354	nan	nan	9,	711.520,	9.000	714.367	54.640	149.620	44.670	223.870	1.441	0.886	3.235	
3	2.000	2.000	227.000	198.992	717.607	720.401	722.010	nan	nan	9,9,	722.055,722.388,	9.000	725.021	81.750	183.020	66.830	223.870	1.797	1.609	2.251	
3	2.000	2.000	228.000	198.992	727.277	728.861	729.997	nan	nan	9,	730.037,	9.000	733.010	66.830	183.020	81.750	122.320	0.587	1.137	3.395	
3	2.000	2.000	229.000	198.992	736.411	738.878	739.580	nan	nan	9,9,	739.626,739.927,	9.000	742.590	81.750	183.020	44.670	223.870	1.469	0.703	3.678	
3	2.000	2.000	230.000	198.992	746.274	748.085	749.028	nan	nan	9,	749.282,	9.000	752.041	54.640	183.020	44.670	223.870	0.814	0.944	2.990	
3	2.000	2.000	231.000	198.992	755.037	757.441	758.292	nan	nan	9,9,	758.597,758.760,	9.000	761.303	54.640	122.320	44.670	183.020	1.407	0.852	3.756	
3	2.000	2.000	232.000	198.992	765.064	767.752	769.371	nan	nan	9,	769.714,	9.000	772.384	66.830	149.620	54.640	223.870	1.691	1.619	2.823	
3	2.000	2.000	233.000	198.992	775.213	777.506	778.898	nan	nan	9,	779.220,	9.000	781.911	81.750	122.320	44.670	183.020	1.296	1.392	2.122	
3	2.000	2.000	234.000	198.992	784.038	786.298	787.280	nan	nan	9,	787.575,	9.000	790.293	66.830	122.320	44.670	149.620	1.262	0.982	3.254	
3	2.000	2.000	235.000	198.992	793.553	795.590	796.582	nan	nan	8,	796.866,	8.000	799.595	54.640	149.620	81.750	149.620	1.040	0.992	3.228	
3	2.000	2.000	236.000	198.992	802.828	805.189	805.708	nan	nan	9,	806.031,	9.000	808.718	81.750	122.320	54.640	149.620	1.363	0.519	2.103	
3	2.000	2.000	237.000	198.992	810.826	812.883	814.511	nan	nan	9,	814.660,	9.000	817.524	66.830	183.020	81.750	149.620	1.059	1.629	2.354	
3	2.000	2.000	238.000	198.992	819.883	821.631	822.685	nan	nan	8,	823.138,	8.000	825.696	54.640	223.870	81.750	149.620	0.751	1.055	2.296	
3	2.000	2.000	239.000	198.992	827.996	830.020	830.702	nan	nan	8,	830.974,	8.000	833.716	44.670	223.870	81.750	183.020	1.026	0.683	3.068	
3	2.000	2.000	240.000	198.992	836.788	839.462	841.192	nan	nan	8,	841.574,	8.000	844.204	44.670	149.620	81.750	122.320	1.677	1.730	2.244	
3	2.000	2.000	241.000	198.992	846.454	849.239	850.829	nan	nan	9,	851.154,	9.000	853.843	81.750	183.020	44.670	149.620	1.788	1.590	3.498	
3	2.000	2.000	242.000	198.992	857.347	860.069	860.593	nan	nan	9,	860.945,	9.000	863.604	81.750	183.020	66.830	122.320	1.725	0.524	2.135	
3	2.000	2.000	243.000	198.992	865.744	868.153	869.279	nan	nan	9,	869.625,	9.000	872.291	66.830	122.320	54.640	183.020	1.412	1.127	2.939	
3	2.000	2.000	244.000	198.992	875.235	878.136	879.692	nan	nan	8,	879.818,	8.000	882.705	44.670	149.620	66.830	122.320	1.904	1.556	3.865	
3	2.000	2.000	245.000	198.992	886.575	888.709	890.357	nan	nan	8,	890.564,	8.000	893.369	44.670	223.870	81.750	122.320	1.137	1.648	2.521	
3	2.000	2.000	246.000	198.992	895.895	897.894	899.469	nan	nan	8,	899.726,	8.000	902.483	44.670	183.020	66.830	122.320	1.002	1.576	2.579	
3	2.000	2.000	247.000	198.992	905.067	907.172	908.935	nan	nan	9,	909.047,	9.000	911.949	66.830	122.320	44.670	223.870	1.108	1.764	3.633	
3	2.000	2.000	248.000	198.992	915.588	917.785	919.249	nan	nan	8,	919.393,	8.000	922.262	54.640	66.830	81.750	66.830	1.199	1.465	3.511	
3	2.000	2.000	249.000	198.992	925.779	927.401	928.648	nan	nan	8,	928.756,	8.000	931.663	54.640	223.870	81.750	122.320	0.625	1.248	2.527	
3	2.000	2.000	250.000	198.992	934.195	935.736	937.417	nan	nan	8,	937.594,	8.000	940.430	44.670	223.870	66.830	183.020	0.543	1.682	3.119	
3	2.000	2.000	251.000	198.992	943.554	945.172	946.111	nan	nan	8,8,8,	946.822,947.608,948.109,	8.000	949.121	44.670	183.020	66.830	149.620	0.621	0.939	2.804	
3	2.000	2.000	252.000	198.992	951.930	954.107	955.504	nan	nan	8,	955.642,	8.000	958.517	66.830	223.870	81.750	183.020	1.180	1.397	2.900	
3	2.000	2.000	253.000	198.992	961.423	963.021	963.719	nan	nan	9,	963.923,	9.000	966.731	54.640	223.870	66.830	149.620	0.601	0.698	3.666	
3	2.000	2.000	254.000	198.992	970.402	972.710	974.068	nan	nan	8,	974.494,	8.000	977.078	44.670	223.870	54.640	122.320	1.310	1.359	3.350	
3	2.000	2.000	255.000	198.992	980.434	982.553	983.603	nan	nan	9,	983.824,	9.000	986.615	66.830	149.620	81.750	122.320	1.122	1.050	2.019	
3	2.000	2.000	256.000	198.992	988.639	991.477	993.134	nan	nan	8,	993.230,	8.000	996.148	54.640	149.620	66.830	122.320	1.841	1.658	2.733	
3	2.000	2.000	257.000	198.992	998.886	1000.905	1001.641	nan	nan	8,	1001.927,	8.000	1004.654	44.670	149.620	54.640	122.320	1.021	0.736	2.141	
3	2.000	2.000	258.000	198.992	1006.800	1009.721	1010.350	nan	nan	8,8,	1010.835,1011.434,	8.000	1013.361	54.640	183.020	66.830	149.620	1.923	0.630	3.653	
3	2.000	2.000	259.000	198.992	1017.019	1018.714	1020.202	nan	nan	8,	1020.226,	8.000	1023.216	44.670	183.020	81.750	122.320	0.698	1.489	2.418	
3	2.000	2.000	260.000	198.992	1025.639	1028.385	1029.430	nan	nan	8,	1029.760,	8.000	1032.443	44.670	183.020	54.640	122.320	1.749	1.045	2.405	
3	2.000	2.000	261.000	198.992	1034.853	1036.370	1038.331	nan	nan	8,	1038.354,	8.000	1041.345	149.620	54.640	183.020	54.640	0.519	1.961	3.479	
3	2.000	2.000	262.000	198.992	1044.829	1047.648	1048.519	nan	nan	8,8,	1048.670,1048.945,	8.000	1051.529	44.670	223.870	54.640	149.620	1.822	0.871	2.270	
3	2.000	2.000	263.000	198.992	1053.804	1056.026	1057.731	nan	nan	9,	1058.094,	9.000	1060.745	54.640	183.020	81.750	122.320	1.223	1.706	2.450	
3	2.000	2.000	264.000	198.992	1063.200	1065.585	1067.411	nan	nan	8,	1067.732,	8.000	1070.425	66.830	223.870	81.750	149.620	1.387	1.826	2.482	
3	2.000	2.000	265.000	198.992	1072.912	1074.988	1075.715	nan	nan	8,	1075.999,	8.000	1078.728	44.670	223.870	54.640	183.020	1.079	0.727	3.621	
3	2.000	2.000	266.000	198.992	1082.353	1084.265	1085.435	nan	nan	8,	1085.822,	8.000	1088.446	66.830	122.320	54.640	223.870	0.915	1.170	2.553	
3	2.000	2.000	267.000	198.992	1091.004	1093.915	1094.655	nan	nan	8,	1095.095,	8.000	1097.669	44.670	183.020	54.640	149.620	1.913	0.741	3.608	
3	2.000	2.000	268.000	198.992	1101.282	1102.943	1103.973	nan	nan	8,	1104.034,	8.000	1106.987	44.670	223.870	66.830	149.620	0.664	1.031	3.994	
3	2.000	2.000	269.000	198.992	1110.986	1112.676	1114.608	nan	nan	9,	1114.973,	9.000	1117.619	81.750	223.870	44.670	149.620	0.693	1.932	3.376	
3	2.000	2.000	270.000	198.992	1121.001	1123.713	1124.271	nan	nan	8,	1124.668,	8.000	1127.281	66.830	223.870	81.750	122.320	1.715	0.558	2.116	
3	2.000	2.000	271.000	198.992	1129.401	1131.656	1132.884	nan	nan	8,	1132.957,	8.000	1135.897	54.640	223.870	81.750	183.020	1.257	1.228	2.727	
3	2.000	2.000	272.000	198.992	1138.629	1140.194	1141.967	nan	nan	9,	1142.226,	9.000	1144.981	81.750	183.020	54.640	149.620	0.568	1.773	3.807	
3	2.000	2.000	273.000	198.992	1148.793	1151.366	1152.213	nan	nan	8,	1152.404,	8.000	1155.225	54.640	223.870	66.830	183.020	1.576	0.847	2.096	
3	2.000	2.000	274.000	198.992	1157.327	1158.824	1159.753	nan	nan	8,	1159.974,	8.000	1162.766	149.620	223.870	183.020	223.870	0.500	0.929	2.186	
3	2.000	2.000	275.000	198.992	1164.957	1166.546	1167.712	nan	nan	8,	1168.113,	8.000	1170.722	54.640	183.020	66.830	122.320	0.592	1.166	3.730	
3	2.000	2.000	276.000	198.992	1174.457	1177.078	1178.171	nan	nan	8,8,	1178.374,1178.601,	8.000	1181.182	66.830	149.620	81.750	223.870	1.624	1.093	3.762	
3	2.000	2.000	277.000	198.992	1184.949	1186.615	1187.654	nan	nan	8,	1187.955,	8.000	1190.665	44.670	149.620	54.640	223.870	0.669	1.040	2.206	
3	2.000	2.000	278.000	198.992	1192.876	1195.241	1196.035	nan	nan	8,	1196.383,	8.000	1199.048	54.640	149.620	66.830	183.020	1.368	0.794	3.203	
3	2.000	2.000	279.000	198.992	1202.256	1203.791	1205.371	nan	nan	8,	1205.791,	8.000	1208.385	66.830	122.320	81.750	149.620	0.539	1.580	3.215	
3	2.000	2.000	280.000	198.992	1211.605	1213.165	1214.924	nan	nan	9,	1215.090,	9.000	1217.937	54.640	122.320	66.830	149.620	0.563	1.759	2.662	
3	2.000	2.000	281.000	198.992	1220.604	1223.115	1225.104	nan	nan	8,	1225.556,	8.000	1228.118	54.640	183.020	66.830	223.870	1.513	1.990	3.711	
3	2.000	2.000	282.000	198.992	1231.834	1233.630	1234.959	nan	nan	nan	nan	nan	nan	66.830	122.320	81.750	183.020	0.799	1.330	2.720	
3	2.000	2.000	283.000	198.992	1240.708	1242.693	1244.046	nan	nan	8,	1244.582,	8.000	1247.057	66.830	122.320	81.750	223.870	0.987	1.354	2.817	
3	2.000	2.000	284.000	198.992	1249.879	1252.124	1253.569	nan	nan	8,	1253.832,	8.000	1256.582	44.670	149.620	81.750	223.870	1.248	1.445	2.373	
3	2.000	2.000	285.000	198.992	1258.960	1261.693	1263.330	nan	nan	8,	1263.793,	8.000	1266.344	54.640	149.620	81.750	223.870	1.735	1.638	2.051	
3	2.000	2.000	286.000	198.992	1268.400	1271.036	1272.621	nan	nan	8,	1272.786,	8.000	1275.635	54.640	122.320	81.750	183.020	1.638	1.585	3.055	
3	2.000	2.000	287.000	198.992	1278.694	1280.452	1282.433	nan	nan	8,	1282.824,	8.000	1285.445	54.640	149.620	66.830	149.620	0.760	1.981	3.003	
3	2.000	2.000	288.000	198.992	1288.453	1290.534	1291.429	nan	nan	8,8,	1291.687,1292.054,	8.000	1294.440	44.670	183.020	54.640	223.870	1.084	0.895	3.601	
3	2.000	2.000	289.000	198.992	1298.046	1300.836	1301.543	nan	nan	8,	1301.786,	8.000	1304.555	44.670	183.020	66.830	223.870	1.793	0.707	3.929	
3	2.000	2.000	290.000	198.992	1308.489	1311.043	1312.873	nan	nan	8,	1313.151,	8.000	1315.887	44.670	122.320	54.640	183.020	1.556	1.831	3.061	
3	2.000	2.000	291.000	198.992	1318.953	1321.926	1323.376	nan	nan	8,	1323.758,	8.000	1326.387	44.670	183.020	81.750	223.870	1.976	1.450	3.486	
3	2.000	2.000	292.000	198.992	1329.877	1332.006	1333.311	nan	nan	8,	1333.585,	8.000	1336.325	44.670	122.320	54.640	223.870	1.132	1.305	2.842	
3	2.000	2.000	293.000	198.992	1339.172	1342.034	1343.981	nan	nan	8,	1344.297,	8.000	1346.994	44.670	122.320	81.750	183.020	1.865	1.947	2.277	
3	2.000	2.000	294.000	198.992	1349.276	1352.148	1353.053	nan	nan	8,	1353.416,	8.000	1356.066	54.640	223.870	66.830	122.320	1.875	0.905	3.029	
3	2.000	2.000	295.000	198.992	1359.100	1361.547	1363.021	nan	nan	8,	1363.430,	8.000	1366.035	54.640	122.320	81.750	223.870	1.450	1.474	3.556	
3	2.000	2.000	296.000	198.992	1369.596	1372.208	1373.595	nan	nan	8,	1373.820,	8.000	1376.608	44.670	122.320	54.640	149.620	1.614	1.387	2.502	
3	2.000	2.000	297.000	198.992	1379.115	1380.708	1381.218	nan	nan	8,	1381.508,	8.000	1384.230	66.830	149.620	81.750	183.020	0.596	0.510	2.219	
3	2.000	2.000	298.000	198.992	1386.454	1388.834	1390.134	nan	nan	8,	1390.406,	8.000	1393.148	44.670	122.320	81.750	223.870	1.383	1.301	3.814	
3	2.000	2.000	299.000	198.992	1396.966	1399.934	1401.934	nan	nan	8,	1402.243,	8.000	1404.948	44.670	149.620	81.750	183.020	1.971	2.000	2.424	
3	2.000	2.000	300.000	198.992	1407.377	1409.612	1411.072	nan	nan	8,	1411.417,	8.000	1414.083	54.640	44.670	66.830	44.670	1.238	1.460	2.932	
3	2.000	2.000	301.000	198.992	1417.020	1418.744	1419.668	nan	nan	8,	1419.874,	8.000	1422.681	44.670	122.320	66.830	149.620	0.727	0.924	3.093	
3	2.000	2.000	302.000	198.992	1425.779	1428.328	1430.024	nan	nan	8,	1430.104,	8.000	1433.037	54.640	183.020	81.750	223.870	1.551	1.696	3.434	
3	2.000	2.000	303.000	198.992	1436.476	1438.374	1440.369	nan	nan	8,	1440.796,	8.000	1443.382	44.670	122.320	66.830	183.020	0.900	1.995	2.920	
3	2.000	2.000	304.000	198.992	1446.307	1448.494	1449.128	nan	nan	8,	1449.531,	8.000	1452.139	44.670	149.620	66.830	223.870	1.190	0.635	2.797	
3	2.000	2.000	305.000	198.992	1454.942	1457.824	1458.921	nan	nan	8,	1459.315,	8.000	1461.935	44.670	223.870	66.830	122.320	1.884	1.098	3.949	
3	2.000	2.000	306.000	198.992	1465.889	1468.712	1470.094	nan	nan	8,	1470.415,	8.000	1473.107	44.670	149.620	54.640	183.020	1.826	1.383	3.531	
3	2.000	2.000	307.000	198.992	1476.643	1478.468	1479.378	nan	nan	8,	1479.699,	8.000	1482.388	44.670	122.320	81.750	149.620	0.828	0.910	3.614	
3	2.000	2.000	308.000	198.992	1486.008	1487.529	1488.303	nan	nan	8,8,	1488.708,1488.978,	8.000	1491.314	54.640	149.620	66.830	223.870	0.524	0.775	3.357	
3	2.000	2.000	309.000	198.992	1494.676	1496.462	1497.352	nan	nan	8,9,	1497.570,1498.345,	9.000	1500.363	66.830	183.020	81.750	223.870	0.789	0.891	2.071	
3	2.000	2.000	310.000	198.992	1502.438	1504.770	1506.042	nan	nan	8,	1506.422,	8.000	1509.055	54.640	149.620	81.750	183.020	1.334	1.272	3.428	
3	2.000	2.000	311.000	198.992	1512.488	1514.887	1516.289	nan	nan	8,	1516.675,	8.000	1519.300	44.670	149.620	66.830	183.020	1.402	1.402	3.916	
3	2.000	2.000	312.000	198.992	1523.221	1525.799	1527.239	nan	nan	8,	1527.640,	8.000	1530.251	54.640	149.620	81.750	122.320	1.580	1.441	2.637	
