subjID	session	Block	trialCount	earnings	Gam1Onset	Gam2Onset	FBOnset	KPs	RT	KPlate	RTlate	KP_Final	SLOnset	Gam1_1	Gam1_2	Gam2_1	Gam2_2	jit1	jit2	jit3	
5	2.000	1.000	1.000	666.449	87.144	89.360	89.931	9,	90.622,	nan	nan	9.000	92.947	183.020	54.640	223.870	54.640	1.223	0.572	3.711	
5	2.000	1.000	2.000	666.449	96.677	99.241	100.193	8,8,	101.228,101.512,	nan	nan	8.000	103.206	81.750	149.620	44.670	223.870	1.580	0.953	2.283	
5	2.000	1.000	3.000	666.449	105.499	107.903	109.734	8,	110.408,	nan	nan	8.000	112.747	81.750	223.870	44.670	183.020	1.412	1.831	2.238	
5	2.000	1.000	4.000	666.449	114.994	117.384	118.264	8,8,	119.218,119.466,	nan	nan	8.000	121.275	81.750	223.870	54.640	122.320	1.397	0.881	2.174	
5	2.000	1.000	5.000	666.449	123.458	124.989	126.593	8,	127.209,	nan	nan	8.000	129.605	66.830	223.870	54.640	183.020	0.539	1.605	2.630	
5	2.000	1.000	6.000	666.449	132.245	134.977	135.636	8,8,	135.962,136.210,	nan	nan	8.000	138.646	81.750	223.870	66.830	149.620	1.740	0.659	2.013	
5	2.000	1.000	7.000	666.449	140.669	143.208	143.712	9,9,	145.117,145.317,	nan	nan	9.000	146.723	81.750	223.870	44.670	122.320	1.547	0.505	2.688	
5	2.000	1.000	8.000	666.449	149.421	151.931	152.841	8,	153.029,	nan	nan	8.000	155.854	81.750	223.870	66.830	183.020	1.518	0.910	3.762	
5	2.000	1.000	9.000	666.449	159.626	161.586	162.819	9,	162.913,	nan	nan	9.000	165.832	66.830	183.020	44.670	122.320	0.968	1.233	2.476	
5	2.000	1.000	10.000	666.449	168.318	170.206	171.646	9,	171.873,	nan	nan	9.000	174.659	81.750	149.620	44.670	183.020	0.895	1.441	2.386	
5	2.000	1.000	11.000	666.449	177.055	179.044	180.672	9,	181.181,	nan	nan	9.000	183.683	66.830	223.870	54.640	122.320	0.997	1.629	3.865	
5	2.000	1.000	12.000	666.449	187.559	189.504	191.267	8,	191.414,	nan	nan	8.000	194.280	66.830	223.870	44.670	183.020	0.953	1.764	3.010	
5	2.000	1.000	13.000	666.449	197.300	199.154	200.787	8,	201.380,	nan	nan	8.000	203.798	81.750	223.870	54.640	149.620	0.862	1.633	3.318	
5	2.000	1.000	14.000	666.449	207.126	209.009	210.671	9,	210.852,	nan	nan	9.000	213.684	183.020	149.620	223.870	149.620	0.891	1.662	2.026	
5	2.000	1.000	15.000	666.449	215.720	218.003	219.650	9,	219.662,	nan	nan	9.000	222.664	81.750	223.870	66.830	122.320	1.291	1.648	2.367	
5	2.000	1.000	16.000	666.449	225.041	227.304	228.021	8,8,	228.310,228.574,	nan	nan	8.000	231.032	81.750	223.870	54.640	183.020	1.272	0.717	2.431	
5	2.000	1.000	17.000	666.449	233.472	235.090	236.868	9,	236.962,	nan	nan	9.000	239.881	81.750	183.020	44.670	122.320	0.625	1.778	3.029	
5	2.000	1.000	18.000	666.449	242.920	245.145	246.320	8,	247.104,	nan	nan	8.000	249.331	66.830	223.870	54.640	149.620	1.233	1.175	3.653	
5	2.000	1.000	19.000	666.449	252.994	255.117	256.654	9,	257.278,	nan	nan	9.000	259.665	81.750	183.020	54.640	122.320	1.132	1.537	2.489	
5	2.000	1.000	20.000	666.449	262.164	264.042	264.565	9,9,	264.927,265.200,	nan	nan	9.000	267.576	81.750	149.620	44.670	122.320	0.886	0.524	2.624	
5	2.000	1.000	21.000	666.449	270.211	272.671	273.306	9,9,	273.629,273.756,	nan	nan	9.000	276.317	81.750	183.020	66.830	149.620	1.469	0.635	2.830	
5	2.000	1.000	22.000	666.449	279.157	281.063	282.769	9,	282.956,	nan	nan	9.000	285.782	54.640	183.020	44.670	122.320	0.915	1.706	3.042	
5	2.000	1.000	23.000	666.449	288.834	291.783	293.585	9,	293.807,	nan	nan	9.000	296.599	66.830	183.020	44.670	149.620	1.957	1.802	2.193	
5	2.000	1.000	24.000	666.449	298.802	301.697	303.562	8,8,	303.598,303.947,	nan	nan	8.000	306.575	66.830	223.870	44.670	122.320	1.904	1.865	3.904	
5	2.000	1.000	25.000	666.449	310.489	312.858	314.554	8,	314.730,	nan	nan	8.000	317.567	54.640	149.620	44.670	122.320	1.378	1.696	3.569	
5	2.000	1.000	26.000	666.449	321.147	322.827	324.773	8,	324.944,	nan	nan	8.000	327.787	66.830	149.620	44.670	122.320	0.688	1.947	3.408	
5	2.000	1.000	27.000	666.449	331.207	332.843	333.511	8,8,	334.774,335.164,	nan	nan	8.000	336.522	66.830	223.870	81.750	223.870	0.645	0.669	2.868	
5	2.000	1.000	28.000	666.449	339.400	342.382	344.025	8,	344.297,	nan	nan	8.000	347.039	66.830	149.620	54.640	122.320	1.990	1.643	2.090	
5	2.000	1.000	29.000	666.449	349.139	351.851	353.016	9,	353.484,	nan	nan	9.000	356.027	81.750	149.620	54.640	122.320	1.720	1.166	2.785	
5	2.000	1.000	30.000	666.449	358.822	361.230	361.937	8,	362.395,	nan	nan	8.000	364.948	81.750	122.320	66.830	183.020	1.416	0.707	3.884	
5	2.000	1.000	31.000	666.449	368.843	371.034	372.291	9,	373.313,	nan	nan	9.000	375.301	81.750	149.620	66.830	122.320	1.199	1.257	2.547	
5	2.000	1.000	32.000	666.449	377.859	380.469	382.348	9,	382.393,	nan	nan	9.000	385.362	66.830	183.020	54.640	149.620	1.619	1.879	3.453	
5	2.000	1.000	33.000	666.449	388.826	391.682	393.141	8,	393.356,	nan	nan	8.000	396.155	54.640	223.870	44.670	183.020	1.865	1.460	2.759	
5	2.000	1.000	34.000	666.449	398.925	401.024	402.884	8,8,	403.014,403.214,	nan	nan	8.000	405.895	66.830	223.870	44.670	149.620	1.108	1.860	2.656	
5	2.000	1.000	35.000	666.449	408.562	410.540	411.396	9,	411.735,	nan	nan	9.000	414.407	54.640	183.020	44.670	149.620	0.987	0.857	3.479	
5	2.000	1.000	36.000	666.449	417.897	420.252	421.716	8,	422.155,	nan	nan	8.000	424.727	81.750	149.620	54.640	183.020	1.363	1.465	3.473	
5	2.000	1.000	37.000	666.449	428.212	431.197	433.129	8,	433.365,	nan	nan	8.000	436.142	54.640	223.870	44.670	149.620	1.995	1.932	3.749	
5	2.000	1.000	38.000	666.449	439.901	442.222	443.629	9,	444.049,	nan	nan	9.000	446.640	66.830	183.020	54.640	122.320	1.330	1.407	2.148	
5	2.000	1.000	39.000	666.449	448.798	450.584	451.344	8,	452.012,	nan	nan	8.000	454.355	54.640	223.870	44.670	122.320	0.794	0.760	3.794	
5	2.000	1.000	40.000	666.449	458.160	460.958	462.206	8,	462.985,	nan	nan	8.000	465.217	66.830	54.640	81.750	54.640	1.807	1.248	2.051	
5	2.000	1.000	41.000	666.449	467.279	468.973	470.200	9,	470.377,	nan	nan	9.000	473.214	54.640	183.020	81.750	149.620	0.703	1.228	2.084	
5	2.000	1.000	42.000	666.449	475.308	476.983	477.931	8,8,	478.261,478.525,	nan	nan	8.000	480.942	54.640	122.320	44.670	223.870	0.683	0.949	2.720	
5	2.000	1.000	43.000	666.449	483.672	485.410	487.361	8,	487.686,	nan	nan	8.000	490.373	66.830	149.620	44.670	183.020	0.746	1.952	3.923	
5	2.000	1.000	44.000	666.449	494.306	495.928	496.438	9,	497.380,	nan	nan	9.000	499.448	66.830	183.020	44.670	223.870	0.630	0.510	3.498	
5	2.000	1.000	45.000	666.449	502.957	504.502	505.807	8,8,	506.104,506.307,	nan	nan	8.000	508.817	54.640	122.320	66.830	183.020	0.553	1.305	3.158	
5	2.000	1.000	46.000	666.449	511.985	513.762	515.482	8,	515.951,	nan	nan	8.000	518.492	81.750	122.320	54.640	183.020	0.785	1.720	4.000	
5	2.000	1.000	47.000	666.449	522.504	524.486	525.232	8,8,	526.436,526.772,	nan	nan	8.000	528.243	54.640	122.320	44.670	183.020	0.992	0.746	3.460	
5	2.000	1.000	48.000	666.449	531.714	533.301	534.515	9,	534.671,	nan	nan	9.000	537.528	54.640	183.020	44.670	223.870	0.596	1.214	3.415	
5	2.000	1.000	49.000	666.449	540.954	542.724	544.324	9,	544.753,	nan	nan	9.000	547.335	81.750	183.020	44.670	223.870	0.780	1.600	3.235	
5	2.000	1.000	50.000	666.449	550.581	553.037	553.942	9,	555.386,	nan	nan	9.000	556.952	81.750	122.320	54.640	223.870	1.465	0.905	2.424	
5	2.000	1.000	51.000	666.449	559.387	561.356	562.686	9,	562.729,	nan	nan	9.000	565.699	44.670	183.020	81.750	149.620	0.977	1.330	3.691	
5	2.000	1.000	52.000	666.449	569.401	571.163	571.725	9,	572.534,	nan	nan	9.000	574.736	44.670	122.320	66.830	223.870	0.770	0.563	3.363	
5	2.000	1.000	53.000	666.449	578.110	580.556	581.244	9,	581.809,	nan	nan	9.000	584.255	149.620	44.670	223.870	44.670	1.455	0.688	3.775	
5	2.000	1.000	54.000	666.449	588.042	590.907	591.922	9,	592.164,	nan	nan	9.000	594.936	81.750	122.320	66.830	223.870	1.875	1.016	2.315	
5	2.000	1.000	55.000	666.449	597.263	599.746	601.331	8,	601.380,	nan	nan	8.000	604.345	81.750	149.620	66.830	183.020	1.494	1.585	3.897	
5	2.000	1.000	56.000	666.449	608.253	610.279	611.618	8,	612.132,	nan	nan	8.000	614.629	66.830	149.620	54.640	223.870	1.035	1.339	2.257	
5	2.000	1.000	57.000	666.449	616.898	618.871	619.978	9,	620.879,	nan	nan	9.000	622.989	81.750	122.320	44.670	149.620	0.982	1.108	3.576	
5	2.000	1.000	58.000	666.449	626.575	628.149	629.116	9,	629.537,	nan	nan	9.000	632.127	81.750	183.020	66.830	223.870	0.582	0.968	2.379	
5	2.000	1.000	59.000	666.449	634.516	637.060	638.625	8,	639.004,	nan	nan	8.000	641.638	66.830	149.620	44.670	223.870	1.551	1.566	3.614	
5	2.000	1.000	60.000	666.449	645.264	646.996	647.920	9,	648.246,	nan	nan	9.000	650.933	81.750	183.020	54.640	223.870	0.741	0.924	2.746	
5	2.000	1.000	61.000	666.449	653.692	655.958	656.892	8,	657.702,	nan	nan	8.000	659.903	44.670	223.870	81.750	149.620	1.277	0.934	2.682	
5	2.000	1.000	62.000	666.449	662.595	665.514	667.340	8,	667.848,	nan	nan	8.000	670.351	66.830	122.320	44.670	149.620	1.928	1.826	3.164	
5	2.000	1.000	63.000	666.449	673.527	675.124	676.636	8,9,9,	677.116,677.587,677.794,	nan	nan	9.000	679.647	81.750	122.320	44.670	223.870	0.606	1.513	2.219	
5	2.000	1.000	64.000	666.449	681.882	683.797	685.194	9,	685.609,	nan	nan	9.000	688.208	66.830	183.020	54.640	223.870	0.929	1.397	2.469	
5	2.000	1.000	65.000	666.449	690.688	693.482	695.448	8,	695.615,	nan	nan	8.000	698.462	54.640	122.320	81.750	149.620	1.802	1.966	3.814	
5	2.000	1.000	66.000	666.449	702.289	704.158	704.972	9,9,	705.167,705.376,	nan	nan	9.000	707.982	149.620	183.020	223.870	183.020	0.881	0.814	2.585	
5	2.000	1.000	67.000	666.449	710.581	712.475	713.867	8,	714.129,	nan	nan	8.000	716.878	54.640	149.620	44.670	183.020	0.905	1.392	2.077	
5	2.000	1.000	68.000	666.449	718.966	721.663	723.238	8,	723.516,	nan	nan	8.000	726.251	54.640	122.320	44.670	149.620	1.706	1.576	2.553	
5	2.000	1.000	69.000	666.449	728.816	731.155	732.340	8,	733.591,	9.000	735.350	8.000	735.351	54.640	149.620	44.670	223.870	1.349	1.185	2.662	
5	2.000	1.000	70.000	666.449	738.024	740.267	741.968	9,	742.361,	nan	nan	9.000	744.980	66.830	183.020	81.750	122.320	1.252	1.701	3.338	
5	2.000	1.000	71.000	666.449	748.334	750.239	751.684	9,	751.853,	nan	nan	9.000	754.698	54.640	122.320	66.830	223.870	0.920	1.445	3.678	
5	2.000	1.000	72.000	666.449	758.387	760.013	761.159	9,	761.695,	nan	nan	9.000	764.170	81.750	122.320	66.830	149.620	0.635	1.146	3.016	
5	2.000	1.000	73.000	666.449	767.196	769.113	769.892	9,	770.314,	nan	nan	9.000	772.903	81.750	149.620	54.640	223.870	0.924	0.780	3.389	
5	2.000	1.000	74.000	666.449	776.304	778.171	779.457	8,	779.634,	nan	nan	8.000	782.470	66.830	122.320	44.670	183.020	0.876	1.286	3.826	
5	2.000	1.000	75.000	666.449	786.312	787.803	788.891	9,	789.141,	nan	nan	9.000	791.905	81.750	149.620	66.830	223.870	0.505	1.088	2.264	
5	2.000	1.000	76.000	666.449	794.182	796.042	797.930	8,	798.268,	nan	nan	8.000	800.944	81.750	122.320	44.670	183.020	0.871	1.889	3.704	
5	2.000	1.000	77.000	666.449	804.659	806.242	808.126	8,	808.795,	nan	nan	8.000	811.137	66.830	122.320	54.640	149.620	0.592	1.884	2.727	
5	2.000	1.000	78.000	666.449	813.874	816.716	818.388	8,	819.051,	nan	nan	8.000	821.399	66.830	149.620	54.640	183.020	1.850	1.672	2.669	
5	2.000	1.000	79.000	666.449	824.080	825.898	827.839	8,	828.175,	nan	nan	8.000	830.853	54.640	122.320	81.750	122.320	0.828	1.942	3.621	
5	2.000	1.000	80.000	666.449	834.485	836.087	837.710	8,	838.491,	nan	nan	8.000	840.721	54.640	223.870	81.750	149.620	0.611	1.624	3.974	
5	2.000	1.000	81.000	666.449	844.707	846.352	847.295	8,	847.654,	nan	nan	8.000	850.306	54.640	223.870	81.750	183.020	0.654	0.944	2.006	
5	2.000	1.000	82.000	666.449	852.323	854.451	855.298	9,	855.386,	nan	nan	9.000	858.312	44.670	183.020	66.830	149.620	1.137	0.847	2.701	
5	2.000	1.000	83.000	666.449	861.024	863.981	864.755	9,	865.044,	nan	nan	9.000	867.768	54.640	183.020	81.750	122.320	1.966	0.775	3.955	
5	2.000	1.000	84.000	666.449	871.735	873.293	875.215	9,	875.357,	nan	nan	9.000	878.229	81.750	183.020	54.640	149.620	0.568	1.923	3.441	
5	2.000	1.000	85.000	666.449	881.682	883.321	884.901	9,	885.266,	nan	nan	9.000	887.914	81.750	223.870	44.670	149.620	0.650	1.580	3.486	
5	2.000	1.000	86.000	666.449	891.411	893.423	895.191	8,	895.525,	nan	nan	8.000	898.202	66.830	183.020	81.750	149.620	1.021	1.768	2.277	
5	2.000	1.000	87.000	666.449	900.491	903.278	904.328	8,	905.325,	nan	nan	8.000	907.338	54.640	223.870	66.830	183.020	1.797	1.050	3.113	
5	2.000	1.000	88.000	666.449	910.463	912.975	914.782	9,	915.294,	nan	nan	9.000	917.794	44.670	223.870	54.640	149.620	1.523	1.807	2.945	
5	2.000	1.000	89.000	666.449	920.750	923.095	923.638	9,	924.833,	nan	nan	9.000	926.649	44.670	183.020	54.640	122.320	1.354	0.543	3.781	
5	2.000	1.000	90.000	666.449	930.442	932.168	933.362	8,	933.501,	nan	nan	8.000	936.376	66.830	223.870	81.750	183.020	0.736	1.195	2.952	
5	2.000	1.000	91.000	666.449	939.339	941.418	941.971	8,	942.205,	nan	nan	8.000	944.984	66.830	149.620	81.750	122.320	1.088	0.553	3.936	
5	2.000	1.000	92.000	666.449	948.933	951.550	952.595	nan	nan	nan	nan	nan	nan	54.640	44.670	81.750	44.670	1.629	1.045	3.588	
5	2.000	1.000	93.000	666.449	959.219	960.916	961.845	9,	962.827,	nan	nan	9.000	964.856	66.830	122.320	44.670	223.870	0.707	0.929	2.000	
5	2.000	1.000	94.000	666.449	966.867	969.535	971.472	9,	971.983,	nan	nan	9.000	974.483	44.670	183.020	54.640	149.620	1.677	1.937	3.170	
5	2.000	1.000	95.000	666.449	977.666	980.077	980.880	9,	981.120,	nan	nan	9.000	983.892	44.670	183.020	66.830	122.320	1.421	0.804	3.466	
5	2.000	1.000	96.000	666.449	987.371	989.657	990.933	8,	991.419,	nan	nan	8.000	993.946	66.830	223.870	81.750	149.620	1.296	1.277	3.717	
5	2.000	1.000	97.000	666.449	997.675	999.184	1001.077	9,	1001.235,	nan	nan	9.000	1004.091	81.750	183.020	66.830	122.320	0.519	1.894	2.752	
5	2.000	1.000	98.000	666.449	1006.857	1009.421	1010.360	9,	1010.778,	nan	nan	9.000	1013.370	81.750	183.020	44.670	149.620	1.576	0.939	3.280	
5	2.000	1.000	99.000	666.449	1016.661	1018.596	1020.272	8,	1020.508,	nan	nan	8.000	1023.286	66.830	223.870	81.750	122.320	0.944	1.677	2.064	
5	2.000	1.000	100.000	666.449	1025.362	1027.581	1029.426	9,	1029.987,	nan	nan	9.000	1032.437	54.640	149.620	66.830	122.320	1.228	1.846	2.900	
5	2.000	1.000	101.000	666.449	1035.350	1036.873	1038.188	8,	1038.311,	nan	nan	8.000	1041.201	44.670	223.870	81.750	122.320	0.534	1.315	2.527	
5	2.000	1.000	102.000	666.449	1043.742	1045.805	1047.655	9,	1049.355,	nan	nan	9.000	1050.666	44.670	183.020	81.750	122.320	1.074	1.850	3.119	
5	2.000	1.000	103.000	666.449	1053.796	1056.237	1057.373	9,	1058.567,	nan	nan	9.000	1060.384	44.670	149.620	54.640	122.320	1.450	1.137	3.531	
5	2.000	1.000	104.000	666.449	1063.927	1065.475	1066.076	9,	1066.579,	nan	nan	9.000	1069.086	44.670	223.870	66.830	149.620	0.558	0.601	3.241	
5	2.000	1.000	105.000	666.449	1072.342	1074.153	1074.691	8,	1076.335,	nan	nan	8.000	1077.702	149.620	66.830	183.020	66.830	0.823	0.539	2.881	
5	2.000	1.000	106.000	666.449	1080.597	1082.630	1083.684	8,	1085.555,	9.000	1086.695	8.000	1086.695	54.640	223.870	66.830	149.620	1.045	1.055	3.929	
5	2.000	1.000	107.000	666.449	1090.636	1093.612	1094.324	9,	1095.275,	nan	nan	9.000	1097.334	81.750	122.320	54.640	149.620	1.986	0.712	3.350	
5	2.000	1.000	108.000	666.449	1100.696	1103.687	1104.187	9,	1104.462,	nan	nan	9.000	1107.200	54.640	183.020	66.830	149.620	2.000	0.500	2.334	
5	2.000	1.000	109.000	666.449	1109.544	1111.620	1112.930	9,	1113.326,	nan	nan	9.000	1115.941	44.670	149.620	81.750	122.320	1.084	1.310	2.791	
5	2.000	1.000	110.000	666.449	1118.743	1121.657	1123.642	nan	nan	nan	nan	nan	nan	44.670	223.870	66.830	183.020	1.923	1.986	3.723	
5	2.000	1.000	111.000	666.449	1130.398	1132.110	1133.666	8,	1134.003,	nan	nan	8.000	1136.677	44.670	223.870	54.640	122.320	0.722	1.556	2.875	
5	2.000	1.000	112.000	666.449	1139.562	1141.985	1143.888	8,	1144.070,	nan	nan	8.000	1146.902	44.670	149.620	66.830	122.320	1.431	1.904	3.068	
5	2.000	1.000	113.000	666.449	1149.983	1152.026	1153.394	8,	1153.691,	nan	nan	8.000	1156.406	66.830	122.320	54.640	183.020	1.055	1.368	2.347	
5	2.000	1.000	114.000	666.449	1158.766	1161.355	1162.110	8,	1162.251,	nan	nan	8.000	1165.124	44.670	223.870	81.750	183.020	1.600	0.756	2.244	
5	2.000	1.000	115.000	666.449	1167.379	1169.208	1169.736	8,	1170.151,	nan	nan	8.000	1172.747	44.670	223.870	54.640	183.020	0.838	0.529	2.032	
5	2.000	1.000	116.000	666.449	1174.794	1177.043	1178.021	9,8,8,	1179.302,1179.610,1179.834,	nan	nan	8.000	1181.031	54.640	223.870	81.750	122.320	1.262	0.977	2.296	
5	2.000	1.000	117.000	666.449	1183.341	1186.093	1186.988	8,	1187.692,	nan	nan	8.000	1189.998	66.830	122.320	54.640	223.870	1.764	0.895	2.695	
5	2.000	1.000	118.000	666.449	1192.707	1195.005	1196.904	8,	1197.143,	nan	nan	8.000	1199.918	149.620	223.870	183.020	223.870	1.310	1.899	2.405	
5	2.000	1.000	119.000	666.449	1202.334	1204.809	1206.398	8,	1206.461,	nan	nan	8.000	1209.413	54.640	122.320	81.750	183.020	1.484	1.590	2.206	
5	2.000	1.000	120.000	666.449	1211.630	1213.622	1215.308	8,	1215.501,	nan	nan	8.000	1218.322	54.640	149.620	81.750	183.020	1.002	1.686	2.714	
5	2.000	1.000	121.000	666.449	1221.053	1223.826	1225.170	9,8,8,	1225.247,1225.492,1225.691,	nan	nan	8.000	1228.181	44.670	122.320	54.640	149.620	1.788	1.344	3.672	
5	2.000	1.000	122.000	666.449	1231.868	1234.701	1235.919	9,	1236.054,	nan	nan	9.000	1238.932	54.640	183.020	66.830	223.870	1.846	1.219	3.132	
5	2.000	1.000	123.000	666.449	1242.098	1244.507	1246.265	9,	1246.880,	nan	nan	9.000	1249.276	54.640	183.020	66.830	122.320	1.441	1.759	3.312	
5	2.000	1.000	124.000	666.449	1252.600	1255.407	1256.857	8,	1257.129,	nan	nan	8.000	1259.871	54.640	122.320	81.750	223.870	1.817	1.450	2.797	
5	2.000	1.000	125.000	666.449	1262.681	1264.344	1265.210	8,	1265.235,	nan	nan	8.000	1268.224	44.670	149.620	54.640	223.870	0.674	0.867	3.434	
5	2.000	1.000	126.000	666.449	1271.668	1274.067	1275.227	8,	1275.488,	nan	nan	8.000	1278.241	66.830	122.320	81.750	149.620	1.407	1.161	2.765	
5	2.000	1.000	127.000	666.449	1281.017	1283.333	1284.758	8,	1284.793,	nan	nan	8.000	1287.772	66.830	122.320	81.750	183.020	1.325	1.426	2.804	
5	2.000	1.000	128.000	666.449	1290.587	1293.323	1294.112	8,	1294.452,	nan	nan	8.000	1297.125	44.670	223.870	66.830	122.320	1.744	0.789	2.977	
5	2.000	1.000	129.000	666.449	1300.114	1301.798	1303.580	8,	1303.926,	nan	nan	8.000	1306.594	44.670	122.320	81.750	183.020	0.693	1.783	2.322	
5	2.000	1.000	130.000	666.449	1308.941	1311.035	1312.176	8,	1312.381,	nan	nan	8.000	1315.189	44.670	149.620	81.750	223.870	1.117	1.141	2.887	
5	2.000	1.000	131.000	666.449	1318.089	1320.037	1321.400	9,	1322.014,	nan	nan	9.000	1324.411	54.640	183.020	66.830	183.020	0.958	1.363	3.859	
5	2.000	1.000	132.000	666.449	1328.283	1330.466	1331.689	9,	1332.742,	nan	nan	9.000	1334.700	66.830	149.620	81.750	223.870	1.195	1.223	2.270	
5	2.000	1.000	133.000	666.449	1336.981	1338.573	1340.226	8,	1340.454,	nan	nan	8.000	1343.240	44.670	122.320	54.640	183.020	0.601	1.653	2.997	
5	2.000	1.000	134.000	666.449	1346.249	1347.802	1348.875	8,	1349.061,	nan	nan	8.000	1351.888	44.670	122.320	81.750	223.870	0.563	1.074	2.913	
5	2.000	1.000	135.000	666.449	1354.813	1357.659	1358.313	8,	1359.104,	nan	nan	8.000	1361.324	44.670	183.020	54.640	223.870	1.855	0.654	3.080	
5	2.000	1.000	136.000	666.449	1364.415	1366.224	1367.934	8,	1368.577,	nan	nan	8.000	1370.946	44.670	122.320	54.640	223.870	0.818	1.711	3.357	
5	2.000	1.000	137.000	666.449	1374.316	1376.639	1378.369	8,	1378.529,	nan	nan	8.000	1381.382	66.830	122.320	81.750	223.870	1.334	1.730	3.151	
5	2.000	1.000	138.000	666.449	1384.545	1387.347	1388.378	9,	1388.776,	nan	nan	9.000	1391.388	66.830	183.020	81.750	223.870	1.812	1.031	3.370	
5	2.000	1.000	139.000	666.449	1394.770	1396.824	1398.732	8,	1398.800,	nan	nan	8.000	1401.747	44.670	149.620	66.830	183.020	1.064	1.908	3.595	
5	2.000	1.000	140.000	666.449	1405.356	1407.447	1408.067	9,	1409.578,	nan	nan	9.000	1411.077	54.640	149.620	66.830	223.870	1.103	0.621	3.878	
5	2.000	1.000	141.000	666.449	1414.966	1417.446	1419.185	8,9,	1419.380,1419.933,	nan	nan	9.000	1422.196	54.640	183.020	81.750	223.870	1.489	1.740	2.457	
5	2.000	1.000	142.000	666.449	1424.665	1427.553	1428.535	8,	1428.851,	nan	nan	8.000	1431.549	54.640	149.620	81.750	223.870	1.899	0.982	3.492	
5	2.000	1.000	143.000	666.449	1435.054	1437.628	1438.224	8,	1438.487,	nan	nan	8.000	1441.238	44.670	122.320	81.750	149.620	1.585	0.596	3.582	
5	2.000	1.000	144.000	666.449	1444.833	1446.770	1447.569	9,	1448.858,	nan	nan	9.000	1450.580	54.640	44.670	66.830	44.670	0.949	0.799	2.508	
5	2.000	1.000	145.000	666.449	1453.101	1455.758	1456.672	8,	1457.495,	nan	nan	8.000	1459.683	44.670	122.320	66.830	149.620	1.667	0.915	3.145	
5	2.000	1.000	146.000	666.449	1462.840	1465.801	1466.431	8,	1467.309,	nan	nan	8.000	1469.441	44.670	183.020	66.830	223.870	1.971	0.630	2.019	
5	2.000	1.000	147.000	666.449	1471.471	1474.221	1476.197	8,	1476.382,	nan	nan	8.000	1479.211	44.670	149.620	81.750	183.020	1.759	1.976	2.360	
5	2.000	1.000	148.000	666.449	1481.582	1484.414	1485.150	8,	1485.657,	nan	nan	8.000	1488.162	54.640	149.620	66.830	183.020	1.841	0.736	2.354	
5	2.000	1.000	149.000	666.449	1490.527	1492.688	1493.385	nan	nan	9.000	1496.407	nan	nan	54.640	149.620	81.750	122.320	1.170	0.698	3.023	
5	2.000	1.000	150.000	666.449	1499.440	1501.814	1503.321	8,	1503.867,	nan	nan	8.000	1506.333	44.670	149.620	54.640	183.020	1.383	1.508	3.698	
5	2.000	1.000	151.000	666.449	1510.043	1512.401	1513.142	8,8,	1513.355,1513.632,	nan	nan	8.000	1516.153	66.830	149.620	81.750	183.020	1.368	0.741	3.768	
5	2.000	1.000	152.000	666.449	1519.934	1521.732	1523.235	8,8,	1523.480,1523.610,	nan	nan	8.000	1526.246	44.670	122.320	66.830	183.020	0.809	1.503	3.196	
5	2.000	1.000	153.000	666.449	1529.453	1531.629	1533.609	8,8,	1533.663,1533.906,	nan	nan	8.000	1536.623	44.670	183.020	81.750	223.870	1.185	1.981	2.965	
5	2.000	1.000	154.000	666.449	1539.604	1541.616	1542.135	9,	1542.744,	nan	nan	9.000	1545.145	54.640	223.870	66.830	122.320	1.026	0.519	3.646	
5	2.000	1.000	155.000	666.449	1548.804	1550.433	1551.811	9,	1552.527,	nan	nan	9.000	1554.822	54.640	122.320	66.830	149.620	0.640	1.378	3.833	
5	2.000	1.000	156.000	666.449	1558.667	1560.735	1562.460	8,8,	1562.609,1562.770,	nan	nan	8.000	1565.474	44.670	149.620	66.830	223.870	1.079	1.725	3.447	
5	2.000	2.000	157.000	666.449	62.200	63.859	65.786	9,	66.261,	nan	nan	9.000	68.802	183.020	66.830	223.870	66.830	0.659	1.928	2.592	
5	2.000	2.000	158.000	666.449	71.408	73.644	74.741	9,	74.927,	nan	nan	9.000	77.754	66.830	149.620	44.670	122.320	1.248	1.098	3.003	
5	2.000	2.000	159.000	666.449	80.771	83.322	85.157	9,	85.336,	nan	nan	9.000	88.170	81.750	149.620	44.670	223.870	1.561	1.836	2.836	
5	2.000	2.000	160.000	666.449	91.022	92.557	93.635	9,	93.786,	nan	nan	9.000	96.647	81.750	183.020	54.640	122.320	0.548	1.079	3.222	
5	2.000	2.000	161.000	666.449	99.880	101.771	103.225	8,	103.450,	nan	nan	8.000	106.239	81.750	223.870	66.830	183.020	0.900	1.455	2.579	
5	2.000	2.000	162.000	666.449	108.830	110.672	111.548	9,	112.158,	nan	nan	9.000	114.560	81.750	223.870	66.830	149.620	0.852	0.876	3.518	
5	2.000	2.000	163.000	666.449	118.089	120.583	121.579	9,9,	121.703,121.874,	nan	nan	9.000	124.591	66.830	223.870	44.670	149.620	1.503	0.997	2.637	
5	2.000	2.000	164.000	666.449	127.239	129.390	130.801	nan	nan	nan	nan	nan	nan	66.830	149.620	54.640	122.320	1.161	1.412	2.122	
5	2.000	2.000	165.000	666.449	135.963	138.644	139.737	9,	139.944,	nan	nan	9.000	142.750	81.750	149.620	44.670	122.320	1.691	1.093	3.981	
5	2.000	2.000	166.000	666.449	146.744	148.831	150.469	9,	150.489,	nan	nan	9.000	153.483	81.750	223.870	66.830	122.320	1.098	1.638	3.543	
5	2.000	2.000	167.000	666.449	157.039	158.760	159.399	9,	159.446,	nan	nan	9.000	162.413	81.750	183.020	44.670	122.320	0.732	0.640	2.180	
5	2.000	2.000	168.000	666.449	164.604	166.606	167.332	9,	167.512,	nan	nan	9.000	170.346	81.750	149.620	44.670	183.020	1.011	0.727	3.788	
5	2.000	2.000	169.000	666.449	174.151	175.886	177.543	8,8,	177.766,178.018,	nan	nan	8.000	180.555	81.750	122.320	66.830	183.020	0.751	1.658	2.418	
5	2.000	2.000	170.000	666.449	182.985	184.765	186.325	9,	186.473,	nan	nan	9.000	189.339	183.020	122.320	223.870	122.320	0.789	1.561	2.045	
5	2.000	2.000	171.000	666.449	191.396	193.142	193.786	9,9,	194.102,194.344,	nan	nan	9.000	196.797	81.750	223.870	54.640	149.620	0.756	0.645	2.572	
5	2.000	2.000	172.000	666.449	199.385	201.441	202.273	9,	202.495,	nan	nan	9.000	205.286	81.750	149.620	66.830	122.320	1.069	0.833	2.412	
5	2.000	2.000	173.000	666.449	207.709	209.967	210.688	8,8,	210.851,211.149,	nan	nan	8.000	213.699	81.750	149.620	54.640	183.020	1.267	0.722	2.135	
5	2.000	2.000	174.000	666.449	215.846	218.475	219.056	9,	219.338,	nan	nan	9.000	222.067	81.750	149.620	54.640	122.320	1.638	0.582	3.910	
5	2.000	2.000	175.000	666.449	225.989	227.677	228.996	9,	229.375,	nan	nan	9.000	232.007	66.830	183.020	54.640	122.320	0.698	1.320	3.685	
5	2.000	2.000	176.000	666.449	235.705	238.468	239.025	8,	239.291,	nan	nan	8.000	242.035	66.830	223.870	54.640	183.020	1.773	0.558	2.817	
5	2.000	2.000	177.000	666.449	244.867	246.571	248.166	9,	248.396,	nan	nan	9.000	251.180	81.750	223.870	44.670	183.020	0.717	1.595	2.482	
5	2.000	2.000	178.000	666.449	253.674	255.945	256.932	9,8,	257.868,258.834,	8.000	259.943	8.000	259.943	66.830	223.870	54.640	122.320	1.281	0.987	2.225	
5	2.000	2.000	179.000	666.449	262.181	265.089	267.083	9,	267.183,	nan	nan	9.000	270.098	66.830	223.870	44.670	183.020	1.918	1.995	2.740	
5	2.000	2.000	180.000	666.449	272.850	275.160	276.850	9,	277.175,	nan	nan	9.000	279.865	66.830	183.020	44.670	149.620	1.320	1.691	3.524	
5	2.000	2.000	181.000	666.449	283.407	285.634	286.765	9,	286.973,	nan	nan	9.000	289.779	81.750	223.870	54.640	122.320	1.243	1.132	3.138	
5	2.000	2.000	182.000	666.449	292.929	295.490	296.298	9,	296.547,	nan	nan	9.000	299.309	54.640	223.870	44.670	183.020	1.571	0.809	3.260	
5	2.000	2.000	183.000	666.449	302.584	305.456	306.481	8,	306.536,	nan	nan	8.000	309.495	66.830	223.870	81.750	223.870	1.884	1.026	2.302	
5	2.000	2.000	184.000	666.449	311.810	314.452	315.029	8,8,	315.264,315.762,	nan	nan	8.000	318.040	66.830	183.020	54.640	149.620	1.653	0.577	2.154	
5	2.000	2.000	185.000	666.449	320.206	322.598	324.420	9,	324.685,	nan	nan	9.000	327.431	66.830	223.870	44.670	122.320	1.402	1.822	3.273	
5	2.000	2.000	186.000	666.449	330.717	333.045	335.006	9,	335.243,	nan	nan	9.000	338.021	81.750	183.020	66.830	149.620	1.339	1.961	2.926	
5	2.000	2.000	187.000	666.449	340.960	342.912	344.068	9,	344.142,	nan	nan	9.000	347.082	54.640	223.870	44.670	149.620	0.963	1.156	2.141	
5	2.000	2.000	188.000	666.449	349.236	351.922	352.773	8,	353.234,	nan	nan	8.000	355.784	66.830	223.870	54.640	149.620	1.696	0.852	2.733	
5	2.000	2.000	189.000	666.449	358.529	360.376	361.908	9,	362.169,	nan	nan	9.000	364.923	54.640	183.020	44.670	149.620	0.857	1.532	2.984	
5	2.000	2.000	190.000	666.449	367.919	370.465	372.277	9,	372.703,	nan	nan	9.000	375.288	54.640	149.620	44.670	122.320	1.556	1.812	2.810	
5	2.000	2.000	191.000	666.449	378.110	380.314	381.672	9,	381.861,	nan	nan	9.000	384.686	54.640	183.020	44.670	122.320	1.214	1.359	2.566	
5	2.000	2.000	192.000	666.449	387.264	390.124	391.911	9,	392.557,	nan	nan	9.000	394.922	66.830	183.020	44.670	122.320	1.870	1.788	3.730	
5	2.000	2.000	193.000	666.449	398.671	401.298	402.125	9,	402.445,	nan	nan	9.000	405.139	54.640	223.870	44.670	122.320	1.643	0.828	3.035	
5	2.000	2.000	194.000	666.449	408.189	410.714	412.395	8,8,	412.569,412.765,	nan	nan	8.000	415.406	81.750	223.870	54.640	183.020	1.537	1.682	2.971	
5	2.000	2.000	195.000	666.449	418.391	420.222	420.847	9,	421.015,	nan	nan	9.000	423.860	81.750	223.870	44.670	122.320	0.842	0.625	3.756	
5	2.000	2.000	196.000	666.449	427.628	430.570	431.262	8,	432.168,	9.000	434.273	8.000	434.273	66.830	54.640	81.750	54.640	1.952	0.693	2.650	
5	2.000	2.000	197.000	666.449	436.936	438.690	439.257	9,	439.798,	nan	nan	9.000	442.268	54.640	122.320	44.670	183.020	0.765	0.568	3.087	
5	2.000	2.000	198.000	666.449	445.368	447.537	448.818	9,8,	449.280,450.025,	nan	nan	8.000	451.829	81.750	122.320	54.640	223.870	1.180	1.281	3.125	
5	2.000	2.000	199.000	666.449	454.967	457.262	458.099	9,	458.394,	nan	nan	9.000	461.111	81.750	183.020	54.640	223.870	1.305	0.838	2.373	
5	2.000	2.000	200.000	666.449	463.497	466.076	467.328	8,	467.653,	nan	nan	8.000	470.339	44.670	223.870	81.750	149.620	1.590	1.252	3.331	
5	2.000	2.000	201.000	666.449	473.685	475.520	477.133	8,	477.229,	nan	nan	8.000	480.147	54.640	122.320	66.830	183.020	0.847	1.614	3.916	
5	2.000	2.000	202.000	666.449	484.076	486.892	488.265	8,	488.502,	nan	nan	8.000	491.276	44.670	122.320	66.830	223.870	1.826	1.373	2.309	
5	2.000	2.000	203.000	666.449	493.597	495.391	496.006	8,	496.162,	nan	nan	8.000	499.020	81.750	149.620	66.830	183.020	0.804	0.616	2.643	
5	2.000	2.000	204.000	666.449	501.675	503.778	505.652	9,9,	505.929,506.134,	nan	nan	9.000	508.663	66.830	122.320	44.670	149.620	1.113	1.875	2.514	
5	2.000	2.000	205.000	666.449	511.190	513.659	515.408	9,9,	515.595,515.770,	nan	nan	9.000	518.419	54.640	183.020	81.750	149.620	1.479	1.749	3.666	
5	2.000	2.000	206.000	666.449	522.099	524.547	525.745	9,	526.183,	nan	nan	9.000	528.757	66.830	122.320	44.670	183.020	1.460	1.199	2.611	
5	2.000	2.000	207.000	666.449	531.381	533.535	534.435	9,	534.644,	nan	nan	9.000	537.449	81.750	183.020	66.830	223.870	1.166	0.900	2.855	
5	2.000	2.000	208.000	666.449	540.317	543.021	543.912	8,	544.146,	nan	nan	8.000	546.925	54.640	122.320	81.750	149.620	1.715	0.891	2.450	
5	2.000	2.000	209.000	666.449	549.387	552.266	553.475	8,9,9,	554.219,554.956,555.160,	nan	nan	9.000	556.486	149.620	44.670	223.870	44.670	1.889	1.209	3.100	
5	2.000	2.000	210.000	666.449	559.598	561.777	562.600	9,	562.916,	nan	nan	9.000	565.614	66.830	183.020	81.750	122.320	1.190	0.823	2.071	
5	2.000	2.000	211.000	666.449	567.697	570.412	571.712	9,	571.925,	nan	nan	9.000	574.725	66.830	183.020	44.670	223.870	1.725	1.301	3.968	
5	2.000	2.000	212.000	666.449	578.708	581.343	582.547	9,	582.779,	nan	nan	9.000	585.560	66.830	149.620	44.670	183.020	1.648	1.204	2.328	
5	2.000	2.000	213.000	666.449	587.900	590.601	591.149	8,	592.002,	nan	nan	8.000	594.160	66.830	122.320	54.640	149.620	1.711	0.548	2.939	
5	2.000	2.000	214.000	666.449	597.111	599.536	600.861	9,	601.112,	nan	nan	9.000	603.874	81.750	122.320	44.670	149.620	1.436	1.325	3.608	
5	2.000	2.000	215.000	666.449	607.495	610.252	611.823	9,	612.008,	nan	nan	9.000	614.836	81.750	149.620	66.830	223.870	1.768	1.571	2.502	
5	2.000	2.000	216.000	666.449	617.350	619.848	621.847	9,	622.289,	nan	nan	9.000	624.859	54.640	183.020	44.670	223.870	1.508	2.000	3.344	
5	2.000	2.000	217.000	666.449	628.216	630.954	631.724	8,	632.002,	nan	nan	8.000	634.735	81.750	122.320	66.830	149.620	1.749	0.770	3.048	
5	2.000	2.000	218.000	666.449	637.797	639.512	640.243	9,	640.405,	nan	nan	9.000	643.254	54.640	149.620	44.670	183.020	0.727	0.732	2.894	
5	2.000	2.000	219.000	666.449	646.161	647.925	649.104	9,	649.394,	nan	nan	9.000	652.120	66.830	149.620	54.640	223.870	0.775	1.180	3.383	
5	2.000	2.000	220.000	666.449	655.516	657.598	658.469	9,	658.775,	nan	nan	9.000	661.483	81.750	122.320	66.830	223.870	1.093	0.871	3.305	
5	2.000	2.000	221.000	666.449	664.802	666.724	667.508	8,8,	667.694,667.966,	nan	nan	8.000	670.520	66.830	149.620	54.640	183.020	0.934	0.785	2.907	
5	2.000	2.000	222.000	666.449	673.438	675.478	676.436	9,	677.264,	nan	nan	9.000	679.447	149.620	122.320	223.870	122.320	1.050	0.958	3.633	
5	2.000	2.000	223.000	666.449	683.093	685.624	687.339	9,	687.762,	nan	nan	9.000	690.351	54.640	149.620	44.670	223.870	1.542	1.715	3.961	
5	2.000	2.000	224.000	666.449	694.325	696.345	697.336	9,	697.434,	nan	nan	9.000	700.349	54.640	122.320	44.670	149.620	1.031	0.992	3.807	
5	2.000	2.000	225.000	666.449	704.169	706.545	707.551	9,	707.858,	nan	nan	9.000	710.563	66.830	149.620	44.670	223.870	1.387	1.006	2.920	
5	2.000	2.000	226.000	666.449	713.495	716.157	717.592	8,	718.032,	nan	nan	8.000	720.603	81.750	122.320	54.640	183.020	1.672	1.436	3.093	
5	2.000	2.000	227.000	666.449	723.709	725.855	727.845	9,	728.246,	nan	nan	9.000	730.856	81.750	149.620	54.640	223.870	1.156	1.990	2.772	
5	2.000	2.000	228.000	666.449	733.640	735.250	735.899	9,	736.334,	nan	nan	9.000	738.910	54.640	122.320	44.670	223.870	0.621	0.650	3.563	
5	2.000	2.000	229.000	666.449	742.485	745.137	746.568	9,	746.886,	nan	nan	9.000	749.579	81.750	122.320	44.670	183.020	1.662	1.431	2.199	
5	2.000	2.000	230.000	666.449	751.790	753.647	754.441	8,9,	755.496,756.011,	8.000	757.452	9.000	757.452	54.640	122.320	66.830	223.870	0.867	0.794	2.778	
5	2.000	2.000	231.000	666.449	760.242	763.194	764.465	9,	764.864,	nan	nan	9.000	767.477	66.830	183.020	54.640	223.870	1.961	1.272	2.617	
5	2.000	2.000	232.000	666.449	770.106	772.691	773.393	8,	774.037,	nan	nan	8.000	776.404	44.670	183.020	81.750	149.620	1.595	0.703	2.341	
5	2.000	2.000	233.000	666.449	778.757	780.763	781.648	9,	781.752,	nan	nan	9.000	784.662	81.750	183.020	44.670	223.870	1.016	0.886	2.212	
5	2.000	2.000	234.000	666.449	786.892	788.849	790.820	9,	791.140,	nan	nan	9.000	793.832	81.750	122.320	44.670	223.870	0.973	1.971	3.505	
5	2.000	2.000	235.000	666.449	797.350	800.319	801.803	8,9,	801.838,802.364,	8.000	804.814	9.000	804.814	54.640	149.620	81.750	149.620	1.981	1.484	3.659	
5	2.000	2.000	236.000	666.449	808.489	811.422	812.838	8,	813.103,	nan	nan	8.000	815.852	44.670	183.020	54.640	122.320	1.947	1.416	2.534	
5	2.000	2.000	237.000	666.449	818.398	820.510	822.037	9,8,	823.069,823.889,	9.000	825.048	8.000	825.048	81.750	122.320	54.640	149.620	1.122	1.527	3.325	
5	2.000	2.000	238.000	666.449	828.388	830.985	832.333	8,	832.607,	nan	nan	8.000	835.347	66.830	223.870	81.750	149.620	1.609	1.349	2.990	
5	2.000	2.000	239.000	666.449	838.350	839.916	840.980	9,	841.662,	nan	nan	9.000	843.992	54.640	183.020	81.750	122.320	0.577	1.064	2.444	
5	2.000	2.000	240.000	666.449	846.449	848.010	849.397	9,	849.702,	nan	nan	9.000	852.408	81.750	183.020	66.830	122.320	0.572	1.387	3.402	
5	2.000	2.000	241.000	666.449	855.823	857.336	857.922	8,	858.270,	nan	nan	8.000	860.933	44.670	223.870	81.750	183.020	0.524	0.587	2.495	
5	2.000	2.000	242.000	666.449	863.441	865.929	866.520	8,	866.693,	nan	nan	8.000	869.532	44.670	183.020	54.640	149.620	1.498	0.592	3.177	
5	2.000	2.000	243.000	666.449	872.722	874.751	875.786	8,	875.826,	nan	nan	8.000	878.800	44.670	149.620	81.750	122.320	1.040	1.035	2.058	
5	2.000	2.000	244.000	666.449	880.870	882.524	883.274	8,	884.950,	9.000	886.285	8.000	886.285	54.640	223.870	66.830	149.620	0.664	0.751	2.559	
5	2.000	2.000	245.000	666.449	888.857	891.191	892.708	9,	893.092,	nan	nan	9.000	895.719	66.830	122.320	44.670	223.870	1.344	1.518	3.949	
5	2.000	2.000	246.000	666.449	899.680	901.430	903.174	9,	903.451,	nan	nan	9.000	906.188	81.750	223.870	44.670	149.620	0.760	1.744	3.640	
5	2.000	2.000	247.000	666.449	909.843	912.035	913.161	8,8,	913.179,913.477,	nan	nan	8.000	916.176	44.670	149.620	66.830	122.320	1.204	1.127	3.601	
5	2.000	2.000	248.000	666.449	919.790	922.755	924.050	8,	924.396,	nan	nan	8.000	927.062	54.640	66.830	81.750	66.830	1.976	1.296	2.161	
5	2.000	2.000	249.000	666.449	929.238	931.057	932.579	8,	932.796,	nan	nan	8.000	935.593	44.670	223.870	66.830	183.020	0.833	1.523	2.540	
5	2.000	2.000	250.000	666.449	938.146	940.494	941.973	8,	942.022,	nan	nan	8.000	944.987	44.670	223.870	81.750	122.320	1.359	1.479	3.421	
5	2.000	2.000	251.000	666.449	948.421	950.321	951.867	8,	952.029,	nan	nan	8.000	954.880	44.670	183.020	66.830	149.620	0.910	1.547	3.627	
5	2.000	2.000	252.000	666.449	958.522	960.983	962.404	9,8,8,8,	962.683,963.542,963.736,963.905,	nan	nan	8.000	965.415	54.640	223.870	81.750	183.020	1.474	1.421	3.203	
5	2.000	2.000	253.000	666.449	968.631	971.398	972.399	8,	973.527,	nan	nan	8.000	975.410	66.830	223.870	81.750	122.320	1.778	1.002	2.823	
5	2.000	2.000	254.000	666.449	978.246	980.295	980.973	8,	981.252,	nan	nan	8.000	983.986	44.670	223.870	54.640	183.020	1.059	0.678	2.521	
5	2.000	2.000	255.000	666.449	986.521	989.345	990.028	9,	990.682,	nan	nan	9.000	993.039	54.640	149.620	66.830	122.320	1.836	0.683	2.399	
5	2.000	2.000	256.000	666.449	995.454	998.223	999.465	8,	999.559,	nan	nan	8.000	1002.478	44.670	223.870	54.640	122.320	1.783	1.243	3.267	
5	2.000	2.000	257.000	666.449	1005.758	1008.351	1010.206	8,	1010.270,	nan	nan	8.000	1013.220	66.830	223.870	81.750	183.020	1.605	1.855	2.392	
5	2.000	2.000	258.000	666.449	1015.625	1017.554	1018.318	8,	1019.035,	nan	nan	8.000	1021.329	66.830	122.320	54.640	183.020	0.939	0.765	3.852	
5	2.000	2.000	259.000	666.449	1025.194	1027.938	1029.855	8,8,	1030.010,1030.248,	nan	nan	8.000	1032.866	66.830	122.320	54.640	223.870	1.754	1.918	3.556	
5	2.000	2.000	260.000	666.449	1036.436	1039.256	1040.315	8,	1040.328,	nan	nan	8.000	1043.328	54.640	223.870	81.750	149.620	1.831	1.059	2.116	
5	2.000	2.000	261.000	666.449	1045.457	1047.033	1048.946	8,	1049.594,	nan	nan	8.000	1051.957	149.620	66.830	183.020	66.830	0.587	1.913	3.839	
5	2.000	2.000	262.000	666.449	1055.810	1058.480	1059.399	9,8,	1059.784,1060.501,	nan	nan	8.000	1062.411	54.640	223.870	66.830	183.020	1.682	0.920	2.463	
5	2.000	2.000	263.000	666.449	1064.889	1067.500	1069.234	8,	1069.478,	nan	nan	8.000	1072.246	44.670	183.020	66.830	122.320	1.624	1.735	3.254	
5	2.000	2.000	264.000	666.449	1075.513	1077.928	1079.050	8,	1079.785,	nan	nan	8.000	1082.061	54.640	223.870	81.750	122.320	1.426	1.122	3.209	
5	2.000	2.000	265.000	666.449	1085.284	1088.214	1089.616	8,8,	1089.638,1089.926,	nan	nan	8.000	1092.627	44.670	149.620	54.640	122.320	1.942	1.402	3.537	
5	2.000	2.000	266.000	666.449	1096.181	1097.835	1098.369	8,8,9,9,	1098.454,1098.755,1099.906,1100.222,	nan	nan	9.000	1101.380	54.640	183.020	66.830	149.620	0.669	0.534	3.395	
5	2.000	2.000	267.000	666.449	1104.795	1107.290	1108.779	8,	1108.969,	nan	nan	8.000	1111.793	44.670	183.020	81.750	122.320	1.513	1.489	3.215	
5	2.000	2.000	268.000	666.449	1115.021	1117.576	1118.090	8,9,	1118.763,1119.476,	nan	nan	9.000	1121.102	66.830	183.020	81.750	149.620	1.566	0.514	3.871	
5	2.000	2.000	269.000	666.449	1124.987	1126.490	1127.727	9,9,9,	1127.870,1128.091,1128.327,	nan	nan	9.000	1130.738	81.750	183.020	54.640	149.620	0.514	1.238	2.842	
5	2.000	2.000	270.000	666.449	1133.595	1135.710	1136.827	8,	1137.202,	nan	nan	8.000	1139.838	44.670	223.870	66.830	149.620	1.127	1.117	3.987	
5	2.000	2.000	271.000	666.449	1143.837	1146.649	1147.688	9,	1147.938,	nan	nan	9.000	1150.702	81.750	183.020	44.670	149.620	1.822	1.040	2.958	
5	2.000	2.000	272.000	666.449	1153.673	1156.576	1157.538	8,	1157.764,	nan	nan	8.000	1160.552	44.670	223.870	54.640	149.620	1.913	0.963	2.186	
5	2.000	2.000	273.000	666.449	1162.752	1165.649	1166.313	8,	1166.572,	nan	nan	8.000	1169.324	66.830	149.620	81.750	122.320	1.908	0.664	3.286	
5	2.000	2.000	274.000	666.449	1172.629	1174.787	1176.256	8,8,	1176.452,1176.622,	nan	nan	8.000	1179.268	149.620	122.320	183.020	122.320	1.175	1.469	3.428	
5	2.000	2.000	275.000	666.449	1182.710	1184.839	1185.908	8,8,	1185.920,1186.227,	nan	nan	8.000	1188.919	44.670	149.620	66.830	183.020	1.141	1.069	3.074	
5	2.000	2.000	276.000	666.449	1192.008	1193.524	1194.694	8,	1195.494,	nan	nan	8.000	1197.705	54.640	122.320	81.750	223.870	0.529	1.170	3.846	
5	2.000	2.000	277.000	666.449	1201.565	1204.254	1205.072	8,8,8,	1205.270,1205.421,1205.671,	nan	nan	8.000	1208.083	44.670	122.320	66.830	183.020	1.701	0.818	3.511	
5	2.000	2.000	278.000	666.449	1211.607	1213.835	1215.024	8,8,	1215.253,1215.461,	nan	nan	8.000	1218.035	44.670	149.620	54.640	223.870	1.238	1.190	3.736	
5	2.000	2.000	279.000	666.449	1221.784	1224.711	1226.378	8,8,	1226.554,1226.740,	nan	nan	8.000	1229.389	44.670	149.620	54.640	183.020	1.937	1.667	3.743	
5	2.000	2.000	280.000	666.449	1233.148	1235.353	1236.504	8,9,9,	1236.758,1238.127,1238.295,	nan	nan	9.000	1239.515	54.640	149.620	81.750	122.320	1.219	1.151	2.109	
5	2.000	2.000	281.000	666.449	1241.637	1243.633	1244.653	9,	1245.046,	nan	nan	9.000	1247.664	54.640	122.320	66.830	149.620	1.006	1.021	3.106	
5	2.000	2.000	282.000	666.449	1250.783	1253.502	1255.318	8,	1255.863,	nan	nan	8.000	1258.330	44.670	149.620	66.830	223.870	1.730	1.817	2.096	
5	2.000	2.000	283.000	666.449	1260.441	1262.743	1264.540	8,8,	1264.560,1264.834,	nan	nan	8.000	1267.555	44.670	122.320	81.750	183.020	1.315	1.797	3.055	
5	2.000	2.000	284.000	666.449	1270.623	1273.057	1274.666	8,8,	1274.823,1275.009,	nan	nan	8.000	1277.678	66.830	122.320	81.750	183.020	1.445	1.609	2.289	
5	2.000	2.000	285.000	666.449	1279.980	1282.602	1283.705	8,	1283.946,	nan	nan	8.000	1286.716	54.640	149.620	81.750	223.870	1.633	1.103	2.251	
5	2.000	2.000	286.000	666.449	1288.980	1291.342	1292.696	9,	1293.188,	nan	nan	9.000	1295.707	66.830	183.020	81.750	223.870	1.373	1.354	3.248	
5	2.000	2.000	287.000	666.449	1298.968	1301.489	1302.750	8,8,	1302.886,1303.309,	nan	nan	8.000	1305.762	54.640	149.620	66.830	149.620	1.532	1.262	2.129	
5	2.000	2.000	288.000	666.449	1307.903	1310.579	1311.551	9,	1311.892,	nan	nan	9.000	1314.562	54.640	223.870	66.830	122.320	1.686	0.973	2.167	
5	2.000	2.000	289.000	666.449	1316.742	1318.988	1320.781	9,	1321.044,	nan	nan	9.000	1323.792	54.640	183.020	66.830	122.320	1.257	1.793	3.183	
5	2.000	2.000	290.000	666.449	1326.989	1328.593	1330.134	8,8,	1330.364,1330.647,	nan	nan	8.000	1333.146	44.670	183.020	54.640	223.870	0.616	1.542	3.942	
5	2.000	2.000	291.000	666.449	1337.103	1338.889	1340.271	8,	1340.562,	nan	nan	8.000	1343.283	44.670	149.620	81.750	223.870	0.799	1.383	2.675	
5	2.000	2.000	292.000	666.449	1345.971	1348.618	1350.169	8,	1350.343,	nan	nan	8.000	1353.181	54.640	122.320	81.750	183.020	1.658	1.551	3.891	
5	2.000	2.000	293.000	666.449	1357.088	1359.283	1360.757	8,9,	1361.034,1362.050,	nan	nan	9.000	1363.768	54.640	183.020	66.830	223.870	1.209	1.474	3.293	
5	2.000	2.000	294.000	666.449	1367.078	1368.606	1369.617	8,	1370.228,	nan	nan	8.000	1372.628	44.670	183.020	81.750	223.870	0.543	1.011	2.849	
5	2.000	2.000	295.000	666.449	1375.493	1378.006	1379.875	9,8,	1379.996,1381.274,	nan	nan	8.000	1382.886	54.640	149.620	66.830	183.020	1.527	1.870	3.994	
5	2.000	2.000	296.000	666.449	1386.895	1388.382	1389.224	8,	1389.525,	nan	nan	8.000	1392.236	44.670	183.020	66.830	223.870	0.500	0.842	2.232	
5	2.000	2.000	297.000	666.449	1394.481	1397.083	1397.694	8,	1398.053,	nan	nan	8.000	1400.704	66.830	149.620	81.750	223.870	1.614	0.611	2.932	
5	2.000	2.000	298.000	666.449	1403.651	1405.790	1407.563	8,	1407.696,	nan	nan	8.000	1410.577	44.670	122.320	81.750	223.870	1.151	1.773	3.299	
5	2.000	2.000	299.000	666.449	1413.892	1416.758	1417.841	8,8,	1417.856,1418.171,	nan	nan	8.000	1420.855	66.830	122.320	81.750	149.620	1.879	1.084	2.707	
5	2.000	2.000	300.000	666.449	1423.580	1425.710	1427.208	9,	1428.571,	nan	nan	9.000	1430.219	54.640	44.670	66.830	44.670	1.146	1.498	2.598	
5	2.000	2.000	301.000	666.449	1432.832	1435.713	1437.206	8,8,	1437.340,1437.594,	nan	nan	8.000	1440.219	66.830	149.620	81.750	183.020	1.894	1.494	3.820	
5	2.000	2.000	302.000	666.449	1444.053	1445.720	1447.474	8,	1447.682,	nan	nan	8.000	1450.487	44.670	122.320	54.640	183.020	0.678	1.754	3.376	
5	2.000	2.000	303.000	666.449	1453.881	1456.798	1458.754	8,	1458.958,	nan	nan	8.000	1461.768	44.670	149.620	81.750	183.020	1.932	1.957	3.801	
5	2.000	2.000	304.000	666.449	1465.584	1467.283	1468.395	8,	1468.538,	nan	nan	8.000	1471.410	66.830	122.320	81.750	223.870	0.712	1.113	2.605	
5	2.000	2.000	305.000	666.449	1474.029	1476.409	1478.249	8,	1478.686,	nan	nan	8.000	1481.260	44.670	122.320	81.750	149.620	1.392	1.841	2.039	
5	2.000	2.000	306.000	666.449	1483.312	1484.811	1486.077	8,	1486.285,	nan	nan	8.000	1489.091	44.670	122.320	66.830	149.620	0.510	1.267	3.228	
5	2.000	2.000	307.000	666.449	1492.333	1495.114	1496.404	8,	1496.715,	nan	nan	8.000	1499.416	44.670	122.320	54.640	149.620	1.793	1.291	3.190	
5	2.000	2.000	308.000	666.449	1502.619	1505.468	1506.141	8,	1506.311,	nan	nan	8.000	1509.154	44.670	223.870	66.830	122.320	1.860	0.674	3.550	
5	2.000	2.000	309.000	666.449	1512.718	1515.441	1517.060	9,	1517.222,	nan	nan	9.000	1520.074	54.640	183.020	81.750	223.870	1.735	1.619	2.103	
5	2.000	2.000	310.000	666.449	1522.190	1524.465	1525.071	8,	1525.346,	nan	nan	8.000	1528.084	54.640	149.620	81.750	183.020	1.286	0.606	2.437	
5	2.000	2.000	311.000	666.449	1530.535	1532.825	1533.686	8,	1533.775,	nan	nan	8.000	1536.699	54.640	149.620	66.830	223.870	1.301	0.862	2.862	
5	2.000	2.000	312.000	666.449	1539.574	1541.377	1542.710	8,	1542.879,	nan	nan	8.000	1545.724	44.670	122.320	54.640	223.870	0.814	1.334	3.061	
