subjID	session	Block	trialCount	earnings	Gam1Onset	Gam2Onset	FBOnset	KPs	RT	KPlate	RTlate	KP_Final	SLOnset	Gam1_1	Gam1_2	Gam2_1	Gam2_2	jit1	jit2	jit3	
6	2.000	1.000	1.000	1219.811	53.077	55.674	56.727	9,	57.826,	nan	nan	9.000	59.742	183.020	66.830	223.870	66.830	1.600	1.055	3.151	
6	2.000	1.000	2.000	1219.811	62.905	65.202	66.588	nan	nan	9.000	69.614	nan	nan	54.640	223.870	44.670	122.320	1.305	1.387	2.553	
6	2.000	1.000	3.000	1219.811	72.178	74.962	76.441	9,	76.718,	nan	nan	9.000	79.453	66.830	223.870	44.670	122.320	1.793	1.479	3.293	
6	2.000	1.000	4.000	1219.811	82.756	85.729	86.638	nan	nan	nan	nan	nan	nan	66.830	183.020	54.640	149.620	1.981	0.910	2.547	
6	2.000	1.000	5.000	1219.811	92.216	94.104	95.896	nan	nan	nan	nan	nan	nan	54.640	183.020	44.670	122.320	0.895	1.793	2.135	
6	2.000	1.000	6.000	1219.811	101.067	103.500	105.427	9,	106.006,	nan	nan	9.000	108.438	81.750	223.870	44.670	122.320	1.441	1.928	2.090	
6	2.000	1.000	7.000	1219.811	110.538	112.657	113.552	9,	114.069,	nan	nan	9.000	116.563	66.830	183.020	44.670	122.320	1.127	0.895	2.540	
6	2.000	1.000	8.000	1219.811	119.113	121.078	121.712	8,8,	122.070,123.306,	nan	nan	8.000	124.723	81.750	149.620	44.670	223.870	0.973	0.635	3.273	
6	2.000	1.000	9.000	1219.811	128.007	130.164	130.727	9,9,	131.472,132.638,	nan	nan	9.000	133.737	81.750	149.620	54.640	122.320	1.166	0.563	3.428	
6	2.000	1.000	10.000	1219.811	137.176	140.133	140.686	9,	142.140,	nan	nan	9.000	143.697	66.830	223.870	54.640	149.620	1.966	0.553	3.833	
6	2.000	1.000	11.000	1219.811	147.539	149.688	150.843	8,8,	151.524,152.019,	8.000	153.854	8.000	153.854	66.830	223.870	54.640	183.020	1.156	1.156	3.132	
6	2.000	1.000	12.000	1219.811	156.996	158.594	159.663	8,8,	160.177,161.103,	8.000	162.674	8.000	162.674	66.830	223.870	54.640	122.320	0.606	1.069	3.839	
6	2.000	1.000	13.000	1219.811	166.523	168.266	169.007	8,	170.016,	nan	nan	8.000	172.018	81.750	149.620	54.640	183.020	0.751	0.741	2.817	
6	2.000	1.000	14.000	1219.811	174.845	177.653	179.248	9,	179.543,	nan	nan	9.000	182.261	183.020	122.320	223.870	122.320	1.817	1.595	2.785	
6	2.000	1.000	15.000	1219.811	185.056	186.673	188.456	8,	188.961,	8.000	191.467	8.000	191.467	81.750	122.320	66.830	183.020	0.625	1.783	3.068	
6	2.000	1.000	16.000	1219.811	194.546	196.649	197.424	9,9,	197.966,198.715,	9.000	200.435	9.000	200.435	66.830	149.620	44.670	122.320	1.113	0.775	3.441	
6	2.000	1.000	17.000	1219.811	203.887	205.860	207.416	8,8,	207.883,209.139,	8.000	210.427	8.000	210.427	66.830	223.870	44.670	183.020	0.982	1.556	2.315	
6	2.000	1.000	18.000	1219.811	212.752	214.273	214.999	8,8,	215.358,216.097,	8.000	218.010	8.000	218.010	54.640	223.870	44.670	183.020	0.529	0.727	3.035	
6	2.000	1.000	19.000	1219.811	221.056	222.726	223.486	8,8,	223.657,224.291,	8.000	226.497	8.000	226.497	81.750	183.020	66.830	149.620	0.678	0.760	2.476	
6	2.000	1.000	20.000	1219.811	228.983	231.811	233.001	8,	233.500,	8.000	236.012	8.000	236.012	81.750	223.870	66.830	183.020	1.836	1.190	2.206	
6	2.000	1.000	21.000	1219.811	238.228	241.041	241.854	9,9,	242.159,242.860,	9.000	244.866	9.000	244.866	81.750	223.870	66.830	122.320	1.822	0.814	2.129	
6	2.000	1.000	22.000	1219.811	247.007	249.698	250.742	nan	nan	nan	nan	nan	nan	81.750	223.870	66.830	149.620	1.701	1.045	3.312	
6	2.000	1.000	23.000	1219.811	257.094	259.540	261.279	9,	261.922,	nan	nan	9.000	264.290	66.830	183.020	44.670	149.620	1.460	1.740	2.399	
6	2.000	1.000	24.000	1219.811	266.700	269.474	270.982	9,9,	271.321,271.898,	9.000	273.993	9.000	273.993	81.750	149.620	66.830	122.320	1.783	1.508	2.116	
6	2.000	1.000	25.000	1219.811	276.119	278.435	278.959	8,8,	279.273,279.913,	8.000	281.970	8.000	281.970	81.750	223.870	44.670	183.020	1.325	0.524	2.071	
6	2.000	1.000	26.000	1219.811	284.052	286.995	287.649	9,9,	287.777,288.347,	9.000	290.660	9.000	290.660	54.640	149.620	44.670	122.320	1.952	0.654	3.228	
6	2.000	1.000	27.000	1219.811	293.899	295.897	296.811	9,9,	297.672,298.367,	nan	nan	9.000	299.822	66.830	149.620	81.750	149.620	1.006	0.915	3.859	
6	2.000	1.000	28.000	1219.811	303.691	305.631	306.256	9,9,9,	306.838,307.348,308.010,	9.000	309.266	9.000	309.266	81.750	183.020	44.670	122.320	0.949	0.625	2.367	
6	2.000	1.000	29.000	1219.811	311.644	314.505	316.447	9,9,	316.842,317.447,	9.000	319.458	9.000	319.458	66.830	183.020	54.640	122.320	1.870	1.942	3.531	
6	2.000	1.000	30.000	1219.811	322.999	325.248	326.340	nan	nan	nan	nan	nan	nan	54.640	223.870	44.670	149.620	1.257	1.093	2.521	
6	2.000	1.000	31.000	1219.811	331.899	334.292	335.704	8,8,8,	336.147,336.666,337.567,	nan	nan	8.000	338.715	66.830	223.870	44.670	149.620	1.402	1.412	3.768	
6	2.000	1.000	32.000	1219.811	342.494	345.066	345.870	8,8,8,	346.721,347.176,347.796,	nan	nan	8.000	348.881	81.750	223.870	54.640	183.020	1.580	0.804	2.424	
6	2.000	1.000	33.000	1219.811	351.315	354.264	355.448	8,	356.531,	8.000	358.459	8.000	358.459	81.750	223.870	54.640	149.620	1.957	1.185	3.678	
6	2.000	1.000	34.000	1219.811	362.148	363.804	365.639	9,9,	366.138,366.749,	nan	nan	9.000	368.651	54.640	183.020	44.670	149.620	0.664	1.836	2.328	
6	2.000	1.000	35.000	1219.811	370.989	372.809	374.553	9,9,	375.027,375.653,	nan	nan	9.000	377.564	81.750	183.020	54.640	122.320	0.828	1.744	3.878	
6	2.000	1.000	36.000	1219.811	381.453	384.126	385.643	8,	385.853,	nan	nan	8.000	388.656	81.750	149.620	44.670	183.020	1.682	1.518	2.939	
6	2.000	1.000	37.000	1219.811	391.606	393.396	394.267	9,9,	394.374,394.875,	nan	nan	9.000	397.278	81.750	149.620	44.670	122.320	0.799	0.871	3.003	
6	2.000	1.000	38.000	1219.811	400.294	402.714	404.362	9,	404.670,	nan	nan	9.000	407.376	66.830	149.620	54.640	122.320	1.431	1.648	3.055	
6	2.000	1.000	39.000	1219.811	410.443	412.579	414.516	9,	415.674,	nan	nan	9.000	417.527	81.750	223.870	54.640	122.320	1.146	1.937	2.341	
6	2.000	1.000	40.000	1219.811	419.879	421.592	423.080	9,	423.445,	nan	nan	9.000	426.092	66.830	54.640	81.750	54.640	0.722	1.489	2.463	
6	2.000	1.000	41.000	1219.811	428.566	430.491	432.269	8,	432.586,	nan	nan	8.000	435.282	81.750	122.320	66.830	223.870	0.934	1.778	3.942	
6	2.000	1.000	42.000	1219.811	439.235	441.580	442.837	8,	443.197,	nan	nan	8.000	445.848	81.750	122.320	44.670	149.620	1.354	1.257	3.653	
6	2.000	1.000	43.000	1219.811	449.511	451.552	453.378	9,	453.753,	nan	nan	9.000	456.390	66.830	183.020	81.750	122.320	1.050	1.826	2.534	
6	2.000	1.000	44.000	1219.811	458.934	461.096	461.629	8,8,	461.992,462.538,	nan	nan	8.000	464.640	81.750	149.620	66.830	183.020	1.170	0.534	3.016	
6	2.000	1.000	45.000	1219.811	467.671	469.646	470.410	9,9,	470.934,471.714,	nan	nan	9.000	473.422	66.830	149.620	44.670	183.020	0.987	0.765	3.299	
6	2.000	1.000	46.000	1219.811	476.733	479.491	480.695	8,	481.283,	nan	nan	8.000	483.706	81.750	122.320	44.670	223.870	1.768	1.204	3.884	
6	2.000	1.000	47.000	1219.811	487.601	490.399	492.355	8,	492.477,	nan	nan	8.000	495.369	66.830	122.320	44.670	149.620	1.807	1.957	2.605	
6	2.000	1.000	48.000	1219.811	497.984	500.252	501.904	9,	502.215,	nan	nan	9.000	504.915	81.750	183.020	44.670	223.870	1.277	1.653	3.659	
6	2.000	1.000	49.000	1219.811	508.587	511.056	512.293	8,	512.678,	nan	nan	8.000	515.304	66.830	122.320	54.640	149.620	1.479	1.238	3.871	
6	2.000	1.000	50.000	1219.811	519.187	521.420	522.007	8,	522.636,	nan	nan	8.000	525.017	81.750	122.320	54.640	183.020	1.243	0.587	2.650	
6	2.000	1.000	51.000	1219.811	527.678	530.192	531.096	8,	531.436,	nan	nan	8.000	534.110	44.670	223.870	81.750	149.620	1.523	0.905	2.797	
6	2.000	1.000	52.000	1219.811	536.919	538.559	540.279	9,	540.554,	nan	nan	9.000	543.293	66.830	149.620	44.670	223.870	0.650	1.720	3.511	
6	2.000	1.000	53.000	1219.811	546.816	549.792	550.639	9,	551.014,	nan	nan	9.000	553.652	149.620	81.750	223.870	81.750	1.986	0.847	2.334	
6	2.000	1.000	54.000	1219.811	555.997	558.906	559.965	9,	560.330,	nan	nan	9.000	562.976	66.830	149.620	54.640	183.020	1.918	1.059	2.656	
6	2.000	1.000	55.000	1219.811	565.642	568.567	569.698	8,	570.007,	nan	nan	8.000	572.712	54.640	122.320	66.830	183.020	1.932	1.132	3.209	
6	2.000	1.000	56.000	1219.811	575.932	578.258	579.336	8,	579.607,	nan	nan	8.000	582.347	54.640	122.320	81.750	149.620	1.334	1.079	2.154	
6	2.000	1.000	57.000	1219.811	584.514	586.544	587.593	9,	587.823,	nan	nan	9.000	590.607	54.640	183.020	81.750	149.620	1.040	1.050	3.498	
6	2.000	1.000	58.000	1219.811	594.118	597.079	598.779	9,	599.379,	nan	nan	9.000	601.791	44.670	183.020	81.750	149.620	1.971	1.701	2.000	
6	2.000	1.000	59.000	1219.811	603.802	605.891	607.215	8,	607.333,	nan	nan	8.000	610.228	66.830	122.320	44.670	183.020	1.098	1.325	2.379	
6	2.000	1.000	60.000	1219.811	612.619	614.872	616.042	8,	616.511,	nan	nan	8.000	619.052	81.750	122.320	54.640	223.870	1.262	1.170	3.421	
6	2.000	1.000	61.000	1219.811	622.485	624.636	625.662	9,	625.902,	nan	nan	9.000	628.676	81.750	183.020	66.830	223.870	1.161	1.026	2.842	
6	2.000	1.000	62.000	1219.811	631.532	633.334	634.513	9,	634.896,	nan	nan	9.000	637.524	81.750	183.020	54.640	223.870	0.814	1.180	2.958	
6	2.000	1.000	63.000	1219.811	640.496	643.161	644.867	9,	645.308,	nan	nan	9.000	647.878	81.750	149.620	66.830	223.870	1.677	1.706	3.994	
6	2.000	1.000	64.000	1219.811	651.883	654.729	656.410	8,	656.940,	nan	nan	8.000	659.421	81.750	122.320	44.670	183.020	1.855	1.682	2.662	
6	2.000	1.000	65.000	1219.811	662.095	664.700	665.600	8,	666.126,	nan	nan	8.000	668.611	54.640	122.320	44.670	149.620	1.614	0.900	2.167	
6	2.000	1.000	66.000	1219.811	670.792	673.081	673.851	9,9,	674.154,674.645,	nan	nan	9.000	676.861	149.620	122.320	223.870	122.320	1.301	0.770	2.251	
6	2.000	1.000	67.000	1219.811	679.123	681.019	682.710	9,	683.070,	nan	nan	9.000	685.722	66.830	149.620	54.640	223.870	0.905	1.691	3.582	
6	2.000	1.000	68.000	1219.811	689.315	691.732	693.544	9,	693.931,	nan	nan	9.000	696.555	81.750	149.620	54.640	223.870	1.426	1.812	3.357	
6	2.000	1.000	69.000	1219.811	699.923	702.649	703.525	8,	704.019,	nan	nan	8.000	706.535	81.750	122.320	66.830	149.620	1.735	0.876	3.267	
6	2.000	1.000	70.000	1219.811	709.813	712.366	714.259	8,	714.366,	nan	nan	8.000	717.272	54.640	122.320	66.830	223.870	1.561	1.894	3.280	
6	2.000	1.000	71.000	1219.811	720.563	722.960	723.821	9,	724.316,	nan	nan	9.000	726.832	54.640	183.020	44.670	223.870	1.407	0.862	2.309	
6	2.000	1.000	72.000	1219.811	729.152	731.849	732.787	9,	733.343,	nan	nan	9.000	735.799	66.830	183.020	54.640	223.870	1.706	0.939	3.473	
6	2.000	1.000	73.000	1219.811	739.282	741.227	741.972	8,8,8,8,	741.986,742.620,743.330,743.966,	nan	nan	8.000	744.983	54.640	122.320	44.670	183.020	0.953	0.746	3.897	
6	2.000	1.000	74.000	1219.811	748.891	750.435	750.940	9,9,	751.914,752.507,	nan	nan	9.000	753.950	66.830	183.020	44.670	223.870	0.553	0.505	3.061	
6	2.000	1.000	75.000	1219.811	757.022	759.700	760.581	8,	761.085,	nan	nan	8.000	763.592	44.670	122.320	66.830	223.870	1.686	0.881	3.376	
6	2.000	1.000	76.000	1219.811	766.980	769.869	771.261	8,	771.522,	nan	nan	8.000	774.275	54.640	149.620	44.670	183.020	1.899	1.392	2.186	
6	2.000	1.000	77.000	1219.811	776.473	778.388	779.736	8,8,	780.419,780.959,	nan	nan	8.000	782.747	54.640	122.320	44.670	223.870	0.924	1.349	2.418	
6	2.000	1.000	78.000	1219.811	785.178	787.512	788.551	9,	788.905,	nan	nan	9.000	791.563	54.640	149.620	44.670	223.870	1.344	1.040	2.219	
6	2.000	1.000	79.000	1219.811	793.794	796.301	796.839	8,8,	797.317,797.990,	nan	nan	8.000	799.850	54.640	223.870	81.750	223.870	1.518	0.539	3.614	
6	2.000	1.000	80.000	1219.811	803.476	805.738	807.737	nan	nan	nan	nan	nan	nan	66.830	122.320	44.670	223.870	1.272	2.000	2.502	
6	2.000	1.000	81.000	1219.811	813.273	815.799	817.645	9,	817.682,	nan	nan	9.000	820.658	66.830	149.620	81.750	122.320	1.537	1.846	3.042	
6	2.000	1.000	82.000	1219.811	823.711	826.311	827.940	8,	828.565,	nan	nan	8.000	830.950	66.830	223.870	81.750	149.620	1.609	1.629	2.752	
6	2.000	1.000	83.000	1219.811	833.715	835.938	837.846	9,	838.415,	nan	nan	9.000	840.857	81.750	183.020	66.830	122.320	1.233	1.908	2.360	
6	2.000	1.000	84.000	1219.811	843.228	845.414	846.782	9,	847.305,	nan	nan	9.000	849.793	44.670	183.020	66.830	149.620	1.195	1.368	3.350	
6	2.000	1.000	85.000	1219.811	853.155	855.214	855.825	9,	856.385,	nan	nan	9.000	858.836	44.670	183.020	54.640	122.320	1.069	0.611	3.910	
6	2.000	1.000	86.000	1219.811	862.758	864.879	866.223	nan	nan	nan	nan	nan	nan	66.830	223.870	81.750	183.020	1.132	1.344	2.508	
6	2.000	1.000	87.000	1219.811	871.768	873.414	875.409	8,	875.614,	nan	nan	8.000	878.421	81.750	223.870	44.670	149.620	0.659	1.995	2.514	
6	2.000	1.000	88.000	1219.811	880.947	883.402	884.235	8,	884.735,	nan	nan	8.000	887.246	44.670	223.870	66.830	149.620	1.465	0.833	2.971	
6	2.000	1.000	89.000	1219.811	890.230	892.641	894.606	9,	894.867,	nan	nan	9.000	897.618	44.670	223.870	54.640	122.320	1.421	1.966	2.740	
6	2.000	1.000	90.000	1219.811	900.368	902.477	903.642	8,	903.869,	nan	nan	8.000	906.655	44.670	223.870	54.640	149.620	1.117	1.166	2.701	
6	2.000	1.000	91.000	1219.811	909.367	912.271	913.480	9,	913.702,	nan	nan	9.000	916.491	54.640	223.870	81.750	122.320	1.913	1.209	2.437	
6	2.000	1.000	92.000	1219.811	918.940	920.469	921.306	9,9,	921.729,922.256,	nan	nan	9.000	924.317	54.640	44.670	81.750	44.670	0.539	0.838	3.723	
6	2.000	1.000	93.000	1219.811	928.052	929.900	930.418	9,9,	930.613,931.041,	nan	nan	9.000	933.429	54.640	183.020	66.830	149.620	0.857	0.519	3.981	
6	2.000	1.000	94.000	1219.811	937.422	940.200	940.801	8,9,9,	941.521,942.165,942.391,	9.000	943.812	9.000	943.812	44.670	149.620	81.750	122.320	1.788	0.601	3.196	
6	2.000	1.000	95.000	1219.811	947.021	950.001	950.886	8,	951.225,	nan	nan	8.000	953.897	44.670	223.870	54.640	183.020	1.990	0.886	3.916	
6	2.000	1.000	96.000	1219.811	957.824	959.470	960.182	9,	960.767,	nan	nan	9.000	963.192	81.750	183.020	44.670	149.620	0.654	0.712	2.682	
6	2.000	1.000	97.000	1219.811	965.885	967.805	968.696	8,	969.087,	nan	nan	8.000	971.707	44.670	223.870	66.830	183.020	0.929	0.891	3.955	
6	2.000	1.000	98.000	1219.811	975.674	978.235	979.086	9,	979.388,	nan	nan	9.000	982.098	44.670	149.620	54.640	122.320	1.571	0.852	3.048	
6	2.000	1.000	99.000	1219.811	985.161	987.497	989.000	nan	nan	nan	nan	nan	nan	44.670	183.020	54.640	149.620	1.349	1.503	4.000	
6	2.000	1.000	100.000	1219.811	996.038	998.264	999.347	9,9,	999.518,999.735,	nan	nan	9.000	1002.358	44.670	149.620	66.830	122.320	1.238	1.084	3.756	
6	2.000	1.000	101.000	1219.811	1006.140	1008.325	1009.476	9,	1009.742,	nan	nan	9.000	1012.489	81.750	183.020	54.640	149.620	1.209	1.151	3.543	
6	2.000	1.000	102.000	1219.811	1016.047	1018.881	1020.075	8,8,	1020.176,1020.556,	nan	nan	8.000	1023.086	66.830	122.320	54.640	223.870	1.846	1.195	3.318	
6	2.000	1.000	103.000	1219.811	1026.418	1028.278	1029.206	9,9,	1029.379,1029.531,	nan	nan	9.000	1032.217	54.640	149.620	66.830	122.320	0.871	0.929	3.601	
6	2.000	1.000	104.000	1219.811	1035.830	1037.369	1038.592	9,9,	1038.796,1039.067,	nan	nan	9.000	1041.603	54.640	183.020	81.750	122.320	0.548	1.223	2.810	
6	2.000	1.000	105.000	1219.811	1044.426	1046.552	1047.307	8,8,	1047.615,1047.811,	nan	nan	8.000	1050.318	149.620	66.830	183.020	66.830	1.137	0.756	2.405	
6	2.000	1.000	106.000	1219.811	1052.735	1054.365	1056.114	8,8,	1056.263,1056.420,	nan	nan	8.000	1059.126	44.670	183.020	81.750	122.320	0.640	1.749	3.762	
6	2.000	1.000	107.000	1219.811	1062.899	1064.809	1065.729	8,8,	1066.019,1066.584,	nan	nan	8.000	1068.740	54.640	223.870	66.830	183.020	0.920	0.920	2.855	
6	2.000	1.000	108.000	1219.811	1071.607	1073.936	1074.667	8,8,	1074.837,1075.216,	nan	nan	8.000	1077.678	66.830	122.320	54.640	183.020	1.339	0.732	3.325	
6	2.000	1.000	109.000	1219.811	1081.015	1083.113	1084.881	8,	1085.016,	nan	nan	8.000	1087.895	54.640	223.870	66.830	149.620	1.108	1.768	3.852	
6	2.000	1.000	110.000	1219.811	1091.759	1094.132	1094.950	8,8,	1095.227,1095.439,	nan	nan	8.000	1097.960	44.670	223.870	81.750	183.020	1.383	0.818	2.045	
6	2.000	1.000	111.000	1219.811	1100.018	1101.700	1103.116	8,8,	1103.244,1103.443,	nan	nan	8.000	1106.129	54.640	223.870	81.750	183.020	0.693	1.416	2.257	
6	2.000	1.000	112.000	1219.811	1108.400	1110.062	1111.015	8,8,	1111.235,1111.450,	nan	nan	8.000	1114.026	44.670	223.870	81.750	122.320	0.674	0.953	3.608	
6	2.000	1.000	113.000	1219.811	1117.646	1119.213	1120.320	8,8,	1120.507,1120.849,	nan	nan	8.000	1123.331	54.640	223.870	81.750	149.620	0.577	1.108	2.032	
6	2.000	1.000	114.000	1219.811	1125.374	1127.334	1128.865	8,	1129.314,	nan	nan	8.000	1131.877	81.750	122.320	54.640	149.620	0.968	1.532	3.125	
6	2.000	1.000	115.000	1219.811	1135.013	1137.561	1138.485	8,8,	1138.534,1138.868,	nan	nan	8.000	1141.496	66.830	183.020	81.750	149.620	1.556	0.924	2.431	
6	2.000	1.000	116.000	1219.811	1143.939	1145.462	1146.121	8,8,	1146.498,1146.913,	nan	nan	8.000	1149.132	66.830	223.870	81.750	122.320	0.534	0.659	3.363	
6	2.000	1.000	117.000	1219.811	1152.509	1154.340	1155.693	9,9,9,	1156.007,1156.204,1156.500,	nan	nan	9.000	1158.704	44.670	183.020	66.830	122.320	0.842	1.354	3.576	
6	2.000	1.000	118.000	1219.811	1162.291	1164.737	1165.757	8,8,	1165.859,1166.087,	nan	nan	8.000	1168.770	149.620	122.320	183.020	122.320	1.455	1.021	3.023	
6	2.000	1.000	119.000	1219.811	1171.810	1174.568	1176.177	9,	1176.374,	nan	nan	9.000	1179.191	44.670	149.620	81.750	223.870	1.773	1.609	3.119	
6	2.000	1.000	120.000	1219.811	1182.322	1184.463	1185.108	9,9,	1185.358,1185.492,	nan	nan	9.000	1188.119	44.670	183.020	81.750	223.870	1.151	0.645	3.241	
6	2.000	1.000	121.000	1219.811	1191.372	1193.436	1195.209	9,9,	1195.485,1195.713,	nan	nan	9.000	1198.221	44.670	183.020	66.830	223.870	1.074	1.773	2.920	
6	2.000	1.000	122.000	1219.811	1201.190	1203.969	1205.168	9,9,9,	1205.318,1205.548,1205.762,	nan	nan	9.000	1208.179	54.640	223.870	66.830	122.320	1.826	1.199	2.977	
6	2.000	1.000	123.000	1219.811	1211.170	1213.918	1215.416	8,8,	1215.464,1215.829,	nan	nan	8.000	1218.427	54.640	149.620	81.750	183.020	1.759	1.498	3.183	
6	2.000	1.000	124.000	1219.811	1221.621	1223.392	1224.466	8,8,8,	1224.829,1225.127,1225.375,	nan	nan	8.000	1227.477	44.670	122.320	81.750	223.870	0.780	1.074	3.891	
6	2.000	1.000	125.000	1219.811	1231.379	1233.853	1235.168	8,	1235.347,	nan	nan	8.000	1238.179	44.670	122.320	66.830	183.020	1.484	1.315	2.894	
6	2.000	1.000	126.000	1219.811	1241.084	1243.467	1244.275	8,8,8,	1244.578,1244.849,1245.163,	nan	nan	8.000	1247.287	66.830	122.320	81.750	223.870	1.392	0.809	2.019	
6	2.000	1.000	127.000	1219.811	1249.317	1251.035	1252.581	8,	1252.873,	nan	nan	8.000	1255.595	66.830	149.620	81.750	223.870	0.727	1.547	2.566	
6	2.000	1.000	128.000	1219.811	1258.173	1260.107	1260.973	9,9,	1260.990,1261.332,	nan	nan	9.000	1263.984	44.670	149.620	66.830	223.870	0.944	0.867	2.823	
6	2.000	1.000	129.000	1219.811	1266.822	1269.443	1270.724	nan	nan	nan	nan	nan	nan	66.830	122.320	81.750	183.020	1.633	1.281	3.974	
6	2.000	1.000	130.000	1219.811	1277.736	1279.684	1281.168	9,9,	1281.404,1281.523,	nan	nan	9.000	1284.179	44.670	149.620	54.640	223.870	0.958	1.484	3.215	
6	2.000	1.000	131.000	1219.811	1287.414	1289.273	1290.067	8,8,	1290.282,1290.565,	nan	nan	8.000	1293.078	54.640	223.870	66.830	223.870	0.876	0.794	2.270	
6	2.000	1.000	132.000	1219.811	1295.361	1297.087	1298.821	9,	1299.129,	nan	nan	9.000	1301.835	44.670	183.020	54.640	223.870	0.736	1.735	3.929	
6	2.000	1.000	133.000	1219.811	1305.778	1308.385	1309.420	8,8,	1309.798,1310.439,	nan	nan	8.000	1312.431	54.640	149.620	66.830	183.020	1.619	1.035	3.408	
6	2.000	1.000	134.000	1219.811	1315.853	1318.480	1320.007	9,9,9,	1320.025,1320.209,1320.338,	nan	nan	9.000	1323.018	54.640	149.620	66.830	223.870	1.638	1.527	3.145	
6	2.000	1.000	135.000	1219.811	1326.175	1328.031	1329.881	8,	1329.961,	nan	nan	8.000	1332.896	44.670	122.320	81.750	149.620	0.867	1.850	3.170	
6	2.000	1.000	136.000	1219.811	1336.079	1338.581	1339.742	9,9,9,	1340.298,1340.560,1340.744,	nan	nan	9.000	1342.753	54.640	183.020	81.750	223.870	1.513	1.161	3.621	
6	2.000	1.000	137.000	1219.811	1346.387	1349.091	1349.639	8,8,8,	1349.936,1350.587,1350.844,	nan	nan	8.000	1352.650	44.670	122.320	54.640	149.620	1.715	0.548	3.749	
6	2.000	1.000	138.000	1219.811	1356.412	1358.692	1359.905	9,9,	1360.092,1360.377,	nan	nan	9.000	1362.916	54.640	183.020	66.830	122.320	1.291	1.214	2.707	
6	2.000	1.000	139.000	1219.811	1365.643	1368.013	1368.682	8,8,	1369.527,1369.747,	nan	nan	8.000	1371.693	66.830	122.320	81.750	149.620	1.387	0.669	3.949	
6	2.000	1.000	140.000	1219.811	1375.656	1377.433	1378.183	9,9,9,	1379.310,1379.649,1380.100,	nan	nan	9.000	1381.194	44.670	149.620	54.640	183.020	0.789	0.751	3.106	
6	2.000	1.000	141.000	1219.811	1384.317	1386.096	1388.067	9,	1388.340,	nan	nan	9.000	1391.082	54.640	183.020	66.830	223.870	0.794	1.971	2.039	
6	2.000	1.000	142.000	1219.811	1393.149	1395.920	1397.022	nan	nan	nan	nan	nan	nan	44.670	149.620	66.830	183.020	1.797	1.103	2.598	
6	2.000	1.000	143.000	1219.811	1402.658	1404.736	1405.414	8,8,	1405.709,1405.923,	nan	nan	8.000	1408.425	44.670	122.320	66.830	149.620	1.088	0.678	2.868	
6	2.000	1.000	144.000	1219.811	1411.306	1413.128	1414.935	9,9,	1414.988,1415.397,	nan	nan	9.000	1417.946	54.640	44.670	66.830	44.670	0.833	1.807	3.395	
6	2.000	1.000	145.000	1219.811	1421.354	1423.780	1424.482	8,8,8,8,8,	1424.504,1424.974,1425.403,1425.773,1426.161,	8.000	1427.493	8.000	1427.493	44.670	122.320	54.640	223.870	1.436	0.703	2.141	
6	2.000	1.000	146.000	1219.811	1429.646	1431.667	1433.377	8,	1433.427,	nan	nan	8.000	1436.391	66.830	149.620	81.750	183.020	1.031	1.711	3.730	
6	2.000	1.000	147.000	1219.811	1440.133	1441.908	1442.909	8,8,8,	1443.049,1443.303,1443.578,	nan	nan	8.000	1445.921	54.640	122.320	81.750	223.870	0.785	1.002	3.203	
6	2.000	1.000	148.000	1219.811	1449.136	1451.856	1453.214	9,9,9,	1453.460,1453.768,1453.941,	nan	nan	9.000	1456.225	54.640	149.620	81.750	223.870	1.730	1.359	2.630	
6	2.000	1.000	149.000	1219.811	1458.866	1461.177	1462.993	8,8,	1463.029,1463.321,	nan	nan	8.000	1466.007	44.670	122.320	81.750	183.020	1.320	1.817	3.820	
6	2.000	1.000	150.000	1219.811	1469.842	1472.477	1474.206	8,	1474.486,	nan	nan	8.000	1477.221	54.640	122.320	81.750	183.020	1.648	1.730	3.505	
6	2.000	1.000	151.000	1219.811	1480.741	1482.493	1483.769	nan	nan	nan	nan	nan	nan	44.670	223.870	66.830	122.320	0.765	1.277	3.781	
6	2.000	1.000	152.000	1219.811	1490.584	1492.291	1493.389	9,9,9,9,	1493.682,1493.827,1494.023,1494.455,	nan	nan	9.000	1496.400	54.640	149.620	81.750	122.320	0.717	1.098	3.807	
6	2.000	1.000	153.000	1219.811	1500.219	1502.046	1503.689	9,	1504.203,	nan	nan	9.000	1506.701	66.830	183.020	81.750	223.870	0.838	1.643	3.254	
6	2.000	1.000	154.000	1219.811	1509.966	1511.572	1513.148	8,8,	1513.377,1513.504,	nan	nan	8.000	1516.159	44.670	149.620	81.750	183.020	0.616	1.576	3.968	
6	2.000	1.000	155.000	1219.811	1520.140	1521.696	1523.677	8,8,	1523.904,1524.105,	nan	nan	8.000	1526.689	54.640	122.320	66.830	149.620	0.568	1.981	3.222	
6	2.000	1.000	156.000	1219.811	1529.922	1531.533	1532.090	8,8,8,	1532.403,1532.731,1533.113,	nan	nan	8.000	1535.101	44.670	122.320	54.640	183.020	0.621	0.558	3.389	
6	2.000	2.000	157.000	1219.811	27.635	29.993	31.365	9,9,	31.638,31.881,	nan	nan	9.000	34.380	183.020	81.750	223.870	81.750	1.359	1.373	2.277	
6	2.000	2.000	158.000	1219.811	36.670	38.908	40.241	8,	40.408,	nan	nan	8.000	43.257	81.750	122.320	66.830	183.020	1.248	1.334	2.103	
6	2.000	2.000	159.000	1219.811	45.373	47.249	47.821	8,8,	48.124,48.395,	nan	nan	8.000	50.833	66.830	223.870	54.640	183.020	0.886	0.572	2.637	
6	2.000	2.000	160.000	1219.811	53.483	56.057	57.936	8,	58.241,	nan	nan	8.000	60.950	81.750	149.620	44.670	183.020	1.585	1.879	3.563	
6	2.000	2.000	161.000	1219.811	64.526	67.510	68.656	9,9,	68.878,69.654,	nan	nan	9.000	71.668	66.830	183.020	44.670	149.620	1.995	1.146	2.862	
6	2.000	2.000	162.000	1219.811	74.541	77.334	79.295	8,8,	79.538,79.773,	nan	nan	8.000	82.306	54.640	223.870	44.670	149.620	1.802	1.961	3.415	
6	2.000	2.000	163.000	1219.811	85.734	87.744	89.184	9,9,	89.196,89.412,	nan	nan	9.000	92.198	81.750	149.620	44.670	122.320	1.021	1.441	2.579	
6	2.000	2.000	164.000	1219.811	94.789	97.683	98.371	8,	98.879,	nan	nan	8.000	101.382	54.640	223.870	44.670	183.020	1.904	0.688	2.984	
6	2.000	2.000	165.000	1219.811	104.377	106.586	108.562	9,	108.753,	nan	nan	9.000	111.576	81.750	149.620	54.640	183.020	1.219	1.976	2.527	
6	2.000	2.000	166.000	1219.811	114.115	116.083	116.790	9,9,	117.429,117.711,	nan	nan	9.000	119.800	81.750	183.020	66.830	149.620	0.977	0.707	3.846	
6	2.000	2.000	167.000	1219.811	123.659	126.137	127.997	8,	129.420,	nan	nan	8.000	131.008	81.750	223.870	66.830	122.320	1.489	1.860	3.736	
6	2.000	2.000	168.000	1219.811	134.756	137.274	138.699	8,	139.089,	nan	nan	8.000	141.713	81.750	223.870	54.640	149.620	1.527	1.426	3.029	
6	2.000	2.000	169.000	1219.811	144.754	147.060	147.781	9,9,9,	148.028,148.285,148.497,	nan	nan	9.000	150.792	81.750	149.620	44.670	223.870	1.315	0.722	2.643	
6	2.000	2.000	170.000	1219.811	153.447	155.853	157.424	9,	157.681,	nan	nan	9.000	160.438	183.020	122.320	223.870	122.320	1.416	1.571	2.302	
6	2.000	2.000	171.000	1219.811	162.752	164.754	166.160	8,	166.221,	nan	nan	8.000	169.174	66.830	223.870	44.670	122.320	1.011	1.407	3.447	
6	2.000	2.000	172.000	1219.811	172.633	174.953	175.636	8,	175.953,	nan	nan	8.000	178.650	81.750	223.870	66.830	183.020	1.330	0.683	2.199	
6	2.000	2.000	173.000	1219.811	180.861	182.626	184.187	9,9,	184.219,184.474,	nan	nan	9.000	187.201	66.830	149.620	54.640	122.320	0.775	1.561	3.743	
6	2.000	2.000	174.000	1219.811	190.957	192.702	194.397	8,	194.842,	nan	nan	8.000	197.409	66.830	223.870	44.670	183.020	0.756	1.696	2.913	
6	2.000	2.000	175.000	1219.811	200.335	202.799	204.364	8,	205.246,	nan	nan	8.000	207.376	54.640	149.620	44.670	122.320	1.474	1.566	2.148	
6	2.000	2.000	176.000	1219.811	209.536	211.889	212.895	9,9,	213.118,213.239,	nan	nan	9.000	215.907	81.750	223.870	54.640	122.320	1.363	1.006	3.961	
6	2.000	2.000	177.000	1219.811	219.883	222.446	224.392	9,9,	224.638,224.922,	nan	nan	9.000	227.404	81.750	183.020	54.640	122.320	1.576	1.947	3.453	
6	2.000	2.000	178.000	1219.811	230.870	232.668	233.679	9,9,	234.175,234.419,	nan	nan	9.000	236.690	66.830	183.020	54.640	122.320	0.809	1.011	3.518	
6	2.000	2.000	179.000	1219.811	240.221	242.226	244.115	nan	nan	nan	nan	nan	nan	81.750	183.020	44.670	122.320	1.016	1.889	3.087	
6	2.000	2.000	180.000	1219.811	250.239	252.968	254.031	8,8,8,	254.064,254.281,254.416,	nan	nan	8.000	257.042	81.750	223.870	54.640	183.020	1.740	1.064	3.814	
6	2.000	2.000	181.000	1219.811	260.868	263.082	264.464	9,9,	264.483,265.128,	9.000	267.475	9.000	267.475	81.750	149.620	54.640	122.320	1.223	1.383	2.907	
6	2.000	2.000	182.000	1219.811	270.396	271.889	273.556	8,8,	273.919,274.193,	nan	nan	8.000	276.567	54.640	223.870	44.670	122.320	0.505	1.667	3.788	
6	2.000	2.000	183.000	1219.811	280.368	282.460	284.040	8,8,	284.346,284.481,	nan	nan	8.000	287.052	66.830	149.620	81.750	149.620	1.103	1.580	3.248	
6	2.000	2.000	184.000	1219.811	290.311	292.013	293.883	9,	294.506,	nan	nan	9.000	296.894	66.830	183.020	44.670	122.320	0.712	1.870	2.688	
6	2.000	2.000	185.000	1219.811	299.595	302.247	303.648	8,8,	303.828,303.978,	nan	nan	8.000	306.660	81.750	223.870	44.670	183.020	1.662	1.402	2.051	
6	2.000	2.000	186.000	1219.811	308.724	311.381	312.508	8,8,	312.532,312.761,	nan	nan	8.000	315.520	66.830	223.870	54.640	149.620	1.667	1.127	2.881	
6	2.000	2.000	187.000	1219.811	318.413	321.234	322.756	9,	323.945,	nan	nan	9.000	325.768	66.830	183.020	54.640	149.620	1.831	1.523	2.932	
6	2.000	2.000	188.000	1219.811	328.713	331.153	331.729	8,8,	332.224,332.590,	nan	nan	8.000	334.740	66.830	223.870	54.640	122.320	1.450	0.577	3.865	
6	2.000	2.000	189.000	1219.811	338.618	341.544	342.242	9,9,9,	342.412,342.623,343.337,	nan	nan	9.000	345.253	54.640	183.020	44.670	149.620	1.937	0.698	2.804	
6	2.000	2.000	190.000	1219.811	348.069	349.622	350.401	8,8,	350.560,351.011,	nan	nan	8.000	353.412	66.830	149.620	44.670	122.320	0.563	0.780	3.138	
6	2.000	2.000	191.000	1219.811	356.563	358.549	359.985	8,8,	360.142,360.557,	nan	nan	8.000	362.996	81.750	223.870	66.830	149.620	0.997	1.436	3.987	
6	2.000	2.000	192.000	1219.811	366.996	368.987	370.499	9,	370.751,	nan	nan	9.000	373.513	81.750	149.620	66.830	122.320	1.002	1.513	2.926	
6	2.000	2.000	193.000	1219.811	376.451	379.403	381.388	9,9,	381.595,381.730,	nan	nan	9.000	384.400	54.640	183.020	44.670	122.320	1.961	1.986	2.212	
6	2.000	2.000	194.000	1219.811	386.625	388.843	390.500	nan	nan	nan	nan	nan	nan	81.750	223.870	44.670	122.320	1.228	1.658	3.550	
6	2.000	2.000	195.000	1219.811	397.086	399.885	400.525	8,8,	400.701,400.945,	nan	nan	8.000	403.535	66.830	223.870	44.670	149.620	1.812	0.640	3.460	
6	2.000	2.000	196.000	1219.811	407.008	408.680	410.357	8,	410.582,	nan	nan	8.000	413.371	66.830	44.670	81.750	44.670	0.683	1.677	2.849	
6	2.000	2.000	197.000	1219.811	416.233	419.087	420.339	9,9,	420.567,420.726,	nan	nan	9.000	423.350	81.750	149.620	66.830	223.870	1.865	1.252	2.900	
6	2.000	2.000	198.000	1219.811	426.265	428.100	429.555	9,9,	429.666,429.892,	nan	nan	9.000	432.566	66.830	183.020	81.750	122.320	0.847	1.455	3.113	
6	2.000	2.000	199.000	1219.811	435.692	437.894	438.876	9,9,	439.130,439.336,	nan	nan	9.000	441.887	66.830	183.020	44.670	223.870	1.214	0.982	2.296	
6	2.000	2.000	200.000	1219.811	444.196	446.905	448.818	8,8,	449.207,449.416,	nan	nan	8.000	451.830	81.750	122.320	44.670	183.020	1.720	1.913	2.174	
6	2.000	2.000	201.000	1219.811	454.017	455.587	457.056	8,8,8,	457.411,457.670,457.874,	nan	nan	8.000	460.068	66.830	122.320	44.670	149.620	0.582	1.469	3.344	
6	2.000	2.000	202.000	1219.811	463.426	465.666	467.280	9,	467.535,	nan	nan	9.000	470.295	44.670	183.020	81.750	149.620	1.252	1.614	3.402	
6	2.000	2.000	203.000	1219.811	473.710	475.300	475.930	nan	nan	nan	nan	nan	nan	54.640	122.320	66.830	223.870	0.601	0.630	2.592	
6	2.000	2.000	204.000	1219.811	481.556	484.141	484.963	8,8,8,	485.466,485.824,486.074,	nan	nan	8.000	487.974	81.750	122.320	54.640	223.870	1.595	0.823	3.685	
6	2.000	2.000	205.000	1219.811	491.673	494.541	495.513	9,9,9,9,	495.558,495.753,495.903,496.067,	nan	nan	9.000	498.524	54.640	149.620	44.670	223.870	1.879	0.973	2.412	
6	2.000	2.000	206.000	1219.811	500.948	502.583	504.167	9,9,9,9,	504.233,504.418,504.621,505.029,	nan	nan	9.000	507.179	81.750	183.020	54.640	223.870	0.645	1.585	3.775	
6	2.000	2.000	207.000	1219.811	510.967	513.402	515.160	9,9,	515.441,515.763,	nan	nan	9.000	518.171	54.640	183.020	44.670	223.870	1.445	1.759	3.093	
6	2.000	2.000	208.000	1219.811	521.281	523.857	525.075	9,9,	525.251,525.491,	nan	nan	9.000	528.086	54.640	183.020	81.750	149.620	1.590	1.219	3.177	
6	2.000	2.000	209.000	1219.811	531.276	533.894	534.890	9,9,9,	535.054,535.193,535.372,	nan	nan	9.000	537.901	149.620	66.830	223.870	66.830	1.629	0.997	3.100	
6	2.000	2.000	210.000	1219.811	541.014	543.284	545.081	9,	545.460,	nan	nan	9.000	548.093	66.830	183.020	54.640	223.870	1.281	1.797	3.717	
6	2.000	2.000	211.000	1219.811	551.824	554.354	555.003	9,8,8,	555.132,555.946,556.179,	nan	nan	8.000	558.013	54.640	122.320	44.670	149.620	1.542	0.650	3.569	
6	2.000	2.000	212.000	1219.811	561.595	564.237	564.737	8,8,8,	564.770,565.110,565.323,	nan	nan	8.000	567.748	44.670	223.870	81.750	149.620	1.653	0.500	3.801	
6	2.000	2.000	213.000	1219.811	571.562	573.220	575.094	8,	575.408,	nan	nan	8.000	578.108	54.640	122.320	66.830	183.020	0.669	1.875	2.469	
6	2.000	2.000	214.000	1219.811	580.590	583.344	584.142	8,	584.626,	nan	nan	8.000	587.153	81.750	122.320	66.830	149.620	1.764	0.799	3.466	
6	2.000	2.000	215.000	1219.811	590.632	593.376	594.825	8,8,	594.945,595.148,	nan	nan	8.000	597.837	54.640	122.320	81.750	149.620	1.754	1.450	2.791	
6	2.000	2.000	216.000	1219.811	600.641	602.327	602.856	8,8,	603.847,604.357,	nan	nan	8.000	605.867	44.670	122.320	66.830	223.870	0.698	0.529	3.627	
6	2.000	2.000	217.000	1219.811	609.510	612.062	613.748	8,	614.118,	nan	nan	8.000	616.759	54.640	122.320	44.670	223.870	1.566	1.686	2.772	
6	2.000	2.000	218.000	1219.811	619.545	622.461	623.057	8,8,	623.388,623.558,	nan	nan	8.000	626.068	66.830	149.620	44.670	183.020	1.928	0.596	2.559	
6	2.000	2.000	219.000	1219.811	628.642	630.139	631.960	9,9,9,	632.128,632.273,632.478,	nan	nan	9.000	634.972	66.830	149.620	44.670	223.870	0.510	1.822	3.235	
6	2.000	2.000	220.000	1219.811	638.220	640.755	642.653	8,	642.800,	nan	nan	8.000	645.667	81.750	149.620	66.830	183.020	1.547	1.899	3.492	
6	2.000	2.000	221.000	1219.811	649.173	652.036	653.341	8,8,8,	653.405,653.646,653.869,	nan	nan	8.000	656.352	66.830	149.620	54.640	223.870	1.875	1.305	3.711	
6	2.000	2.000	222.000	1219.811	660.076	661.656	662.686	9,9,9,	662.874,663.039,663.237,	nan	nan	9.000	665.697	149.620	183.020	223.870	183.020	0.592	1.031	2.026	
6	2.000	2.000	223.000	1219.811	667.735	670.435	671.398	9,9,	671.577,671.817,	nan	nan	9.000	674.409	81.750	122.320	66.830	223.870	1.711	0.963	3.331	
6	2.000	2.000	224.000	1219.811	677.754	680.593	682.211	9,9,	682.369,682.713,	nan	nan	9.000	685.223	81.750	149.620	54.640	223.870	1.850	1.619	2.322	
6	2.000	2.000	225.000	1219.811	687.561	690.522	692.059	8,	692.277,	nan	nan	8.000	695.074	81.750	122.320	44.670	223.870	1.976	1.537	3.190	
6	2.000	2.000	226.000	1219.811	698.277	700.036	701.022	8,8,8,8,	701.317,701.496,701.696,702.172,	nan	nan	8.000	704.033	54.640	122.320	44.670	183.020	0.770	0.987	2.695	
6	2.000	2.000	227.000	1219.811	706.740	708.548	710.099	8,8,	711.319,711.995,	nan	nan	8.000	713.111	66.830	122.320	44.670	183.020	0.818	1.551	3.666	
6	2.000	2.000	228.000	1219.811	716.794	719.151	720.755	8,8,	721.015,721.453,	nan	nan	8.000	723.767	81.750	122.320	54.640	183.020	1.373	1.605	2.013	
6	2.000	2.000	229.000	1219.811	725.793	727.721	728.857	8,8,	729.038,729.309,	nan	nan	8.000	731.868	54.640	149.620	44.670	183.020	0.939	1.137	3.370	
6	2.000	2.000	230.000	1219.811	735.252	737.420	739.135	9,	739.496,	nan	nan	9.000	742.150	81.750	183.020	66.830	223.870	1.180	1.715	2.489	
6	2.000	2.000	231.000	1219.811	744.652	746.845	748.275	8,8,	748.524,748.859,	nan	nan	8.000	751.287	66.830	149.620	54.640	183.020	1.204	1.431	3.633	
6	2.000	2.000	232.000	1219.811	754.935	757.015	757.636	8,8,8,	758.936,759.193,759.396,	nan	nan	8.000	760.646	66.830	122.320	54.640	149.620	1.093	0.621	2.354	
6	2.000	2.000	233.000	1219.811	763.013	765.028	766.044	9,9,9,9,9,	766.504,766.746,766.934,767.115,767.332,	nan	nan	9.000	769.055	81.750	183.020	44.670	223.870	1.026	1.016	2.161	
6	2.000	2.000	234.000	1219.811	771.229	772.920	774.182	8,8,	774.456,774.591,	nan	nan	8.000	777.193	81.750	122.320	44.670	149.620	0.703	1.262	3.646	
6	2.000	2.000	235.000	1219.811	780.853	783.138	784.968	nan	nan	nan	nan	nan	nan	54.640	122.320	81.750	122.320	1.296	1.831	3.672	
6	2.000	2.000	236.000	1219.811	791.680	793.304	795.188	nan	nan	nan	nan	nan	nan	54.640	183.020	66.830	149.620	0.635	1.884	2.617	
6	2.000	2.000	237.000	1219.811	800.840	803.014	804.309	nan	nan	nan	nan	nan	nan	81.750	183.020	44.670	149.620	1.185	1.296	3.698	
6	2.000	2.000	238.000	1219.811	811.042	813.500	815.451	nan	nan	nan	nan	nan	nan	44.670	149.620	81.750	122.320	1.469	1.952	2.887	
6	2.000	2.000	239.000	1219.811	821.373	823.866	825.151	8,8,8,	825.347,825.583,825.826,	nan	nan	8.000	828.163	54.640	223.870	81.750	149.620	1.503	1.286	2.585	
6	2.000	2.000	240.000	1219.811	830.760	832.872	834.795	9,9,	835.048,835.230,	nan	nan	9.000	837.806	44.670	149.620	66.830	122.320	1.122	1.923	3.010	
6	2.000	2.000	241.000	1219.811	840.828	842.404	843.743	9,	843.866,	nan	nan	9.000	846.757	44.670	149.620	54.640	122.320	0.587	1.339	2.444	
6	2.000	2.000	242.000	1219.811	849.213	851.697	852.925	nan	nan	nan	nan	nan	nan	44.670	223.870	81.750	122.320	1.494	1.228	3.556	
6	2.000	2.000	243.000	1219.811	859.530	862.346	864.109	9,	864.280,	nan	nan	9.000	867.123	66.830	149.620	81.750	122.320	1.841	1.764	2.624	
6	2.000	2.000	244.000	1219.811	869.770	871.360	872.024	8,8,8,	872.807,873.089,873.308,	nan	nan	8.000	875.035	66.830	223.870	81.750	149.620	0.611	0.664	3.080	
6	2.000	2.000	245.000	1219.811	878.128	879.714	880.257	8,8,	881.832,882.072,	8.000	883.267	8.000	883.268	44.670	183.020	54.640	149.620	0.596	0.543	2.347	
6	2.000	2.000	246.000	1219.811	885.628	888.540	889.903	9,9,	890.164,890.226,	nan	nan	9.000	892.915	44.670	183.020	66.830	149.620	1.923	1.363	2.225	
6	2.000	2.000	247.000	1219.811	895.153	896.994	898.926	9,	900.576,	nan	nan	9.000	901.937	44.670	223.870	54.640	122.320	0.852	1.932	2.830	
6	2.000	2.000	248.000	1219.811	904.780	907.079	907.868	8,8,8,	908.500,908.731,908.922,	nan	nan	8.000	910.879	54.640	44.670	81.750	44.670	1.310	0.789	3.338	
6	2.000	2.000	249.000	1219.811	914.229	916.770	917.506	8,8,	917.591,918.142,	nan	nan	8.000	920.517	54.640	223.870	66.830	149.620	1.551	0.736	2.727	
6	2.000	2.000	250.000	1219.811	923.256	925.006	926.668	8,8,	926.781,927.003,	nan	nan	8.000	929.680	44.670	223.870	66.830	149.620	0.760	1.662	2.836	
6	2.000	2.000	251.000	1219.811	932.530	934.076	935.830	9,9,	936.082,936.213,	nan	nan	9.000	938.841	44.670	183.020	81.750	122.320	0.558	1.754	2.990	
6	2.000	2.000	252.000	1219.811	941.846	944.100	945.367	9,	945.713,	nan	nan	9.000	948.381	44.670	183.020	54.640	122.320	1.267	1.267	2.109	
6	2.000	2.000	253.000	1219.811	950.504	952.238	953.712	8,	954.047,	nan	nan	8.000	956.726	44.670	223.870	66.830	183.020	0.746	1.474	2.238	
6	2.000	2.000	254.000	1219.811	958.977	961.344	962.128	8,	962.703,	nan	nan	8.000	965.139	66.830	223.870	81.750	122.320	1.378	0.785	3.260	
6	2.000	2.000	255.000	1219.811	968.420	970.316	970.922	8,8,	971.213,971.715,	nan	nan	8.000	973.933	54.640	223.870	81.750	183.020	0.915	0.606	2.759	
6	2.000	2.000	256.000	1219.811	976.704	978.656	979.904	8,8,	979.923,980.421,	nan	nan	8.000	982.915	54.640	223.870	81.750	122.320	0.963	1.248	2.006	
6	2.000	2.000	257.000	1219.811	984.934	987.832	989.296	8,	989.614,	nan	nan	8.000	992.309	44.670	223.870	54.640	183.020	1.908	1.465	2.096	
6	2.000	2.000	258.000	1219.811	994.419	997.268	998.096	8,8,8,	998.271,998.581,998.878,	nan	nan	8.000	1001.107	44.670	223.870	54.640	149.620	1.860	0.828	2.746	
6	2.000	2.000	259.000	1219.811	1003.867	1006.141	1006.722	9,9,9,	1006.936,1007.147,1008.604,	nan	nan	9.000	1009.733	66.830	183.020	81.750	149.620	1.286	0.582	2.283	
6	2.000	2.000	260.000	1219.811	1012.029	1014.010	1015.600	9,9,	1015.713,1016.112,	nan	nan	9.000	1018.611	54.640	183.020	81.750	122.320	0.992	1.590	3.479	
6	2.000	2.000	261.000	1219.811	1022.104	1024.789	1026.706	nan	nan	nan	nan	nan	nan	149.620	54.640	183.020	54.640	1.696	1.918	2.264	
6	2.000	2.000	262.000	1219.811	1032.008	1033.522	1035.377	8,	1035.731,	nan	nan	8.000	1038.392	54.640	223.870	66.830	183.020	0.524	1.855	3.923	
6	2.000	2.000	263.000	1219.811	1042.333	1044.516	1046.356	8,	1046.577,	nan	nan	8.000	1049.370	66.830	122.320	44.670	223.870	1.199	1.841	2.965	
6	2.000	2.000	264.000	1219.811	1052.348	1055.221	1056.854	9,	1057.240,	nan	nan	9.000	1059.866	81.750	183.020	66.830	122.320	1.884	1.633	2.675	
6	2.000	2.000	265.000	1219.811	1062.555	1064.685	1066.550	9,9,	1066.882,1067.155,	nan	nan	9.000	1069.561	81.750	183.020	54.640	149.620	1.141	1.865	3.595	
6	2.000	2.000	266.000	1219.811	1073.171	1075.020	1075.534	9,9,9,	1076.199,1076.484,1076.694,	nan	nan	9.000	1078.545	66.830	122.320	54.640	223.870	0.862	0.514	2.720	
6	2.000	2.000	267.000	1219.811	1081.278	1083.766	1084.381	9,9,	1084.550,1084.765,	nan	nan	9.000	1087.392	54.640	149.620	66.830	122.320	1.498	0.616	2.450	
6	2.000	2.000	268.000	1219.811	1089.856	1092.844	1094.265	8,	1094.641,	nan	nan	8.000	1097.276	66.830	122.320	54.640	183.020	2.000	1.421	2.077	
6	2.000	2.000	269.000	1219.811	1099.367	1102.245	1103.969	8,8,	1104.136,1104.375,	nan	nan	8.000	1106.981	81.750	223.870	44.670	149.620	1.889	1.725	2.289	
6	2.000	2.000	270.000	1219.811	1109.284	1111.916	1113.457	8,	1113.644,	nan	nan	8.000	1116.471	81.750	122.320	54.640	149.620	1.643	1.542	2.058	
6	2.000	2.000	271.000	1219.811	1118.542	1121.256	1122.749	9,	1123.831,	nan	nan	9.000	1125.761	44.670	183.020	66.830	122.320	1.725	1.494	2.064	
6	2.000	2.000	272.000	1219.811	1127.839	1129.327	1129.836	8,8,8,8,8,	1130.324,1130.666,1130.907,1131.167,1131.416,	nan	nan	8.000	1132.848	66.830	223.870	81.750	183.020	0.500	0.510	3.588	
6	2.000	2.000	273.000	1219.811	1136.450	1139.043	1140.714	8,8,	1141.000,1141.149,	nan	nan	8.000	1143.726	44.670	223.870	81.750	183.020	1.605	1.672	3.383	
6	2.000	2.000	274.000	1219.811	1147.122	1148.683	1150.282	8,8,	1150.538,1150.861,	nan	nan	8.000	1153.294	149.620	122.320	183.020	122.320	0.572	1.600	3.286	
6	2.000	2.000	275.000	1219.811	1156.594	1158.313	1159.623	8,8,	1159.867,1160.094,	nan	nan	8.000	1162.635	66.830	149.620	81.750	183.020	0.732	1.310	2.232	
6	2.000	2.000	276.000	1219.811	1164.879	1167.236	1168.556	8,	1168.719,	nan	nan	8.000	1171.570	44.670	122.320	66.830	149.620	1.368	1.320	2.572	
6	2.000	2.000	277.000	1219.811	1174.156	1176.889	1178.189	8,	1178.397,	nan	nan	8.000	1181.204	66.830	122.320	81.750	149.620	1.744	1.301	3.640	
6	2.000	2.000	278.000	1219.811	1184.856	1186.910	1187.858	8,8,	1188.123,1188.317,	nan	nan	8.000	1190.869	54.640	122.320	81.750	183.020	1.064	0.949	2.244	
6	2.000	2.000	279.000	1219.811	1193.134	1196.010	1197.797	8,8,	1197.958,1198.361,	nan	nan	8.000	1200.808	44.670	122.320	54.640	149.620	1.894	1.788	3.158	
6	2.000	2.000	280.000	1219.811	1203.980	1206.659	1208.104	9,	1208.646,	nan	nan	9.000	1211.116	44.670	183.020	66.830	223.870	1.691	1.445	3.794	
6	2.000	2.000	281.000	1219.811	1214.924	1216.735	1217.679	9,9,9,	1217.787,1217.943,1218.094,	nan	nan	9.000	1220.690	44.670	149.620	66.830	223.870	0.823	0.944	3.074	
6	2.000	2.000	282.000	1219.811	1223.778	1226.163	1227.560	9,9,9,9,9,	1228.616,1228.905,1229.114,1229.296,1229.480,	9.000	1230.571	9.000	1230.571	44.670	223.870	66.830	122.320	1.397	1.397	3.936	
6	2.000	2.000	283.000	1219.811	1234.521	1236.419	1237.796	nan	nan	nan	nan	nan	nan	54.640	122.320	66.830	149.620	0.910	1.378	2.392	
6	2.000	2.000	284.000	1219.811	1243.224	1245.745	1246.833	8,	1247.481,	nan	nan	8.000	1249.844	54.640	223.870	66.830	122.320	1.532	1.088	3.164	
6	2.000	2.000	285.000	1219.811	1253.022	1255.682	1256.794	8,8,	1257.021,1257.132,	nan	nan	8.000	1259.806	44.670	149.620	81.750	183.020	1.672	1.113	3.486	
6	2.000	2.000	286.000	1219.811	1263.305	1264.924	1265.901	8,8,8,	1267.427,1267.690,1267.893,	nan	nan	8.000	1268.911	44.670	122.320	54.640	183.020	0.630	0.977	3.691	
6	2.000	2.000	287.000	1219.811	1272.617	1275.262	1276.885	9,9,9,	1276.900,1277.208,1277.336,	nan	nan	9.000	1279.897	54.640	183.020	66.830	183.020	1.658	1.624	2.778	
6	2.000	2.000	288.000	1219.811	1282.688	1284.418	1285.135	8,8,8,8,8,	1285.219,1285.463,1286.025,1286.584,1286.951,	nan	nan	8.000	1288.145	66.830	122.320	81.750	183.020	0.741	0.717	3.305	
6	2.000	2.000	289.000	1219.811	1291.465	1292.972	1294.244	9,9,	1294.654,1294.882,	nan	nan	9.000	1297.255	44.670	149.620	81.750	223.870	0.519	1.272	2.084	
6	2.000	2.000	290.000	1219.811	1299.357	1301.029	1302.831	8,8,	1303.040,1303.233,	nan	nan	8.000	1305.843	44.670	122.320	81.750	149.620	0.688	1.802	3.537	
6	2.000	2.000	291.000	1219.811	1309.395	1312.131	1313.248	9,9,	1313.264,1313.556,	nan	nan	9.000	1316.262	44.670	149.620	54.640	223.870	1.749	1.117	2.180	
6	2.000	2.000	292.000	1219.811	1318.456	1320.620	1322.523	8,	1322.653,	nan	nan	8.000	1325.536	54.640	149.620	66.830	183.020	1.175	1.904	2.122	
6	2.000	2.000	293.000	1219.811	1327.676	1329.850	1330.523	8,8,	1330.871,1331.127,	nan	nan	8.000	1333.535	44.670	149.620	54.640	183.020	1.190	0.674	2.611	
6	2.000	2.000	294.000	1219.811	1336.159	1338.029	1338.996	9,9,9,	1339.131,1339.388,1339.582,	nan	nan	9.000	1342.007	66.830	183.020	81.750	223.870	0.881	0.968	2.495	
6	2.000	2.000	295.000	1219.811	1344.520	1346.395	1347.638	9,9,9,	1347.700,1347.939,1348.027,	nan	nan	9.000	1350.649	54.640	149.620	81.750	223.870	0.891	1.243	2.714	
6	2.000	2.000	296.000	1219.811	1353.378	1355.072	1356.247	9,9,	1356.464,1356.591,	nan	nan	9.000	1359.258	54.640	183.020	66.830	122.320	0.707	1.175	3.434	
6	2.000	2.000	297.000	1219.811	1362.705	1364.778	1365.620	9,9,	1365.676,1365.830,	nan	nan	9.000	1368.634	44.670	183.020	54.640	223.870	1.084	0.842	2.765	
6	2.000	2.000	298.000	1219.811	1371.412	1373.461	1374.028	9,9,9,	1374.357,1374.467,1374.629,	nan	nan	9.000	1377.039	66.830	149.620	81.750	223.870	1.059	0.568	2.669	
6	2.000	2.000	299.000	1219.811	1379.722	1382.334	1383.190	8,8,	1383.378,1383.597,	nan	nan	8.000	1386.201	54.640	149.620	81.750	183.020	1.624	0.857	3.704	
6	2.000	2.000	300.000	1219.811	1389.919	1391.808	1393.797	8,8,	1394.027,1394.206,	nan	nan	8.000	1396.809	54.640	44.670	66.830	44.670	0.900	1.990	2.733	
6	2.000	2.000	301.000	1219.811	1399.555	1402.491	1403.425	9,	1403.788,	nan	nan	9.000	1406.439	44.670	183.020	81.750	223.870	1.947	0.934	2.875	
6	2.000	2.000	302.000	1219.811	1409.329	1411.361	1411.952	8,8,8,	1412.214,1412.481,1412.729,	nan	nan	8.000	1414.963	44.670	122.320	81.750	183.020	1.045	0.592	2.945	
6	2.000	2.000	303.000	1219.811	1417.922	1419.990	1420.682	8,8,	1421.323,1421.588,	nan	nan	8.000	1423.693	44.670	122.320	81.750	223.870	1.079	0.693	2.952	
6	2.000	2.000	304.000	1219.811	1426.660	1429.155	1430.615	9,	1431.234,	nan	nan	9.000	1433.626	54.640	183.020	81.750	223.870	1.508	1.460	2.386	
6	2.000	2.000	305.000	1219.811	1436.029	1438.069	1439.210	8,8,	1439.437,1439.565,	nan	nan	8.000	1442.221	66.830	122.320	81.750	223.870	1.055	1.141	2.997	
6	2.000	2.000	306.000	1219.811	1445.232	1447.998	1449.231	9,9,9,	1449.633,1449.789,1449.932,	nan	nan	9.000	1452.242	54.640	149.620	66.830	223.870	1.778	1.233	3.826	
6	2.000	2.000	307.000	1219.811	1456.086	1458.483	1459.812	8,8,	1460.056,1460.272,	nan	nan	8.000	1462.823	54.640	122.320	81.750	223.870	1.412	1.330	3.524	
6	2.000	2.000	308.000	1219.811	1466.363	1467.893	1469.014	8,8,8,	1469.174,1469.737,1470.879,	8.000	1472.025	8.000	1472.025	44.670	149.620	66.830	183.020	0.543	1.122	2.457	
6	2.000	2.000	309.000	1219.811	1474.495	1476.288	1477.246	8,8,	1477.793,1478.274,	nan	nan	8.000	1480.257	44.670	122.320	54.640	223.870	0.804	0.958	2.482	
6	2.000	2.000	310.000	1219.811	1482.755	1484.256	1485.894	9,9,	1486.134,1486.554,	nan	nan	9.000	1488.905	54.640	149.620	81.750	122.320	0.514	1.638	2.193	
6	2.000	2.000	311.000	1219.811	1491.114	1494.042	1495.034	9,9,	1495.250,1495.328,	nan	nan	9.000	1498.045	54.640	183.020	66.830	223.870	1.942	0.992	3.904	
6	2.000	2.000	312.000	1219.811	1501.964	1503.986	1505.276	8,8,	1505.753,1506.529,	nan	nan	8.000	1508.288	44.670	122.320	66.830	183.020	1.035	1.291	2.373	
