subjID	session	Block	trialCount	earnings	Gam1Onset	Gam2Onset	FBOnset	KPs	RT	KPlate	RTlate	KP_Final	SLOnset	Gam1_1	Gam1_2	Gam2_1	Gam2_2	jit1	jit2	jit3	
8	2.000	1.000	1.000	815.235	74.476	76.109	77.365	8,9,	77.800,79.312,	nan	nan	9.000	80.380	183.020	44.670	223.870	44.670	0.640	1.257	2.752	
8	2.000	1.000	2.000	815.235	83.143	84.848	86.558	8,	87.145,	nan	nan	8.000	89.571	81.750	149.620	44.670	223.870	0.712	1.711	2.251	
8	2.000	1.000	3.000	815.235	91.832	93.947	95.700	9,	96.074,	nan	nan	9.000	98.711	81.750	149.620	44.670	122.320	1.122	1.754	2.289	
8	2.000	1.000	4.000	815.235	101.010	102.526	104.106	9,	104.853,	nan	nan	9.000	107.118	66.830	183.020	44.670	122.320	0.524	1.580	2.907	
8	2.000	1.000	5.000	815.235	110.034	112.428	113.603	9,	113.868,	nan	nan	9.000	116.617	81.750	149.620	66.830	122.320	1.402	1.175	3.884	
8	2.000	1.000	6.000	815.235	120.511	122.533	123.945	8,9,	124.884,125.393,	nan	nan	9.000	126.956	66.830	183.020	54.640	122.320	1.031	1.412	2.656	
8	2.000	1.000	7.000	815.235	129.622	132.368	133.615	9,	135.131,	nan	nan	9.000	136.625	54.640	223.870	44.670	149.620	1.754	1.248	2.193	
8	2.000	1.000	8.000	815.235	138.828	140.422	141.621	9,	142.549,	nan	nan	9.000	144.632	81.750	149.620	54.640	122.320	0.601	1.199	3.531	
8	2.000	1.000	9.000	815.235	148.172	150.706	152.652	8,	153.170,	nan	nan	8.000	155.663	66.830	223.870	44.670	122.320	1.542	1.947	3.016	
8	2.000	1.000	10.000	815.235	158.689	161.513	163.483	9,	163.957,	nan	nan	9.000	166.495	54.640	183.020	44.670	149.620	1.831	1.971	2.997	
8	2.000	1.000	11.000	815.235	169.501	172.156	172.689	nan	nan	8.000	175.712	nan	nan	81.750	223.870	54.640	183.020	1.662	0.534	3.550	
8	2.000	1.000	12.000	815.235	179.272	181.681	182.272	8,	182.439,	nan	nan	8.000	185.286	81.750	122.320	66.830	183.020	1.416	0.592	2.823	
8	2.000	1.000	13.000	815.235	188.119	189.703	190.217	9,	190.686,	nan	nan	9.000	193.228	81.750	149.620	54.640	183.020	0.592	0.514	2.662	
8	2.000	1.000	14.000	815.235	195.900	198.550	200.511	9,	200.836,	nan	nan	9.000	203.523	183.020	149.620	223.870	149.620	1.658	1.961	2.810	
8	2.000	1.000	15.000	815.235	206.346	209.162	210.978	9,	211.147,	nan	nan	9.000	213.992	81.750	183.020	44.670	122.320	1.826	1.817	2.920	
8	2.000	1.000	16.000	815.235	216.923	218.891	220.191	9,	220.516,	nan	nan	9.000	223.202	81.750	183.020	54.640	122.320	0.977	1.301	2.637	
8	2.000	1.000	17.000	815.235	225.849	227.982	229.345	8,	229.694,	nan	nan	8.000	232.356	81.750	149.620	44.670	183.020	1.141	1.363	2.444	
8	2.000	1.000	18.000	815.235	234.810	236.760	237.622	9,	238.579,	nan	nan	9.000	240.632	66.830	149.620	54.640	122.320	0.958	0.862	3.338	
8	2.000	1.000	19.000	815.235	243.980	246.456	247.636	9,	249.425,	nan	nan	9.000	250.646	81.750	223.870	54.640	122.320	1.484	1.180	2.688	
8	2.000	1.000	20.000	815.235	253.344	255.391	257.072	8,9,	257.389,258.845,	nan	nan	9.000	260.084	54.640	223.870	44.670	122.320	1.055	1.682	2.727	
8	2.000	1.000	21.000	815.235	262.820	265.634	267.503	9,	267.753,	nan	nan	9.000	270.515	81.750	223.870	66.830	122.320	1.822	1.870	2.585	
8	2.000	1.000	22.000	815.235	273.110	274.790	275.733	9,	276.420,	nan	nan	9.000	278.744	66.830	149.620	44.670	122.320	0.688	0.944	2.457	
8	2.000	1.000	23.000	815.235	281.211	282.862	283.472	8,	283.703,	nan	nan	8.000	286.485	66.830	223.870	44.670	183.020	0.659	0.611	2.347	
8	2.000	1.000	24.000	815.235	288.843	290.460	291.225	9,8,	291.997,293.046,	nan	nan	8.000	294.236	54.640	149.620	44.670	122.320	0.625	0.765	2.450	
8	2.000	1.000	25.000	815.235	296.696	298.603	299.912	9,	300.387,	nan	nan	9.000	302.923	81.750	223.870	54.640	149.620	0.915	1.310	2.926	
8	2.000	1.000	26.000	815.235	305.859	308.292	308.840	9,8,	309.690,310.546,	nan	nan	8.000	311.851	66.830	223.870	54.640	149.620	1.441	0.548	3.357	
8	2.000	1.000	27.000	815.235	315.218	316.927	317.851	8,	318.960,	nan	nan	8.000	320.862	66.830	122.320	81.750	122.320	0.717	0.924	3.653	
8	2.000	1.000	28.000	815.235	324.528	327.082	327.717	8,	327.873,	nan	nan	8.000	330.731	66.830	223.870	54.640	183.020	1.566	0.635	3.280	
8	2.000	1.000	29.000	815.235	334.021	335.860	337.030	9,	337.533,	nan	nan	9.000	340.040	81.750	183.020	66.830	149.620	0.847	1.170	3.852	
8	2.000	1.000	30.000	815.235	343.903	345.829	347.558	9,	347.960,	nan	nan	9.000	350.569	81.750	223.870	66.830	149.620	0.934	1.730	3.743	
8	2.000	1.000	31.000	815.235	354.324	356.909	358.711	9,	359.035,	nan	nan	9.000	361.725	54.640	183.020	44.670	122.320	1.595	1.802	2.071	
8	2.000	1.000	32.000	815.235	363.812	366.031	366.719	8,	367.054,	nan	nan	8.000	369.732	81.750	223.870	44.670	183.020	1.233	0.688	2.830	
8	2.000	1.000	33.000	815.235	372.572	374.695	376.628	9,	376.730,	nan	nan	9.000	379.641	81.750	223.870	44.670	122.320	1.132	1.932	2.418	
8	2.000	1.000	34.000	815.235	382.069	384.729	385.570	8,	385.951,	nan	nan	8.000	388.581	54.640	223.870	44.670	183.020	1.667	0.842	3.621	
8	2.000	1.000	35.000	815.235	392.212	394.760	395.375	9,	395.806,	nan	nan	9.000	398.386	66.830	183.020	44.670	149.620	1.556	0.616	3.910	
8	2.000	1.000	36.000	815.235	402.307	404.879	405.755	8,	406.892,	nan	nan	8.000	408.765	66.830	223.870	54.640	122.320	1.580	0.876	3.968	
8	2.000	1.000	37.000	815.235	412.746	414.925	416.322	9,	417.631,	nan	nan	9.000	419.332	66.830	223.870	44.670	149.620	1.190	1.397	3.164	
8	2.000	1.000	38.000	815.235	422.506	424.896	425.636	8,9,	426.162,426.939,	nan	nan	9.000	428.647	66.830	183.020	54.640	149.620	1.397	0.741	2.701	
8	2.000	1.000	39.000	815.235	431.358	433.598	435.549	8,	435.660,	nan	nan	8.000	438.563	81.750	223.870	66.830	183.020	1.248	1.952	3.106	
8	2.000	1.000	40.000	815.235	441.680	444.305	445.137	8,	445.913,	nan	nan	8.000	448.148	66.830	54.640	81.750	54.640	1.633	0.833	2.135	
8	2.000	1.000	41.000	815.235	450.293	452.581	453.163	9,	453.437,	nan	nan	9.000	456.174	81.750	183.020	66.830	223.870	1.296	0.582	3.768	
8	2.000	1.000	42.000	815.235	459.953	461.864	463.410	9,	463.544,	nan	nan	9.000	466.424	81.750	183.020	44.670	223.870	0.920	1.547	3.961	
8	2.000	1.000	43.000	815.235	470.395	473.242	474.687	8,9,	474.915,476.370,	nan	nan	9.000	477.698	81.750	122.320	66.830	149.620	1.855	1.445	2.617	
8	2.000	1.000	44.000	815.235	480.326	482.710	483.340	8,	483.707,	nan	nan	8.000	486.350	54.640	122.320	81.750	149.620	1.392	0.630	2.161	
8	2.000	1.000	45.000	815.235	488.521	490.414	491.950	9,	493.054,	nan	nan	9.000	494.962	44.670	122.320	66.830	223.870	0.900	1.537	2.257	
8	2.000	1.000	46.000	815.235	497.229	499.473	500.600	9,	501.052,	nan	nan	9.000	503.611	81.750	183.020	54.640	223.870	1.252	1.127	2.553	
8	2.000	1.000	47.000	815.235	506.175	507.705	508.576	8,	508.846,	nan	nan	8.000	511.588	54.640	149.620	44.670	183.020	0.539	0.871	3.389	
8	2.000	1.000	48.000	815.235	514.988	516.706	518.228	8,	518.463,	nan	nan	8.000	521.241	66.830	122.320	54.640	149.620	0.727	1.523	3.994	
8	2.000	1.000	49.000	815.235	525.246	526.916	528.018	8,	528.523,	9.000	531.029	8.000	531.029	81.750	122.320	44.670	149.620	0.678	1.103	2.399	
8	2.000	1.000	50.000	815.235	533.439	536.281	537.465	9,	537.747,	nan	nan	9.000	540.476	66.830	183.020	81.750	122.320	1.850	1.185	3.138	
8	2.000	1.000	51.000	815.235	543.625	545.955	547.174	9,	547.642,	nan	nan	9.000	550.185	81.750	122.320	66.830	223.870	1.339	1.219	3.370	
8	2.000	1.000	52.000	815.235	553.566	556.209	556.878	9,	557.097,	nan	nan	9.000	559.891	66.830	183.020	54.640	223.870	1.653	0.669	3.183	
8	2.000	1.000	53.000	815.235	563.084	564.629	565.268	9,	565.884,	nan	nan	9.000	568.279	149.620	54.640	223.870	54.640	0.553	0.640	3.537	
8	2.000	1.000	54.000	815.235	571.834	574.529	575.332	8,	575.670,	nan	nan	8.000	578.343	54.640	122.320	44.670	183.020	1.711	0.804	2.502	
8	2.000	1.000	55.000	815.235	580.856	583.736	584.274	9,	585.650,	nan	nan	9.000	587.284	44.670	183.020	81.750	149.620	1.889	0.539	3.318	
8	2.000	1.000	56.000	815.235	590.616	593.190	593.911	9,9,	594.303,594.728,	nan	nan	9.000	596.922	54.640	183.020	81.750	149.620	1.585	0.722	3.704	
8	2.000	1.000	57.000	815.235	600.650	602.365	603.636	9,	604.854,	8.000	606.647	9.000	606.647	54.640	122.320	66.830	223.870	0.736	1.272	3.132	
8	2.000	1.000	58.000	815.235	609.795	612.294	613.498	9,	613.899,	nan	nan	9.000	616.508	81.750	149.620	54.640	223.870	1.513	1.204	3.588	
8	2.000	1.000	59.000	815.235	620.110	622.872	624.510	8,	624.569,	nan	nan	8.000	627.524	81.750	122.320	44.670	183.020	1.773	1.638	2.804	
8	2.000	1.000	60.000	815.235	630.343	633.016	634.760	9,	635.007,	8.000	637.774	9.000	637.774	54.640	149.620	44.670	223.870	1.686	1.744	3.730	
8	2.000	1.000	61.000	815.235	641.523	643.261	644.171	8,	644.421,	nan	nan	8.000	647.185	81.750	122.320	54.640	183.020	0.756	0.910	3.299	
8	2.000	1.000	62.000	815.235	650.495	652.763	653.990	9,	654.391,	nan	nan	9.000	657.002	66.830	149.620	54.640	223.870	1.277	1.228	3.794	
8	2.000	1.000	63.000	815.235	660.815	662.810	663.772	9,	663.967,	nan	nan	9.000	666.786	66.830	183.020	44.670	223.870	1.011	0.963	3.762	
8	2.000	1.000	64.000	815.235	670.565	672.720	673.760	8,	674.526,	nan	nan	8.000	676.771	66.830	149.620	44.670	223.870	1.170	1.040	2.592	
8	2.000	1.000	65.000	815.235	679.373	681.747	682.777	9,	683.153,	nan	nan	9.000	685.788	81.750	149.620	66.830	223.870	1.383	1.031	3.215	
8	2.000	1.000	66.000	815.235	689.016	690.872	692.703	9,8,	693.097,693.951,	nan	nan	8.000	695.714	149.620	183.020	223.870	183.020	0.867	1.831	3.010	
8	2.000	1.000	67.000	815.235	698.736	701.046	702.476	8,	702.707,	nan	nan	8.000	705.490	66.830	122.320	44.670	149.620	1.320	1.431	2.495	
8	2.000	1.000	68.000	815.235	707.996	710.683	712.070	8,	712.535,	nan	nan	8.000	715.082	66.830	149.620	44.670	183.020	1.696	1.387	3.305	
8	2.000	1.000	69.000	815.235	718.399	720.810	722.660	9,	723.483,	nan	nan	9.000	725.671	81.750	122.320	44.670	223.870	1.421	1.850	2.264	
8	2.000	1.000	70.000	815.235	727.947	729.977	731.345	9,	731.635,	nan	nan	9.000	734.356	54.640	183.020	44.670	223.870	1.040	1.368	3.672	
8	2.000	1.000	71.000	815.235	738.041	739.969	741.101	8,	741.334,	nan	nan	8.000	744.112	66.830	122.320	44.670	183.020	0.939	1.132	3.113	
8	2.000	1.000	72.000	815.235	747.235	748.910	749.993	9,	750.692,	nan	nan	9.000	753.004	81.750	122.320	54.640	223.870	0.683	1.084	3.904	
8	2.000	1.000	73.000	815.235	756.920	758.617	759.333	8,	759.375,	nan	nan	8.000	762.346	81.750	149.620	66.830	183.020	0.707	0.717	2.476	
8	2.000	1.000	74.000	815.235	764.835	766.585	767.865	8,	769.059,	nan	nan	8.000	770.876	66.830	149.620	54.640	183.020	0.760	1.281	2.090	
8	2.000	1.000	75.000	815.235	772.977	775.746	777.621	8,9,	778.263,778.944,	nan	nan	9.000	780.632	54.640	122.320	44.670	149.620	1.778	1.875	2.900	
8	2.000	1.000	76.000	815.235	783.544	785.613	786.706	8,	787.056,	nan	nan	8.000	789.717	54.640	122.320	66.830	183.020	1.079	1.093	2.058	
8	2.000	1.000	77.000	815.235	791.785	793.412	795.257	8,	795.747,	nan	nan	8.000	798.268	44.670	223.870	81.750	149.620	0.635	1.846	3.711	
8	2.000	1.000	78.000	815.235	801.989	803.809	805.673	9,8,	806.378,806.751,	nan	nan	8.000	808.684	54.640	122.320	44.670	223.870	0.828	1.865	3.061	
8	2.000	1.000	79.000	815.235	811.759	813.354	814.089	8,	814.505,	nan	nan	8.000	817.100	54.640	183.020	81.750	183.020	0.606	0.736	3.691	
8	2.000	1.000	80.000	815.235	820.803	822.853	823.642	9,	824.264,	nan	nan	9.000	826.653	54.640	183.020	81.750	122.320	1.059	0.789	2.238	
8	2.000	1.000	81.000	815.235	828.901	831.859	832.749	9,	833.121,	nan	nan	9.000	835.760	44.670	183.020	66.830	149.620	1.966	0.891	2.932	
8	2.000	1.000	82.000	815.235	838.711	841.150	841.755	9,	842.928,	nan	nan	9.000	844.766	44.670	223.870	54.640	149.620	1.455	0.606	3.087	
8	2.000	1.000	83.000	815.235	847.872	849.673	850.602	8,	851.049,	nan	nan	8.000	853.613	54.640	223.870	81.750	183.020	0.818	0.929	3.350	
8	2.000	1.000	84.000	815.235	856.976	859.223	861.203	8,	861.553,	nan	nan	8.000	864.215	44.670	223.870	54.640	183.020	1.257	1.981	3.974	
8	2.000	1.000	85.000	815.235	868.200	870.410	871.435	9,8,	871.990,873.334,	nan	nan	8.000	874.446	54.640	149.620	66.830	122.320	1.219	1.026	2.116	
8	2.000	1.000	86.000	815.235	876.576	879.024	879.682	8,	881.590,	nan	nan	8.000	882.693	66.830	122.320	54.640	223.870	1.460	0.659	3.891	
8	2.000	1.000	87.000	815.235	886.595	889.456	891.214	8,	891.232,	nan	nan	8.000	894.227	54.640	223.870	81.750	122.320	1.870	1.759	3.807	
8	2.000	1.000	88.000	815.235	898.045	899.546	901.145	8,	901.432,	nan	nan	8.000	904.158	54.640	223.870	66.830	183.020	0.510	1.600	2.778	
8	2.000	1.000	89.000	815.235	906.948	909.225	910.139	9,	910.454,	nan	nan	9.000	913.150	81.750	183.020	44.670	149.620	1.286	0.915	3.395	
8	2.000	1.000	90.000	815.235	916.556	918.925	920.202	8,	920.895,	nan	nan	8.000	923.213	44.670	223.870	54.640	122.320	1.378	1.277	2.077	
8	2.000	1.000	91.000	815.235	925.301	928.205	929.534	9,	930.816,	nan	nan	9.000	932.545	44.670	149.620	54.640	122.320	1.913	1.330	3.273	
8	2.000	1.000	92.000	815.235	935.834	938.353	939.706	8,	940.295,	nan	nan	8.000	942.717	54.640	44.670	81.750	44.670	1.532	1.354	3.859	
8	2.000	1.000	93.000	815.235	946.587	948.299	949.701	9,	949.841,	nan	nan	9.000	952.714	54.640	183.020	66.830	149.620	0.722	1.402	2.277	
8	2.000	1.000	94.000	815.235	955.002	956.980	958.584	8,	958.983,	nan	nan	8.000	961.595	66.830	122.320	54.640	183.020	0.987	1.605	2.508	
8	2.000	1.000	95.000	815.235	964.114	966.825	968.680	9,	968.847,	nan	nan	9.000	971.694	44.670	183.020	54.640	149.620	1.720	1.855	3.158	
8	2.000	1.000	96.000	815.235	974.863	977.049	978.797	9,	979.343,	nan	nan	9.000	981.809	44.670	183.020	66.830	122.320	1.195	1.749	2.232	
8	2.000	1.000	97.000	815.235	984.052	986.666	988.299	8,	988.932,	nan	nan	8.000	991.310	66.830	149.620	81.750	122.320	1.624	1.633	2.463	
8	2.000	1.000	98.000	815.235	993.787	996.162	997.144	8,	997.172,	nan	nan	8.000	1000.158	44.670	223.870	81.750	183.020	1.387	0.982	2.431	
8	2.000	1.000	99.000	815.235	1002.601	1004.105	1004.807	9,8,	1005.689,1006.178,	nan	nan	8.000	1007.818	66.830	223.870	81.750	149.620	0.514	0.703	3.055	
8	2.000	1.000	100.000	815.235	1010.883	1012.732	1014.316	8,	1014.574,	nan	nan	8.000	1017.329	44.670	149.620	81.750	122.320	0.857	1.585	3.595	
8	2.000	1.000	101.000	815.235	1020.935	1023.632	1024.194	8,	1024.897,	nan	nan	8.000	1027.204	44.670	149.620	66.830	122.320	1.706	0.563	3.080	
8	2.000	1.000	102.000	815.235	1030.301	1032.766	1033.492	9,	1033.882,	nan	nan	9.000	1036.503	81.750	183.020	54.640	149.620	1.479	0.727	3.254	
8	2.000	1.000	103.000	815.235	1039.775	1042.663	1043.288	8,	1043.386,	nan	nan	8.000	1046.301	66.830	223.870	81.750	183.020	1.904	0.625	2.817	
8	2.000	1.000	104.000	815.235	1049.133	1051.271	1052.315	8,	1052.978,	nan	nan	8.000	1055.327	66.830	223.870	81.750	122.320	1.151	1.045	2.785	
8	2.000	1.000	105.000	815.235	1058.140	1060.795	1061.714	8,	1062.075,	nan	nan	8.000	1064.725	149.620	81.750	183.020	81.750	1.682	0.920	3.003	
8	2.000	1.000	106.000	815.235	1067.741	1070.349	1072.122	8,	1072.286,	nan	nan	8.000	1075.135	44.670	223.870	66.830	183.020	1.619	1.773	2.559	
8	2.000	1.000	107.000	815.235	1077.705	1079.939	1081.674	8,	1081.987,	nan	nan	8.000	1084.688	66.830	122.320	44.670	223.870	1.243	1.735	2.579	
8	2.000	1.000	108.000	815.235	1087.277	1089.058	1090.773	9,	1091.018,	nan	nan	9.000	1093.785	44.670	223.870	66.830	149.620	0.789	1.715	2.341	
8	2.000	1.000	109.000	815.235	1096.136	1099.022	1100.577	9,	1100.878,	nan	nan	9.000	1103.591	66.830	183.020	81.750	149.620	1.894	1.556	3.601	
8	2.000	1.000	110.000	815.235	1107.203	1109.380	1111.066	9,	1111.707,	nan	nan	9.000	1114.077	81.750	183.020	66.830	122.320	1.185	1.686	3.344	
8	2.000	1.000	111.000	815.235	1117.433	1120.268	1121.694	9,	1122.095,	nan	nan	9.000	1124.705	54.640	223.870	66.830	149.620	1.846	1.426	3.871	
8	2.000	1.000	112.000	815.235	1128.591	1131.391	1132.392	9,	1132.626,	nan	nan	9.000	1135.403	44.670	183.020	54.640	122.320	1.812	1.002	2.842	
8	2.000	1.000	113.000	815.235	1138.257	1140.239	1141.289	9,	1141.638,	nan	nan	9.000	1144.302	81.750	223.870	44.670	149.620	0.992	1.050	2.032	
8	2.000	1.000	114.000	815.235	1146.345	1148.560	1149.368	9,	1150.140,	nan	nan	9.000	1152.380	81.750	122.320	54.640	149.620	1.223	0.809	2.225	
8	2.000	1.000	115.000	815.235	1154.618	1157.592	1158.497	8,	1159.509,	nan	nan	8.000	1161.508	44.670	223.870	81.750	122.320	1.986	0.905	3.543	
8	2.000	1.000	116.000	815.235	1165.066	1167.335	1168.042	9,	1168.272,	nan	nan	9.000	1171.056	44.670	183.020	81.750	122.320	1.281	0.707	3.434	
8	2.000	1.000	117.000	815.235	1174.505	1176.841	1177.678	8,	1178.409,	nan	nan	8.000	1180.689	54.640	223.870	81.750	149.620	1.349	0.838	3.248	
8	2.000	1.000	118.000	815.235	1183.948	1186.244	1187.650	8,	1187.859,	nan	nan	8.000	1190.664	149.620	223.870	183.020	223.870	1.305	1.407	3.035	
8	2.000	1.000	119.000	815.235	1193.713	1195.554	1196.897	9,	1197.037,	nan	nan	9.000	1199.910	44.670	149.620	66.830	223.870	0.852	1.344	2.598	
8	2.000	1.000	120.000	815.235	1202.521	1204.165	1204.708	8,	1204.947,	nan	nan	8.000	1207.719	54.640	149.620	81.750	183.020	0.654	0.543	2.084	
8	2.000	1.000	121.000	815.235	1209.816	1212.009	1213.502	8,9,	1213.590,1214.387,	nan	nan	9.000	1216.513	44.670	122.320	81.750	223.870	1.204	1.494	2.103	
8	2.000	1.000	122.000	815.235	1218.627	1220.161	1220.931	8,	1221.796,	nan	nan	8.000	1223.942	66.830	149.620	81.750	223.870	0.543	0.770	3.241	
8	2.000	1.000	123.000	815.235	1227.194	1229.707	1231.384	8,	1231.547,	nan	nan	8.000	1234.397	54.640	149.620	66.830	183.020	1.523	1.677	3.987	
8	2.000	1.000	124.000	815.235	1238.396	1240.542	1241.611	9,	1241.925,	nan	nan	9.000	1244.622	66.830	183.020	81.750	223.870	1.156	1.069	2.714	
8	2.000	1.000	125.000	815.235	1247.347	1249.653	1250.480	9,	1251.293,	nan	nan	9.000	1253.491	44.670	183.020	66.830	223.870	1.315	0.828	2.765	
8	2.000	1.000	126.000	815.235	1256.268	1258.820	1260.052	8,	1260.067,	nan	nan	8.000	1263.066	66.830	149.620	81.750	183.020	1.561	1.233	2.109	
8	2.000	1.000	127.000	815.235	1265.187	1267.821	1268.638	nan	nan	8.000	1271.661	nan	nan	66.830	122.320	81.750	183.020	1.643	0.818	3.685	
8	2.000	1.000	128.000	815.235	1275.358	1276.925	1277.670	9,	1278.027,	nan	nan	9.000	1280.681	44.670	122.320	54.640	149.620	0.577	0.746	3.100	
8	2.000	1.000	129.000	815.235	1283.795	1285.751	1286.868	9,	1287.041,	nan	nan	9.000	1289.881	44.670	183.020	81.750	223.870	0.968	1.117	2.379	
8	2.000	1.000	130.000	815.235	1292.273	1295.171	1297.156	9,	1297.755,	nan	nan	9.000	1300.167	44.670	122.320	81.750	149.620	1.908	1.986	3.453	
8	2.000	1.000	131.000	815.235	1303.633	1305.373	1306.828	8,9,	1306.845,1307.136,	nan	nan	9.000	1309.841	54.640	223.870	66.830	223.870	0.751	1.455	3.756	
8	2.000	1.000	132.000	815.235	1313.608	1316.034	1317.826	9,	1318.138,	nan	nan	9.000	1320.841	54.640	183.020	66.830	223.870	1.436	1.793	3.383	
8	2.000	1.000	133.000	815.235	1324.237	1327.086	1328.593	8,	1328.795,	nan	nan	8.000	1331.607	44.670	149.620	54.640	183.020	1.860	1.508	3.402	
8	2.000	1.000	134.000	815.235	1335.022	1337.958	1338.607	8,	1338.648,	nan	nan	8.000	1341.621	44.670	122.320	66.830	183.020	1.947	0.650	2.746	
8	2.000	1.000	135.000	815.235	1344.378	1345.898	1346.793	nan	nan	nan	nan	nan	nan	44.670	223.870	66.830	122.320	0.529	0.895	3.196	
8	2.000	1.000	136.000	815.235	1353.023	1354.792	1355.933	8,	1356.183,	nan	nan	8.000	1358.947	66.830	122.320	81.750	149.620	0.780	1.141	3.820	
8	2.000	1.000	137.000	815.235	1362.778	1364.351	1365.960	8,9,	1366.392,1367.152,	nan	nan	9.000	1368.971	44.670	122.320	66.830	149.620	0.582	1.609	2.740	
8	2.000	1.000	138.000	815.235	1371.722	1374.312	1376.201	8,	1376.566,	nan	nan	8.000	1379.212	66.830	122.320	81.750	223.870	1.600	1.889	2.283	
8	2.000	1.000	139.000	815.235	1381.506	1383.991	1385.913	8,	1385.966,	nan	nan	8.000	1388.927	54.640	122.320	81.750	223.870	1.494	1.923	2.733	
8	2.000	1.000	140.000	815.235	1391.671	1393.606	1394.183	9,	1394.469,	nan	nan	9.000	1397.196	44.670	149.620	54.640	223.870	0.944	0.577	2.772	
8	2.000	1.000	141.000	815.235	1399.979	1402.329	1403.952	9,	1404.878,	nan	nan	9.000	1406.963	44.670	183.020	54.640	223.870	1.359	1.624	2.006	
8	2.000	1.000	142.000	815.235	1408.980	1411.262	1412.210	8,	1414.152,	nan	nan	8.000	1415.221	54.640	183.020	81.750	223.870	1.291	0.949	2.759	
8	2.000	1.000	143.000	815.235	1417.991	1419.752	1420.763	8,	1421.194,	nan	nan	8.000	1423.774	44.670	122.320	54.640	183.020	0.770	1.011	3.190	
8	2.000	1.000	144.000	815.235	1426.976	1429.946	1431.560	9,	1431.725,	nan	nan	9.000	1434.574	54.640	81.750	66.830	81.750	1.981	1.614	2.367	
8	2.000	1.000	145.000	815.235	1436.951	1438.554	1440.037	8,	1440.205,	nan	nan	8.000	1443.050	54.640	149.620	81.750	223.870	0.611	1.484	2.720	
8	2.000	1.000	146.000	815.235	1445.783	1448.107	1450.063	9,	1450.322,	nan	nan	9.000	1453.075	54.640	183.020	66.830	122.320	1.334	1.957	2.791	
8	2.000	1.000	147.000	815.235	1455.882	1458.671	1459.556	8,	1460.830,	nan	nan	8.000	1462.567	44.670	149.620	81.750	223.870	1.802	0.886	3.260	
8	2.000	1.000	148.000	815.235	1465.838	1468.612	1469.850	9,	1470.100,	nan	nan	9.000	1472.863	54.640	122.320	66.830	149.620	1.783	1.238	3.505	
8	2.000	1.000	149.000	815.235	1476.381	1478.801	1479.807	8,	1480.864,	nan	nan	8.000	1482.818	44.670	122.320	54.640	223.870	1.431	1.006	2.354	
8	2.000	1.000	150.000	815.235	1485.183	1487.011	1488.751	8,8,	1488.955,1489.182,	nan	nan	8.000	1491.762	44.670	122.320	81.750	183.020	0.838	1.740	2.630	
8	2.000	1.000	151.000	815.235	1494.403	1496.410	1497.011	8,	1497.051,	nan	nan	8.000	1500.025	44.670	149.620	66.830	183.020	1.016	0.601	2.624	
8	2.000	1.000	152.000	815.235	1502.659	1505.342	1507.177	8,8,	1507.270,1507.558,	nan	nan	8.000	1510.189	54.640	122.320	81.750	183.020	1.691	1.836	3.119	
8	2.000	1.000	153.000	815.235	1513.324	1515.982	1516.578	9,	1517.117,	nan	nan	9.000	1519.589	54.640	223.870	66.830	122.320	1.672	0.596	2.064	
8	2.000	1.000	154.000	815.235	1521.665	1524.646	1526.366	8,	1526.543,	nan	nan	8.000	1529.380	44.670	149.620	81.750	183.020	1.990	1.720	3.029	
8	2.000	1.000	155.000	815.235	1532.421	1534.929	1535.906	8,	1536.637,	nan	nan	8.000	1538.916	54.640	149.620	81.750	122.320	1.518	0.977	2.424	
8	2.000	1.000	156.000	815.235	1541.353	1543.889	1545.537	9,	1545.604,	nan	nan	9.000	1548.550	54.640	149.620	66.830	223.870	1.547	1.648	2.650	
8	2.000	2.000	157.000	815.235	42.493	44.379	44.936	9,	45.551,	nan	nan	9.000	47.952	183.020	81.750	223.870	81.750	0.886	0.558	2.096	
8	2.000	2.000	158.000	815.235	50.062	52.140	53.791	9,	54.104,	nan	nan	9.000	56.805	81.750	223.870	54.640	149.620	1.088	1.653	2.000	
8	2.000	2.000	159.000	815.235	58.818	61.278	62.331	8,	62.497,	nan	nan	8.000	65.345	81.750	223.870	66.830	183.020	1.469	1.055	3.408	
8	2.000	2.000	160.000	815.235	68.770	70.719	72.709	8,	73.934,	nan	nan	8.000	75.721	81.750	149.620	54.640	183.020	0.963	1.990	2.051	
8	2.000	2.000	161.000	815.235	77.792	79.825	81.163	8,	81.383,	nan	nan	8.000	84.177	54.640	223.870	44.670	122.320	1.050	1.339	3.814	
8	2.000	2.000	162.000	815.235	88.002	90.944	92.872	8,	93.078,	nan	nan	8.000	95.885	66.830	223.870	44.670	122.320	1.952	1.928	3.177	
8	2.000	2.000	163.000	815.235	99.074	101.490	102.154	8,	102.563,	nan	nan	8.000	105.168	81.750	223.870	44.670	183.020	1.426	0.664	3.331	
8	2.000	2.000	164.000	815.235	108.511	110.802	112.097	9,	112.511,	nan	nan	9.000	115.108	54.640	183.020	44.670	122.320	1.301	1.296	2.894	
8	2.000	2.000	165.000	815.235	118.015	120.411	122.174	8,	122.618,	nan	nan	8.000	125.186	66.830	223.870	44.670	149.620	1.407	1.764	2.547	
8	2.000	2.000	166.000	815.235	127.745	130.484	131.548	9,	132.769,	nan	nan	9.000	134.559	66.830	149.620	54.640	122.320	1.749	1.064	3.441	
8	2.000	2.000	167.000	815.235	138.012	140.881	142.340	8,	142.528,	nan	nan	8.000	145.355	54.640	149.620	44.670	122.320	1.879	1.460	3.023	
8	2.000	2.000	168.000	815.235	148.389	150.487	151.773	9,	152.433,	nan	nan	9.000	154.785	81.750	149.620	54.640	122.320	1.108	1.286	2.707	
8	2.000	2.000	169.000	815.235	157.504	159.819	161.461	8,	161.501,	nan	nan	8.000	164.475	66.830	223.870	44.670	183.020	1.325	1.643	3.447	
8	2.000	2.000	170.000	815.235	167.934	169.699	171.318	9,	171.381,	nan	nan	9.000	174.331	183.020	149.620	223.870	149.620	0.775	1.619	3.640	
8	2.000	2.000	171.000	815.235	177.983	180.235	181.526	9,	182.490,	nan	nan	9.000	184.537	81.750	149.620	44.670	122.320	1.262	1.291	3.466	
8	2.000	2.000	172.000	815.235	188.016	189.800	191.051	9,	191.478,	nan	nan	9.000	194.063	81.750	183.020	44.670	122.320	0.794	1.252	2.309	
8	2.000	2.000	173.000	815.235	196.383	198.964	200.761	9,	201.021,	nan	nan	9.000	203.774	66.830	183.020	44.670	122.320	1.590	1.797	3.363	
8	2.000	2.000	174.000	815.235	207.149	209.093	210.789	9,	211.586,	nan	nan	9.000	213.800	81.750	223.870	44.670	122.320	0.953	1.696	2.270	
8	2.000	2.000	175.000	815.235	216.082	218.021	218.805	9,	219.086,	nan	nan	9.000	221.819	66.830	183.020	54.640	149.620	0.949	0.785	2.322	
8	2.000	2.000	176.000	815.235	224.152	225.806	227.473	8,	227.861,	nan	nan	8.000	230.485	66.830	223.870	54.640	183.020	0.664	1.667	3.949	
8	2.000	2.000	177.000	815.235	234.446	237.199	237.882	8,9,	238.289,239.567,	nan	nan	9.000	240.893	81.750	223.870	54.640	122.320	1.764	0.683	2.945	
8	2.000	2.000	178.000	815.235	243.854	245.837	247.287	9,	247.315,	nan	nan	9.000	250.301	81.750	223.870	66.830	122.320	0.997	1.450	2.913	
8	2.000	2.000	179.000	815.235	253.227	255.580	256.552	9,	257.186,	nan	nan	9.000	259.563	81.750	183.020	54.640	122.320	1.363	0.973	3.646	
8	2.000	2.000	180.000	815.235	263.222	264.745	266.335	8,	267.223,	nan	nan	8.000	269.346	66.830	223.870	54.640	122.320	0.534	1.590	2.887	
8	2.000	2.000	181.000	815.235	272.246	275.072	275.895	9,	276.285,	nan	nan	9.000	278.908	81.750	149.620	66.830	122.320	1.836	0.823	2.328	
8	2.000	2.000	182.000	815.235	281.249	283.398	284.052	8,	284.345,	nan	nan	8.000	287.066	54.640	223.870	44.670	149.620	1.161	0.654	3.048	
8	2.000	2.000	183.000	815.235	290.126	291.616	293.317	8,	293.977,	nan	nan	8.000	296.328	66.830	122.320	81.750	122.320	0.500	1.701	3.833	
8	2.000	2.000	184.000	815.235	300.173	301.808	303.272	8,	303.771,	nan	nan	8.000	306.284	81.750	223.870	54.640	183.020	0.645	1.465	2.643	
8	2.000	2.000	185.000	815.235	308.939	311.847	312.356	8,9,	312.735,314.139,	nan	nan	9.000	315.367	81.750	223.870	66.830	149.620	1.918	0.510	2.939	
8	2.000	2.000	186.000	815.235	318.319	321.067	321.817	8,	322.779,	nan	nan	8.000	324.828	66.830	223.870	54.640	149.620	1.759	0.751	2.129	
8	2.000	2.000	187.000	815.235	326.969	328.757	329.923	nan	nan	8.000	332.946	nan	nan	54.640	223.870	44.670	183.020	0.799	1.166	3.614	
8	2.000	2.000	188.000	815.235	336.573	338.742	339.965	9,	340.433,	nan	nan	9.000	342.979	54.640	183.020	44.670	149.620	1.180	1.223	3.293	
8	2.000	2.000	189.000	815.235	346.285	348.879	350.256	9,	350.493,	nan	nan	9.000	353.270	66.830	183.020	54.640	122.320	1.605	1.378	3.125	
8	2.000	2.000	190.000	815.235	356.407	358.573	360.476	9,	360.637,	nan	nan	9.000	363.490	81.750	183.020	66.830	149.620	1.175	1.904	3.633	
8	2.000	2.000	191.000	815.235	367.135	368.934	370.934	9,	371.352,	nan	nan	9.000	373.945	66.830	183.020	44.670	149.620	0.809	2.000	2.334	
8	2.000	2.000	192.000	815.235	376.293	378.491	379.487	8,	379.770,	nan	nan	8.000	382.500	81.750	149.620	44.670	183.020	1.209	0.997	4.000	
8	2.000	2.000	193.000	815.235	386.513	388.345	389.664	8,	389.847,	nan	nan	8.000	392.678	81.750	122.320	66.830	183.020	0.842	1.320	3.460	
8	2.000	2.000	194.000	815.235	396.153	397.809	398.921	8,	399.749,	nan	nan	8.000	401.932	66.830	149.620	44.670	122.320	0.669	1.113	2.836	
8	2.000	2.000	195.000	815.235	404.782	406.536	407.725	9,8,	408.103,409.378,	nan	nan	8.000	410.736	81.750	149.620	44.670	223.870	0.765	1.190	3.145	
8	2.000	2.000	196.000	815.235	413.893	416.613	418.303	8,	418.528,	nan	nan	8.000	421.315	66.830	54.640	81.750	54.640	1.730	1.691	2.489	
8	2.000	2.000	197.000	815.235	423.818	426.174	426.746	8,	428.015,	nan	nan	8.000	429.757	66.830	122.320	54.640	149.620	1.368	0.572	3.524	
8	2.000	2.000	198.000	815.235	433.294	435.811	437.753	8,	438.438,	nan	nan	8.000	440.764	81.750	122.320	44.670	183.020	1.527	1.942	3.473	
8	2.000	2.000	199.000	815.235	444.250	447.123	447.767	nan	nan	nan	nan	nan	nan	81.750	149.620	54.640	223.870	1.884	0.645	2.958	
8	2.000	2.000	200.000	815.235	453.759	455.784	457.643	9,	458.001,	nan	nan	9.000	460.655	81.750	122.320	66.830	223.870	1.035	1.860	2.315	
8	2.000	2.000	201.000	815.235	462.986	465.090	465.888	8,	466.342,	nan	nan	8.000	468.902	66.830	122.320	44.670	183.020	1.117	0.799	2.360	
8	2.000	2.000	202.000	815.235	471.274	472.822	473.983	9,	474.447,	nan	nan	9.000	476.994	81.750	183.020	66.830	223.870	0.558	1.161	2.984	
8	2.000	2.000	203.000	815.235	479.990	482.980	484.651	8,	485.383,	nan	nan	8.000	487.663	54.640	122.320	66.830	183.020	2.000	1.672	2.862	
8	2.000	2.000	204.000	815.235	490.538	492.726	494.721	8,	494.902,	nan	nan	8.000	497.734	66.830	149.620	44.670	223.870	1.199	1.995	2.405	
8	2.000	2.000	205.000	815.235	500.152	502.553	503.902	9,	504.222,	nan	nan	9.000	506.913	81.750	183.020	54.640	223.870	1.412	1.349	3.421	
8	2.000	2.000	206.000	815.235	510.346	512.565	513.985	9,	514.411,	nan	nan	9.000	516.999	54.640	183.020	81.750	149.620	1.228	1.421	3.865	
8	2.000	2.000	207.000	815.235	520.878	522.868	524.646	8,	524.794,	nan	nan	8.000	527.659	54.640	149.620	44.670	183.020	1.002	1.778	2.039	
8	2.000	2.000	208.000	815.235	529.711	532.599	533.735	9,	534.103,	nan	nan	9.000	536.749	81.750	149.620	66.830	223.870	1.899	1.137	3.209	
8	2.000	2.000	209.000	815.235	539.976	541.479	542.914	8,	543.180,	nan	nan	8.000	545.929	149.620	81.750	223.870	81.750	0.519	1.436	3.312	
8	2.000	2.000	210.000	815.235	549.254	551.944	553.485	8,	553.747,	nan	nan	8.000	556.498	54.640	122.320	81.750	149.620	1.701	1.542	3.235	
8	2.000	2.000	211.000	815.235	559.747	562.079	563.013	9,	563.236,	nan	nan	9.000	566.027	81.750	183.020	44.670	223.870	1.344	0.934	2.392	
8	2.000	2.000	212.000	815.235	568.432	570.071	571.699	8,	571.996,	nan	nan	8.000	574.710	66.830	149.620	54.640	223.870	0.650	1.629	3.736	
8	2.000	2.000	213.000	815.235	578.463	580.522	581.109	9,	581.492,	nan	nan	9.000	584.120	81.750	122.320	54.640	223.870	1.074	0.587	3.576	
8	2.000	2.000	214.000	815.235	587.709	590.162	590.835	9,	591.243,	nan	nan	9.000	593.849	66.830	183.020	44.670	223.870	1.465	0.674	3.929	
8	2.000	2.000	215.000	815.235	597.791	599.343	601.067	8,	601.577,	nan	nan	8.000	604.078	44.670	122.320	66.830	223.870	0.563	1.725	3.717	
8	2.000	2.000	216.000	815.235	607.809	610.585	611.432	8,	611.731,	nan	nan	8.000	614.446	66.830	149.620	44.670	183.020	1.788	0.847	2.521	
8	2.000	2.000	217.000	815.235	616.980	619.414	620.984	8,9,	621.752,622.975,	nan	nan	9.000	623.995	81.750	122.320	66.830	149.620	1.445	1.571	3.267	
8	2.000	2.000	218.000	815.235	627.276	629.271	630.229	8,8,	630.302,630.727,	nan	nan	8.000	633.239	81.750	122.320	44.670	223.870	1.006	0.958	3.749	
8	2.000	2.000	219.000	815.235	637.001	639.638	640.997	9,8,	641.918,642.311,	nan	nan	8.000	644.008	66.830	122.320	44.670	149.620	1.648	1.359	2.212	
8	2.000	2.000	220.000	815.235	646.232	648.007	649.886	9,	650.236,	nan	nan	9.000	652.897	66.830	183.020	54.640	223.870	0.785	1.879	2.669	
8	2.000	2.000	221.000	815.235	655.578	657.941	658.701	8,	658.917,	nan	nan	8.000	661.714	54.640	149.620	44.670	223.870	1.373	0.760	2.875	
8	2.000	2.000	222.000	815.235	664.602	666.829	667.333	8,	668.243,	nan	nan	8.000	670.344	149.620	183.020	223.870	183.020	1.238	0.505	3.074	
8	2.000	2.000	223.000	815.235	673.431	675.919	677.180	8,	677.466,	nan	nan	8.000	680.194	81.750	149.620	66.830	183.020	1.498	1.262	2.412	
8	2.000	2.000	224.000	815.235	682.620	685.579	687.284	8,	687.603,	nan	nan	8.000	690.296	54.640	122.320	44.670	223.870	1.971	1.706	3.492	
8	2.000	2.000	225.000	815.235	693.800	696.607	698.105	8,	698.698,	nan	nan	8.000	701.116	54.640	122.320	44.670	149.620	1.817	1.498	3.981	
8	2.000	2.000	226.000	815.235	705.112	707.182	707.735	8,	707.942,	nan	nan	8.000	710.747	54.640	122.320	44.670	183.020	1.084	0.553	2.019	
8	2.000	2.000	227.000	815.235	712.778	714.591	715.544	9,	715.844,	nan	nan	9.000	718.555	54.640	183.020	44.670	223.870	0.823	0.953	3.498	
8	2.000	2.000	228.000	815.235	722.067	724.983	726.534	8,9,	727.124,728.012,	8.000	729.545	9.000	729.545	54.640	122.320	66.830	223.870	1.928	1.551	3.376	
8	2.000	2.000	229.000	815.235	732.935	734.906	735.685	8,	735.727,	nan	nan	8.000	738.699	66.830	149.620	54.640	183.020	0.982	0.780	3.659	
8	2.000	2.000	230.000	815.235	742.371	743.909	745.175	9,	745.573,	nan	nan	9.000	748.189	44.670	183.020	81.750	149.620	0.548	1.267	2.373	
8	2.000	2.000	231.000	815.235	750.575	752.445	754.363	9,	754.667,	nan	nan	9.000	757.376	81.750	122.320	44.670	149.620	0.881	1.918	3.563	
8	2.000	2.000	232.000	815.235	760.955	763.864	765.801	9,	766.088,	nan	nan	9.000	768.812	44.670	223.870	81.750	149.620	1.923	1.937	2.534	
8	2.000	2.000	233.000	815.235	771.361	773.562	775.330	9,	775.560,	nan	nan	9.000	778.343	66.830	183.020	81.750	122.320	1.214	1.768	2.855	
8	2.000	2.000	234.000	815.235	781.214	782.894	783.914	8,	784.800,	nan	nan	8.000	786.925	81.750	122.320	54.640	183.020	0.693	1.021	2.167	
8	2.000	2.000	235.000	815.235	789.106	791.221	792.661	8,	793.773,	nan	nan	8.000	795.672	54.640	223.870	81.750	223.870	1.127	1.441	3.923	
8	2.000	2.000	236.000	815.235	799.608	801.570	802.098	9,	802.204,	nan	nan	9.000	805.112	81.750	183.020	44.670	149.620	0.973	0.529	3.846	
8	2.000	2.000	237.000	815.235	808.971	811.468	813.033	8,	813.345,	nan	nan	8.000	816.046	54.640	223.870	81.750	183.020	1.508	1.566	2.695	
8	2.000	2.000	238.000	815.235	818.752	820.764	822.146	9,	822.592,	nan	nan	9.000	825.160	44.670	183.020	54.640	149.620	1.021	1.383	3.170	
8	2.000	2.000	239.000	815.235	828.342	830.209	831.282	9,	832.016,	nan	nan	9.000	834.293	44.670	223.870	54.640	122.320	0.876	1.074	3.518	
8	2.000	2.000	240.000	815.235	837.825	840.611	842.523	9,	842.701,	nan	nan	9.000	845.537	66.830	183.020	81.750	149.620	1.797	1.913	3.723	
8	2.000	2.000	241.000	815.235	849.274	851.375	852.497	9,	852.957,	nan	nan	9.000	855.508	81.750	183.020	66.830	122.320	1.113	1.122	3.486	
8	2.000	2.000	242.000	815.235	859.013	861.720	862.476	9,	862.863,	nan	nan	9.000	865.487	44.670	183.020	66.830	122.320	1.725	0.756	3.093	
8	2.000	2.000	243.000	815.235	868.593	871.543	873.138	8,	873.839,	nan	nan	8.000	876.149	44.670	223.870	81.750	122.320	1.961	1.595	3.698	
8	2.000	2.000	244.000	815.235	879.859	882.781	884.255	9,9,	884.302,884.636,	nan	nan	9.000	887.269	54.640	183.020	66.830	149.620	1.932	1.474	3.775	
8	2.000	2.000	245.000	815.235	891.057	893.887	895.260	8,	897.072,	nan	nan	8.000	898.271	54.640	223.870	66.830	149.620	1.841	1.373	3.068	
8	2.000	2.000	246.000	815.235	901.353	902.913	904.237	8,	904.960,	nan	nan	8.000	907.248	54.640	223.870	81.750	149.620	0.572	1.325	3.151	
8	2.000	2.000	247.000	815.235	910.414	912.446	913.959	nan	nan	8.000	916.985	nan	nan	81.750	122.320	54.640	149.620	1.045	1.513	3.608	
8	2.000	2.000	248.000	815.235	920.607	923.233	924.760	8,	924.972,	nan	nan	8.000	927.774	54.640	66.830	81.750	66.830	1.638	1.527	2.952	
8	2.000	2.000	249.000	815.235	930.738	933.665	935.197	9,	935.462,	nan	nan	9.000	938.211	44.670	183.020	66.830	149.620	1.937	1.532	3.556	
8	2.000	2.000	250.000	815.235	941.780	944.243	945.804	8,9,	946.116,947.068,	nan	nan	9.000	948.815	44.670	149.620	81.750	122.320	1.474	1.561	2.527	
8	2.000	2.000	251.000	815.235	951.357	953.915	955.307	9,	955.734,	nan	nan	9.000	958.318	44.670	223.870	54.640	149.620	1.571	1.392	2.174	
8	2.000	2.000	252.000	815.235	960.507	962.080	963.072	8,	963.254,	nan	nan	8.000	966.086	44.670	223.870	54.640	183.020	0.587	0.992	2.122	
8	2.000	2.000	253.000	815.235	968.221	970.236	970.914	nan	nan	nan	nan	nan	nan	66.830	223.870	81.750	149.620	1.026	0.678	3.916	
8	2.000	2.000	254.000	815.235	977.864	980.120	981.777	8,	982.152,	nan	nan	8.000	984.791	54.640	149.620	66.830	122.320	1.267	1.658	3.222	
8	2.000	2.000	255.000	815.235	988.026	990.957	991.823	8,	992.084,	nan	nan	8.000	994.837	54.640	223.870	66.830	183.020	1.942	0.867	3.415	
8	2.000	2.000	256.000	815.235	998.265	1001.061	1002.477	8,8,	1002.508,1003.131,	nan	nan	8.000	1005.488	66.830	149.620	81.750	122.320	1.807	1.416	2.206	
8	2.000	2.000	257.000	815.235	1007.707	1009.568	1011.476	9,	1012.076,	nan	nan	9.000	1014.486	44.670	183.020	81.750	122.320	0.871	1.908	2.572	
8	2.000	2.000	258.000	815.235	1017.071	1019.371	1020.252	8,	1021.254,	9.000	1023.263	8.000	1023.263	44.670	223.870	66.830	149.620	1.310	0.881	2.148	
8	2.000	2.000	259.000	815.235	1025.428	1027.304	1028.001	8,	1028.583,	nan	nan	8.000	1031.012	66.830	122.320	54.640	223.870	0.891	0.698	2.013	
8	2.000	2.000	260.000	815.235	1033.048	1034.758	1036.001	8,	1037.459,	nan	nan	8.000	1039.012	66.830	122.320	54.640	183.020	0.732	1.243	2.482	
8	2.000	2.000	261.000	815.235	1041.508	1043.985	1045.136	8,	1045.430,	nan	nan	8.000	1048.148	149.620	54.640	183.020	54.640	1.489	1.151	3.042	
8	2.000	2.000	262.000	815.235	1051.204	1054.149	1054.648	8,	1054.890,	nan	nan	8.000	1057.662	66.830	223.870	81.750	183.020	1.957	0.500	3.826	
8	2.000	2.000	263.000	815.235	1061.503	1064.100	1065.984	9,	1066.347,	nan	nan	9.000	1068.998	44.670	149.620	66.830	122.320	1.609	1.884	3.801	
8	2.000	2.000	264.000	815.235	1072.811	1074.725	1075.919	9,	1076.211,	nan	nan	9.000	1078.931	44.670	183.020	54.640	122.320	0.924	1.195	3.479	
8	2.000	2.000	265.000	815.235	1082.424	1084.274	1086.062	8,	1086.588,	nan	nan	8.000	1089.073	54.640	223.870	81.750	122.320	0.862	1.788	3.678	
8	2.000	2.000	266.000	815.235	1092.765	1095.083	1095.983	8,	1096.097,	nan	nan	8.000	1098.996	44.670	223.870	81.750	183.020	1.330	0.900	3.955	
8	2.000	2.000	267.000	815.235	1102.963	1105.669	1107.138	nan	nan	nan	nan	nan	nan	44.670	223.870	66.830	183.020	1.715	1.469	2.141	
8	2.000	2.000	268.000	815.235	1112.318	1113.904	1114.679	8,	1115.231,	nan	nan	8.000	1117.690	66.830	223.870	81.750	122.320	0.596	0.775	3.228	
8	2.000	2.000	269.000	815.235	1120.930	1123.423	1125.235	9,	1125.499,	nan	nan	9.000	1128.249	81.750	183.020	54.640	149.620	1.503	1.812	3.781	
8	2.000	2.000	270.000	815.235	1132.042	1134.482	1136.323	8,	1136.610,	nan	nan	8.000	1139.337	66.830	122.320	44.670	223.870	1.450	1.841	3.569	
8	2.000	2.000	271.000	815.235	1142.920	1145.045	1146.620	8,	1147.052,	nan	nan	8.000	1149.632	44.670	149.620	54.640	122.320	1.137	1.576	2.244	
8	2.000	2.000	272.000	815.235	1151.890	1153.712	1154.790	9,	1155.135,	nan	nan	9.000	1157.804	54.640	183.020	81.750	122.320	0.833	1.079	3.788	
8	2.000	2.000	273.000	815.235	1161.605	1164.387	1165.180	8,	1165.542,	nan	nan	8.000	1168.194	81.750	223.870	44.670	149.620	1.793	0.794	2.868	
8	2.000	2.000	274.000	815.235	1171.076	1173.167	1174.381	8,	1174.777,	nan	nan	8.000	1177.395	149.620	122.320	183.020	122.320	1.103	1.214	3.428	
8	2.000	2.000	275.000	815.235	1180.835	1183.376	1184.363	8,	1184.480,	nan	nan	8.000	1187.376	44.670	122.320	81.750	183.020	1.551	0.987	2.296	
8	2.000	2.000	276.000	815.235	1189.684	1191.347	1192.160	8,	1192.559,	nan	nan	8.000	1195.172	54.640	149.620	81.750	223.870	0.674	0.814	3.878	
8	2.000	2.000	277.000	815.235	1199.065	1201.405	1202.739	8,	1202.797,	nan	nan	8.000	1205.753	54.640	122.320	81.750	183.020	1.354	1.334	2.437	
8	2.000	2.000	278.000	815.235	1208.203	1210.103	1211.885	8,	1212.541,	nan	nan	8.000	1214.897	44.670	122.320	66.830	183.020	0.910	1.783	3.325	
8	2.000	2.000	279.000	815.235	1218.235	1220.800	1222.114	8,	1222.448,	nan	nan	8.000	1225.128	54.640	149.620	81.750	122.320	1.576	1.315	2.386	
8	2.000	2.000	280.000	815.235	1227.526	1230.192	1231.208	9,	1231.240,	nan	nan	9.000	1234.222	54.640	183.020	81.750	223.870	1.677	1.016	2.797	
8	2.000	2.000	281.000	815.235	1237.033	1238.637	1239.349	9,	1239.558,	nan	nan	9.000	1242.363	54.640	183.020	66.830	122.320	0.616	0.712	2.965	
8	2.000	2.000	282.000	815.235	1245.341	1247.867	1248.434	9,	1248.734,	nan	nan	9.000	1251.447	66.830	183.020	81.750	223.870	1.537	0.568	2.302	
8	2.000	2.000	283.000	815.235	1253.762	1255.372	1256.431	8,	1256.829,	nan	nan	8.000	1259.442	66.830	122.320	81.750	223.870	0.621	1.059	2.611	
8	2.000	2.000	284.000	815.235	1262.066	1263.858	1264.826	8,8,	1264.961,1265.226,	nan	nan	8.000	1267.837	44.670	149.620	66.830	183.020	0.804	0.968	3.582	
8	2.000	2.000	285.000	815.235	1271.436	1274.161	1275.678	8,	1275.712,	nan	nan	8.000	1278.692	66.830	149.620	81.750	183.020	1.740	1.518	2.682	
8	2.000	2.000	286.000	815.235	1281.387	1284.352	1284.972	9,	1286.337,	nan	nan	9.000	1287.983	44.670	122.320	81.750	149.620	1.976	0.621	2.566	
8	2.000	2.000	287.000	815.235	1290.561	1293.416	1294.267	9,	1295.597,	nan	nan	9.000	1297.278	54.640	122.320	66.830	122.320	1.865	0.852	2.026	
8	2.000	2.000	288.000	815.235	1299.317	1301.211	1302.309	9,9,	1302.373,1302.664,	nan	nan	9.000	1305.323	44.670	183.020	66.830	223.870	0.905	1.098	3.897	
8	2.000	2.000	289.000	815.235	1309.233	1310.852	1312.008	9,	1312.807,	nan	nan	9.000	1315.019	66.830	149.620	81.750	223.870	0.630	1.156	2.881	
8	2.000	2.000	290.000	815.235	1317.914	1320.531	1321.050	9,	1321.729,	nan	nan	9.000	1324.061	54.640	122.320	66.830	149.620	1.629	0.519	3.203	
8	2.000	2.000	291.000	815.235	1327.279	1330.261	1331.296	9,	1331.821,	nan	nan	9.000	1334.307	44.670	122.320	54.640	223.870	1.995	1.035	3.839	
8	2.000	2.000	292.000	815.235	1338.159	1340.314	1341.802	8,	1342.144,	nan	nan	8.000	1344.814	66.830	122.320	81.750	149.620	1.166	1.489	3.511	
8	2.000	2.000	293.000	815.235	1348.337	1351.062	1352.724	9,	1352.854,	nan	nan	9.000	1355.738	44.670	183.020	81.750	223.870	1.735	1.662	2.977	
8	2.000	2.000	294.000	815.235	1358.734	1361.486	1362.218	8,8,	1362.548,1362.939,	nan	nan	8.000	1365.229	44.670	149.620	54.640	183.020	1.768	0.732	2.180	
8	2.000	2.000	295.000	815.235	1367.423	1369.157	1369.850	9,	1369.994,	nan	nan	9.000	1372.864	44.670	149.620	66.830	223.870	0.746	0.693	2.675	
8	2.000	2.000	296.000	815.235	1375.554	1377.437	1378.525	9,	1378.907,	nan	nan	9.000	1381.536	44.670	122.320	66.830	149.620	0.895	1.088	3.666	
8	2.000	2.000	297.000	815.235	1385.218	1387.297	1388.235	8,9,	1388.686,1389.448,	nan	nan	9.000	1391.246	54.640	183.020	66.830	223.870	1.093	0.939	2.849	
8	2.000	2.000	298.000	815.235	1394.109	1396.244	1397.452	8,8,	1397.640,1397.792,	nan	nan	8.000	1400.465	44.670	149.620	81.750	183.020	1.146	1.209	3.942	
8	2.000	2.000	299.000	815.235	1404.420	1407.023	1408.917	9,	1409.286,	nan	nan	9.000	1411.928	44.670	149.620	54.640	223.870	1.614	1.894	3.627	
8	2.000	2.000	300.000	815.235	1415.569	1418.432	1419.737	nan	nan	8.000	1422.776	nan	nan	54.640	44.670	66.830	44.670	1.875	1.305	2.154	
8	2.000	2.000	301.000	815.235	1424.943	1426.630	1428.528	9,	1428.917,	nan	nan	9.000	1431.542	54.640	149.620	66.830	223.870	0.698	1.899	2.971	
8	2.000	2.000	302.000	815.235	1434.526	1436.329	1436.852	8,	1437.057,	nan	nan	8.000	1439.865	54.640	149.620	81.750	183.020	0.814	0.524	3.286	
8	2.000	2.000	303.000	815.235	1443.165	1445.222	1447.029	8,	1447.253,	nan	nan	8.000	1450.041	44.670	122.320	81.750	223.870	1.069	1.807	2.186	
8	2.000	2.000	304.000	815.235	1452.240	1454.328	1455.806	8,	1456.157,	nan	nan	8.000	1458.821	44.670	149.620	81.750	223.870	1.098	1.479	2.540	
8	2.000	2.000	305.000	815.235	1461.374	1463.065	1464.887	9,	1465.116,	nan	nan	9.000	1467.900	54.640	223.870	66.830	122.320	0.703	1.822	2.469	
8	2.000	2.000	306.000	815.235	1470.382	1472.436	1474.262	nan	nan	nan	nan	nan	nan	66.830	122.320	81.750	183.020	1.064	1.826	2.219	
8	2.000	2.000	307.000	815.235	1479.520	1481.776	1483.279	9,	1483.678,	nan	nan	9.000	1486.292	44.670	122.320	54.640	149.620	1.272	1.503	2.514	
8	2.000	2.000	308.000	815.235	1488.820	1490.550	1491.696	9,9,	1491.926,1492.129,	nan	nan	9.000	1494.707	44.670	183.020	54.640	223.870	0.741	1.146	2.199	
8	2.000	2.000	309.000	815.235	1496.921	1498.414	1499.521	8,	1499.907,	nan	nan	8.000	1502.535	54.640	122.320	81.750	223.870	0.505	1.108	2.045	
8	2.000	2.000	310.000	815.235	1504.593	1506.511	1508.477	9,	1508.716,	nan	nan	9.000	1511.491	44.670	223.870	66.830	122.320	0.929	1.966	3.936	
8	2.000	2.000	311.000	815.235	1515.442	1516.997	1517.853	nan	nan	nan	nan	nan	nan	44.670	122.320	54.640	183.020	0.568	0.857	2.605	
8	2.000	2.000	312.000	815.235	1523.498	1526.228	1528.203	8,8,	1528.380,1528.557,	nan	nan	8.000	1531.217	54.640	149.620	66.830	183.020	1.744	1.976	2.990	
