subjID	session	Block	trialCount	earnings	Gam1Onset	Gam2Onset	FBOnset	KPs	RT	KPlate	RTlate	KP_Final	SLOnset	Gam1_1	Gam1_2	Gam2_1	Gam2_2	jit1	jit2	jit3	
9	2.000	1.000	1.000	1219.811	87.959	89.458	90.888	9,9,9,9,9,9,	91.203,91.671,91.940,92.194,92.438,92.692,	9.000	93.905	9.000	93.905	183.020	44.670	223.870	44.670	0.500	1.431	3.614	
9	2.000	1.000	2.000	1219.811	97.531	99.465	100.239	9,9,9,9,9,9,9,9,9,	100.270,100.512,100.744,100.972,101.196,101.400,101.621,101.835,102.054,	9.000	103.257	9.000	103.257	54.640	223.870	44.670	122.320	0.944	0.775	3.055	
9	2.000	1.000	3.000	1219.811	106.323	109.261	109.929	9,9,9,9,9,9,9,9,	110.143,110.408,110.628,110.856,111.071,111.281,111.514,111.736,	9.000	112.948	9.000	112.948	54.640	149.620	44.670	122.320	1.947	0.669	3.376	
9	2.000	1.000	4.000	1219.811	116.335	118.198	119.083	9,9,9,9,9,9,9,	119.575,119.786,120.005,120.217,120.431,120.849,121.052,	9.000	122.097	9.000	122.097	81.750	149.620	54.640	122.320	0.871	0.886	2.354	
9	2.000	1.000	5.000	1219.811	124.461	126.773	128.512	9,9,9,9,9,9,9,9,9,9,	128.643,128.843,129.034,129.245,129.464,129.667,129.877,130.080,130.286,130.505,	9.000	131.530	9.000	131.530	66.830	183.020	44.670	149.620	1.320	1.740	3.241	
9	2.000	1.000	6.000	1219.811	134.782	137.740	139.262	9,9,9,9,9,9,9,9,9,	139.446,139.654,140.061,140.272,140.462,140.641,140.844,141.037,141.255,	9.000	142.282	9.000	142.282	54.640	183.020	44.670	122.320	1.966	1.523	3.132	
9	2.000	1.000	7.000	1219.811	145.425	147.118	148.510	9,9,9,9,9,9,	148.997,149.443,149.697,149.931,150.164,150.433,	9.000	151.529	9.000	151.529	81.750	149.620	66.830	122.320	0.703	1.392	2.682	
9	2.000	1.000	8.000	1219.811	154.221	157.212	158.165	8,8,8,8,8,8,	158.511,158.787,159.065,159.283,159.765,159.974,	8.000	161.178	8.000	161.178	66.830	183.020	54.640	122.320	2.000	0.953	2.810	
9	2.000	1.000	9.000	1219.811	164.000	165.616	166.878	9,9,9,9,9,9,9,9,	166.991,167.243,167.476,167.711,167.976,168.382,168.589,168.814,	9.000	169.896	9.000	169.896	66.830	223.870	44.670	149.620	0.625	1.262	2.547	
9	2.000	1.000	10.000	1219.811	172.454	175.223	175.964	9,9,9,9,9,9,9,9,9,	176.130,176.376,176.607,176.831,177.077,177.307,177.508,177.734,177.949,	9.000	178.975	9.000	178.976	54.640	223.870	44.670	149.620	1.778	0.741	3.183	
9	2.000	1.000	11.000	1219.811	182.170	183.700	184.576	9,9,9,9,9,9,9,9,	184.894,185.165,185.386,185.628,185.877,186.105,186.310,186.542,	9.000	187.593	9.000	187.593	81.750	183.020	44.670	122.320	0.539	0.876	2.019	
9	2.000	1.000	12.000	1219.811	189.623	191.785	193.659	8,8,8,8,8,8,	194.305,194.577,194.758,194.957,195.261,195.499,	8.000	196.679	8.000	196.679	81.750	223.870	54.640	183.020	1.170	1.875	2.733	
9	2.000	1.000	13.000	1219.811	199.422	201.406	202.436	9,9,9,9,9,9,9,9,	202.561,202.832,203.085,203.326,203.577,203.844,204.106,204.357,	9.000	205.449	9.000	205.449	81.750	149.620	54.640	183.020	0.992	1.031	2.514	
9	2.000	1.000	14.000	1219.811	207.974	209.610	211.315	9,9,9,9,9,9,9,9,9,	211.406,211.645,211.880,212.111,212.324,212.537,212.757,212.974,213.192,	9.000	214.334	9.000	214.334	183.020	149.620	223.870	149.620	0.645	1.706	2.932	
9	2.000	1.000	15.000	1219.811	217.279	219.535	220.238	9,9,9,9,9,9,9,	220.628,220.966,221.216,221.470,221.718,221.963,222.202,	9.000	223.251	9.000	223.251	66.830	223.870	44.670	183.020	1.267	0.703	2.302	
9	2.000	1.000	16.000	1219.811	225.567	228.155	228.934	9,9,9,9,9,9,	229.554,229.945,230.203,230.428,230.655,230.867,	9.000	231.952	9.000	231.952	81.750	223.870	54.640	149.620	1.600	0.780	3.576	
9	2.000	1.000	17.000	1219.811	235.540	237.599	239.256	9,9,9,9,9,9,9,9,	239.486,239.723,239.951,240.186,240.412,240.652,240.843,241.083,	9.000	242.270	9.000	242.270	81.750	223.870	44.670	122.320	1.069	1.658	3.460	
9	2.000	1.000	18.000	1219.811	245.745	247.941	249.661	9,9,9,9,9,9,9,9,9,	249.686,249.929,250.172,250.415,250.665,250.885,251.130,251.380,251.606,	9.000	252.680	9.000	252.680	81.750	183.020	66.830	149.620	1.209	1.720	3.068	
9	2.000	1.000	19.000	1219.811	255.847	258.152	258.825	8,8,8,8,	259.784,260.065,260.490,260.820,	8.000	261.838	8.000	261.838	81.750	223.870	66.830	183.020	1.402	0.674	2.572	
9	2.000	1.000	20.000	1219.811	264.488	266.024	267.980	9,9,9,9,9,9,9,9,	268.015,268.452,268.700,268.941,269.185,269.447,269.702,269.961,	9.000	270.993	9.000	270.993	81.750	223.870	66.830	122.320	0.611	1.957	3.080	
9	2.000	1.000	21.000	1219.811	274.134	275.580	276.745	9,9,9,9,9,9,9,	276.869,277.154,277.632,277.915,278.140,278.386,278.641,	9.000	279.757	9.000	279.757	54.640	223.870	44.670	183.020	0.505	1.166	3.447	
9	2.000	1.000	22.000	1219.811	283.215	285.821	286.745	8,8,8,8,8,8,	287.070,287.521,287.771,288.110,288.323,288.546,	8.000	289.762	8.000	289.762	66.830	223.870	54.640	183.020	1.614	0.924	3.871	
9	2.000	1.000	23.000	1219.811	293.654	296.245	297.150	8,8,8,8,8,8,	297.529,297.962,298.173,298.470,298.640,299.074,	8.000	300.168	8.000	300.168	66.830	149.620	54.640	122.320	1.609	0.905	2.296	
9	2.000	1.000	24.000	1219.811	302.476	304.994	306.887	9,9,9,9,9,9,9,	307.133,307.367,307.572,307.802,308.047,308.298,308.511,	9.000	309.902	9.000	309.902	81.750	149.620	44.670	183.020	1.527	1.894	2.945	
9	2.000	1.000	25.000	1219.811	312.868	314.436	316.397	9,9,9,9,9,9,9,9,9,	316.460,316.713,316.917,317.148,317.416,317.666,317.895,318.136,318.350,	9.000	319.411	9.000	319.411	66.830	223.870	44.670	122.320	0.587	1.961	2.534	
9	2.000	1.000	26.000	1219.811	321.956	324.889	325.890	8,9,9,9,8,8,	326.118,326.690,326.894,327.138,327.530,327.902,	8.000	328.920	8.000	328.920	81.750	122.320	66.830	183.020	1.942	1.002	2.997	
9	2.000	1.000	27.000	1219.811	331.930	333.887	334.483	8,8,8,8,	335.315,335.712,335.958,336.389,	8.000	337.496	8.000	337.496	66.830	223.870	81.750	223.870	0.968	0.596	3.910	
9	2.000	1.000	28.000	1219.811	341.418	343.487	344.580	9,9,9,9,9,9,9,9,	344.753,345.010,345.258,345.490,345.748,346.009,346.255,346.529,	9.000	347.592	9.000	347.592	81.750	183.020	54.640	122.320	1.079	1.093	2.939	
9	2.000	1.000	29.000	1219.811	350.543	353.399	354.771	9,9,9,9,9,9,9,	354.993,355.243,355.500,355.787,356.041,356.296,356.538,	9.000	357.784	9.000	357.784	54.640	183.020	44.670	149.620	1.865	1.373	3.653	
9	2.000	1.000	30.000	1219.811	361.480	362.959	363.979	9,9,9,9,9,9,9,	364.003,364.238,364.495,365.044,365.290,365.518,365.793,	9.000	366.993	9.000	366.993	66.830	183.020	44.670	122.320	0.519	1.021	2.887	
9	2.000	1.000	31.000	1219.811	370.033	372.024	373.170	9,9,9,9,9,9,9,9,	373.425,373.658,373.884,374.122,374.338,374.566,374.783,375.033,	9.000	376.187	9.000	376.187	81.750	223.870	44.670	183.020	1.141	1.146	2.051	
9	2.000	1.000	32.000	1219.811	378.256	380.904	382.088	8,8,8,9,9,9,	382.571,383.133,383.387,383.688,383.883,384.096,	nan	nan	9.000	385.119	66.830	223.870	54.640	122.320	1.662	1.185	2.553	
9	2.000	1.000	33.000	1219.811	387.686	389.700	391.493	9,9,9,9,9,	391.876,392.110,392.366,392.632,392.906,	nan	nan	9.000	394.505	81.750	223.870	66.830	149.620	1.026	1.793	3.170	
9	2.000	1.000	34.000	1219.811	397.721	400.282	400.845	9,	401.455,	nan	nan	9.000	403.858	81.750	149.620	44.670	122.320	1.605	0.563	3.093	
9	2.000	1.000	35.000	1219.811	406.963	409.842	411.750	9,	412.107,	nan	nan	9.000	414.762	81.750	223.870	54.640	122.320	1.889	1.908	3.383	
9	2.000	1.000	36.000	1219.811	418.157	419.903	421.111	8,8,	421.991,422.419,	nan	nan	8.000	424.124	66.830	223.870	54.640	149.620	0.756	1.209	2.842	
9	2.000	1.000	37.000	1219.811	426.978	429.708	430.217	9,	430.648,	nan	nan	9.000	433.230	81.750	149.620	44.670	223.870	1.740	0.510	2.431	
9	2.000	1.000	38.000	1219.811	435.677	438.056	439.563	9,	440.023,	nan	nan	9.000	442.577	66.830	183.020	54.640	149.620	1.392	1.508	2.695	
9	2.000	1.000	39.000	1219.811	445.283	447.791	449.709	9,	450.181,	nan	nan	9.000	452.727	66.830	149.620	44.670	122.320	1.518	1.918	3.003	
9	2.000	1.000	40.000	1219.811	455.744	457.546	459.015	8,	459.456,	nan	nan	8.000	462.028	66.830	54.640	81.750	54.640	0.814	1.469	3.209	
9	2.000	1.000	41.000	1219.811	465.254	467.868	469.342	8,	469.920,	nan	nan	8.000	472.355	66.830	183.020	81.750	122.320	1.629	1.474	2.804	
9	2.000	1.000	42.000	1219.811	475.186	477.196	478.882	9,	479.212,	nan	nan	9.000	481.900	54.640	122.320	44.670	149.620	1.035	1.686	3.524	
9	2.000	1.000	43.000	1219.811	485.436	488.219	489.283	9,	489.677,	nan	nan	9.000	492.296	54.640	122.320	44.670	183.020	1.793	1.064	2.823	
9	2.000	1.000	44.000	1219.811	495.131	497.272	498.799	9,	499.128,	nan	nan	9.000	501.817	54.640	149.620	44.670	223.870	1.151	1.527	3.235	
9	2.000	1.000	45.000	1219.811	505.063	507.114	507.985	9,	508.453,	nan	nan	9.000	511.002	54.640	149.620	44.670	183.020	1.059	0.871	3.190	
9	2.000	1.000	46.000	1219.811	514.204	516.582	518.041	9,	518.378,	nan	nan	9.000	521.054	66.830	183.020	44.670	223.870	1.387	1.460	2.894	
9	2.000	1.000	47.000	1219.811	523.960	526.502	528.304	8,	528.744,	nan	nan	8.000	531.324	66.830	122.320	54.640	149.620	1.551	1.802	3.730	
9	2.000	1.000	48.000	1219.811	535.066	536.618	537.123	9,	537.724,	nan	nan	9.000	540.140	81.750	183.020	66.830	223.870	0.563	0.505	3.145	
9	2.000	1.000	49.000	1219.811	543.297	545.549	547.529	9,	547.856,	nan	nan	9.000	550.548	81.750	149.620	54.640	223.870	1.262	1.981	3.428	
9	2.000	1.000	50.000	1219.811	553.989	556.202	557.960	8,	558.304,	nan	nan	8.000	560.978	44.670	223.870	81.750	149.620	1.223	1.759	2.469	
9	2.000	1.000	51.000	1219.811	563.464	565.683	567.278	9,	567.623,	nan	nan	9.000	570.291	81.750	122.320	54.640	223.870	1.233	1.595	2.232	
9	2.000	1.000	52.000	1219.811	572.534	574.184	575.175	8,9,	575.417,577.003,	nan	nan	9.000	578.189	81.750	122.320	54.640	183.020	0.659	0.992	2.096	
9	2.000	1.000	53.000	1219.811	580.300	583.047	584.313	8,9,	585.209,586.142,	8.000	587.326	9.000	587.326	149.620	44.670	223.870	44.670	1.759	1.267	2.238	
9	2.000	1.000	54.000	1219.811	589.575	591.992	593.119	9,	593.554,	nan	nan	9.000	596.137	66.830	122.320	44.670	149.620	1.426	1.127	2.109	
9	2.000	1.000	55.000	1219.811	598.258	600.168	601.704	9,	602.007,	nan	nan	9.000	604.721	81.750	122.320	66.830	223.870	0.920	1.537	3.222	
9	2.000	1.000	56.000	1219.811	607.959	610.782	611.440	9,	611.904,	nan	nan	9.000	614.457	66.830	183.020	54.640	223.870	1.836	0.659	2.913	
9	2.000	1.000	57.000	1219.811	617.384	620.233	620.897	9,	621.359,	nan	nan	9.000	623.914	81.750	122.320	44.670	149.620	1.860	0.664	2.289	
9	2.000	1.000	58.000	1219.811	626.216	628.661	630.651	8,	631.443,	nan	nan	8.000	633.670	66.830	149.620	54.640	183.020	1.455	1.990	2.341	
9	2.000	1.000	59.000	1219.811	636.023	638.729	639.281	8,	640.010,	nan	nan	8.000	642.299	54.640	122.320	81.750	149.620	1.715	0.553	2.039	
9	2.000	1.000	60.000	1219.811	644.349	646.135	647.850	9,	648.302,	nan	nan	9.000	650.867	81.750	122.320	44.670	223.870	0.794	1.715	2.752	
9	2.000	1.000	61.000	1219.811	653.635	655.257	656.056	9,8,	656.939,657.052,	nan	nan	8.000	659.068	54.640	122.320	66.830	183.020	0.635	0.799	3.248	
9	2.000	1.000	62.000	1219.811	662.328	664.175	665.827	9,8,9,	666.241,666.666,667.762,	nan	nan	9.000	668.840	66.830	149.620	54.640	223.870	0.857	1.653	3.949	
9	2.000	1.000	63.000	1219.811	672.807	675.198	675.741	9,	676.238,	nan	nan	9.000	678.758	81.750	122.320	66.830	149.620	1.407	0.543	3.685	
9	2.000	1.000	64.000	1219.811	682.471	684.042	684.807	8,	685.340,	nan	nan	8.000	687.824	54.640	183.020	81.750	149.620	0.596	0.765	2.457	
9	2.000	1.000	65.000	1219.811	690.293	692.463	694.039	9,	694.445,	nan	nan	9.000	697.052	81.750	149.620	66.830	183.020	1.180	1.576	3.711	
9	2.000	1.000	66.000	1219.811	700.775	703.268	705.084	8,	705.604,	nan	nan	8.000	708.103	149.620	183.020	223.870	183.020	1.503	1.817	3.408	
9	2.000	1.000	67.000	1219.811	711.523	713.983	714.955	9,	715.382,	nan	nan	9.000	717.972	81.750	183.020	44.670	223.870	1.469	0.973	3.537	
9	2.000	1.000	68.000	1219.811	721.521	724.463	725.084	9,	725.901,	nan	nan	9.000	728.101	66.830	122.320	44.670	183.020	1.952	0.621	2.502	
9	2.000	1.000	69.000	1219.811	730.614	732.717	734.032	9,	734.594,	nan	nan	9.000	737.050	81.750	183.020	54.640	223.870	1.113	1.315	2.508	
9	2.000	1.000	70.000	1219.811	739.570	741.871	742.525	8,	742.665,	nan	nan	8.000	745.543	44.670	183.020	81.750	149.620	1.310	0.654	2.424	
9	2.000	1.000	71.000	1219.811	747.979	750.159	750.678	8,	751.580,	nan	nan	8.000	753.691	44.670	122.320	66.830	223.870	1.190	0.519	2.225	
9	2.000	1.000	72.000	1219.811	755.928	757.882	759.804	8,	760.144,	nan	nan	8.000	762.821	54.640	122.320	44.670	223.870	0.963	1.923	3.370	
9	2.000	1.000	73.000	1219.811	766.206	768.079	768.911	9,	769.623,	nan	nan	9.000	771.930	81.750	149.620	66.830	223.870	0.886	0.833	3.344	
9	2.000	1.000	74.000	1219.811	775.299	777.437	779.379	8,	780.183,	nan	nan	8.000	782.392	54.640	122.320	66.830	223.870	1.161	1.942	3.363	
9	2.000	1.000	75.000	1219.811	785.772	788.391	789.845	9,	790.382,	nan	nan	9.000	792.858	81.750	122.320	44.670	183.020	1.633	1.455	2.148	
9	2.000	1.000	76.000	1219.811	795.030	796.639	797.490	9,	798.091,	nan	nan	9.000	800.503	66.830	149.620	44.670	183.020	0.630	0.852	2.662	
9	2.000	1.000	77.000	1219.811	803.176	805.989	806.807	9,	807.308,	nan	nan	9.000	809.825	54.640	183.020	44.670	223.870	1.822	0.818	2.990	
9	2.000	1.000	78.000	1219.811	812.826	815.730	816.254	9,	816.708,	nan	nan	9.000	819.271	66.830	149.620	44.670	223.870	1.913	0.524	3.453	
9	2.000	1.000	79.000	1219.811	822.738	824.859	826.019	8,	826.509,	nan	nan	8.000	829.037	54.640	223.870	81.750	223.870	1.132	1.161	3.788	
9	2.000	1.000	80.000	1219.811	832.837	834.660	836.360	8,	836.862,	nan	nan	8.000	839.377	44.670	223.870	54.640	183.020	0.833	1.701	2.868	
9	2.000	1.000	81.000	1219.811	842.257	844.288	845.530	8,	845.950,	nan	nan	8.000	848.543	44.670	149.620	81.750	122.320	1.040	1.243	2.489	
9	2.000	1.000	82.000	1219.811	851.043	853.889	854.823	8,	855.230,	nan	nan	8.000	857.836	44.670	223.870	66.830	149.620	1.855	0.934	2.875	
9	2.000	1.000	83.000	1219.811	860.723	862.333	863.455	9,	864.177,	nan	nan	9.000	866.467	54.640	149.620	66.830	122.320	0.621	1.122	2.611	
9	2.000	1.000	84.000	1219.811	869.091	870.764	872.426	8,	872.850,	nan	nan	8.000	875.438	54.640	223.870	81.750	149.620	0.683	1.662	3.138	
9	2.000	1.000	85.000	1219.811	878.589	881.039	882.710	8,	883.143,	nan	nan	8.000	885.729	66.830	223.870	81.750	149.620	1.460	1.672	2.785	
9	2.000	1.000	86.000	1219.811	888.526	890.537	891.668	8,	892.196,	nan	nan	8.000	894.681	44.670	183.020	66.830	149.620	1.021	1.132	2.920	
9	2.000	1.000	87.000	1219.811	897.615	899.961	900.716	8,	901.322,	nan	nan	8.000	903.729	81.750	183.020	66.830	122.320	1.359	0.756	3.312	
9	2.000	1.000	88.000	1219.811	907.054	910.004	911.956	9,	912.281,	nan	nan	9.000	914.974	66.830	183.020	81.750	149.620	1.961	1.952	2.251	
9	2.000	1.000	89.000	1219.811	917.237	920.218	921.306	8,	921.728,	nan	nan	8.000	924.319	44.670	223.870	66.830	183.020	1.990	1.088	3.106	
9	2.000	1.000	90.000	1219.811	927.442	929.911	930.498	8,	931.014,	nan	nan	8.000	933.516	44.670	183.020	66.830	122.320	1.484	0.587	2.952	
9	2.000	1.000	91.000	1219.811	936.479	939.055	939.627	9,	940.222,	nan	nan	9.000	942.639	81.750	183.020	44.670	149.620	1.585	0.572	2.907	
9	2.000	1.000	92.000	1219.811	945.558	947.125	948.102	8,	948.659,	nan	nan	8.000	951.115	54.640	66.830	81.750	66.830	0.577	0.977	3.543	
9	2.000	1.000	93.000	1219.811	954.671	956.855	958.662	8,	959.001,	nan	nan	8.000	961.679	66.830	223.870	81.750	183.020	1.195	1.807	3.736	
9	2.000	1.000	94.000	1219.811	965.430	966.962	968.301	8,	968.676,	nan	nan	8.000	971.314	44.670	223.870	81.750	183.020	0.543	1.339	2.013	
9	2.000	1.000	95.000	1219.811	973.338	975.885	976.669	8,	977.992,	nan	nan	8.000	979.686	44.670	183.020	54.640	122.320	1.556	0.785	2.463	
9	2.000	1.000	96.000	1219.811	982.161	985.132	987.098	9,	987.572,	nan	nan	9.000	990.111	66.830	122.320	54.640	223.870	1.981	1.966	2.643	
9	2.000	1.000	97.000	1219.811	992.767	994.961	996.931	9,	997.259,	nan	nan	9.000	999.944	66.830	122.320	44.670	223.870	1.204	1.971	2.630	
9	2.000	1.000	98.000	1219.811	1002.587	1005.041	1005.956	8,	1006.774,	nan	nan	8.000	1008.968	54.640	223.870	66.830	183.020	1.465	0.915	2.579	
9	2.000	1.000	99.000	1219.811	1011.559	1013.324	1015.087	9,	1015.379,	nan	nan	9.000	1018.100	81.750	223.870	44.670	149.620	0.775	1.764	3.994	
9	2.000	1.000	100.000	1219.811	1022.106	1024.849	1026.762	8,	1026.891,	nan	nan	8.000	1029.781	44.670	183.020	54.640	149.620	1.754	1.913	2.264	
9	2.000	1.000	101.000	1219.811	1032.057	1033.928	1035.426	8,	1035.788,	nan	nan	8.000	1038.440	54.640	183.020	66.830	149.620	0.881	1.498	2.418	
9	2.000	1.000	102.000	1219.811	1040.870	1042.996	1043.588	8,	1043.862,	nan	nan	8.000	1046.600	54.640	223.870	81.750	122.320	1.137	0.592	2.855	
9	2.000	1.000	103.000	1219.811	1049.471	1051.686	1053.517	8,	1054.529,	nan	nan	8.000	1056.530	44.670	223.870	54.640	122.320	1.228	1.831	2.444	
9	2.000	1.000	104.000	1219.811	1058.987	1061.827	1063.315	8,	1063.670,	nan	nan	8.000	1066.328	54.640	223.870	81.750	183.020	1.850	1.489	3.807	
9	2.000	1.000	105.000	1219.811	1070.150	1072.776	1074.081	8,9,8,	1074.555,1075.051,1075.710,	nan	nan	8.000	1077.099	149.620	81.750	183.020	81.750	1.638	1.305	3.421	
9	2.000	1.000	106.000	1219.811	1080.535	1083.368	1084.046	8,	1084.521,	nan	nan	8.000	1087.065	66.830	149.620	81.750	122.320	1.846	0.678	3.633	
9	2.000	1.000	107.000	1219.811	1090.712	1093.055	1093.781	8,	1094.486,	nan	nan	8.000	1096.799	44.670	149.620	66.830	122.320	1.354	0.727	3.846	
9	2.000	1.000	108.000	1219.811	1100.657	1102.248	1103.973	8,	1104.608,	nan	nan	8.000	1106.992	44.670	149.620	54.640	122.320	0.601	1.725	3.601	
9	2.000	1.000	109.000	1219.811	1110.605	1112.814	1113.642	9,	1114.271,	nan	nan	9.000	1116.659	54.640	223.870	66.830	149.620	1.219	0.828	4.000	
9	2.000	1.000	110.000	1219.811	1120.671	1123.309	1124.021	8,	1124.714,	nan	nan	8.000	1127.039	44.670	183.020	81.750	122.320	1.648	0.712	3.203	
9	2.000	1.000	111.000	1219.811	1130.254	1132.742	1133.738	8,	1134.124,	nan	nan	8.000	1136.756	44.670	223.870	54.640	149.620	1.498	0.997	3.640	
9	2.000	1.000	112.000	1219.811	1140.414	1142.689	1144.665	8,9,	1145.056,1145.533,	nan	nan	9.000	1147.678	81.750	122.320	54.640	149.620	1.291	1.976	2.084	
9	2.000	1.000	113.000	1219.811	1149.776	1151.712	1153.582	9,8,	1153.939,1154.299,	nan	nan	8.000	1156.595	54.640	183.020	81.750	122.320	0.949	1.870	3.968	
9	2.000	1.000	114.000	1219.811	1160.577	1163.285	1164.885	9,9,9,9,	1165.004,1165.494,1165.887,1166.196,	nan	nan	9.000	1167.903	81.750	183.020	54.640	149.620	1.720	1.600	2.000	
9	2.000	1.000	115.000	1219.811	1169.915	1172.235	1174.022	8,	1174.444,	nan	nan	8.000	1177.037	44.670	223.870	81.750	122.320	1.330	1.788	3.531	
9	2.000	1.000	116.000	1219.811	1180.592	1182.817	1183.712	8,	1184.057,	nan	nan	8.000	1186.729	66.830	122.320	54.640	183.020	1.248	0.895	3.859	
9	2.000	1.000	117.000	1219.811	1190.601	1193.421	1194.370	8,	1194.751,	nan	nan	8.000	1197.386	66.830	223.870	81.750	122.320	1.831	0.949	2.592	
9	2.000	1.000	118.000	1219.811	1200.000	1201.914	1202.881	8,	1203.289,	nan	nan	8.000	1205.895	149.620	122.320	183.020	122.320	0.934	0.968	3.228	
9	2.000	1.000	119.000	1219.811	1209.135	1211.035	1212.273	8,	1213.245,	nan	nan	8.000	1215.285	44.670	223.870	66.830	122.320	0.910	1.238	3.010	
9	2.000	1.000	120.000	1219.811	1218.314	1221.181	1222.168	8,	1222.707,	nan	nan	8.000	1225.180	44.670	122.320	54.640	149.620	1.884	0.987	2.322	
9	2.000	1.000	121.000	1219.811	1227.517	1229.033	1230.203	8,	1230.627,	nan	nan	8.000	1233.221	44.670	122.320	81.750	183.020	0.529	1.170	2.437	
9	2.000	1.000	122.000	1219.811	1235.672	1237.185	1238.008	8,	1239.264,	nan	nan	8.000	1241.026	66.830	183.020	81.750	223.870	0.524	0.823	2.347	
9	2.000	1.000	123.000	1219.811	1243.385	1245.820	1246.455	8,	1246.944,	nan	nan	8.000	1249.473	44.670	149.620	81.750	223.870	1.445	0.635	3.511	
9	2.000	1.000	124.000	1219.811	1252.998	1255.711	1256.746	8,	1257.153,	nan	nan	8.000	1259.759	54.640	183.020	81.750	223.870	1.725	1.035	2.180	
9	2.000	1.000	125.000	1219.811	1261.952	1263.499	1265.079	8,9,	1265.541,1266.029,	nan	nan	9.000	1268.098	54.640	183.020	66.830	122.320	0.558	1.580	2.637	
9	2.000	1.000	126.000	1219.811	1270.747	1273.631	1275.452	9,8,	1275.982,1276.342,	9.000	1278.466	8.000	1278.466	54.640	223.870	66.830	122.320	1.894	1.822	2.849	
9	2.000	1.000	127.000	1219.811	1281.328	1283.218	1284.778	8,	1285.198,	nan	nan	8.000	1287.792	66.830	122.320	81.750	223.870	0.900	1.561	3.916	
9	2.000	1.000	128.000	1219.811	1291.726	1294.286	1295.654	9,	1296.237,	nan	nan	9.000	1298.673	54.640	183.020	66.830	223.870	1.576	1.368	3.878	
9	2.000	1.000	129.000	1219.811	1302.564	1304.193	1305.778	8,	1305.941,	nan	nan	8.000	1308.796	44.670	149.620	66.830	183.020	0.640	1.585	3.923	
9	2.000	1.000	130.000	1219.811	1312.732	1314.558	1315.699	8,9,8,	1316.039,1317.179,1317.666,	nan	nan	8.000	1318.717	54.640	149.620	66.830	183.020	0.838	1.141	3.974	
9	2.000	1.000	131.000	1219.811	1322.705	1324.710	1325.639	8,9,8,	1325.666,1326.269,1327.086,	nan	nan	8.000	1328.652	54.640	183.020	66.830	183.020	1.016	0.929	2.772	
9	2.000	1.000	132.000	1219.811	1331.436	1333.413	1334.862	8,	1336.527,	nan	nan	8.000	1337.875	44.670	149.620	54.640	223.870	0.987	1.450	2.900	
9	2.000	1.000	133.000	1219.811	1340.789	1343.267	1344.687	8,	1345.028,	nan	nan	8.000	1347.700	66.830	122.320	81.750	183.020	1.489	1.421	3.113	
9	2.000	1.000	134.000	1219.811	1350.825	1353.612	1355.221	8,	1355.767,	nan	nan	8.000	1358.240	44.670	149.620	54.640	183.020	1.797	1.609	2.412	
9	2.000	1.000	135.000	1219.811	1360.664	1363.162	1364.317	8,	1364.642,	nan	nan	8.000	1367.330	44.670	183.020	54.640	223.870	1.508	1.156	3.087	
9	2.000	1.000	136.000	1219.811	1370.432	1372.073	1372.761	8,	1373.354,	nan	nan	8.000	1375.774	66.830	149.620	81.750	223.870	0.654	0.688	3.395	
9	2.000	1.000	137.000	1219.811	1379.182	1380.922	1382.271	8,	1382.606,	nan	nan	8.000	1385.284	44.670	183.020	66.830	223.870	0.751	1.349	2.585	
9	2.000	1.000	138.000	1219.811	1387.882	1390.365	1391.202	8,	1391.523,	nan	nan	8.000	1394.216	44.670	149.620	81.750	183.020	1.494	0.838	2.984	
9	2.000	1.000	139.000	1219.811	1397.212	1400.077	1401.932	8,	1402.285,	nan	nan	8.000	1404.951	54.640	149.620	81.750	122.320	1.875	1.855	3.961	
9	2.000	1.000	140.000	1219.811	1408.925	1411.249	1413.133	8,	1413.500,	nan	nan	8.000	1416.152	44.670	122.320	66.830	183.020	1.334	1.884	3.196	
9	2.000	1.000	141.000	1219.811	1419.360	1421.072	1422.497	8,	1423.550,	nan	nan	8.000	1425.516	44.670	122.320	81.750	223.870	0.722	1.426	3.318	
9	2.000	1.000	142.000	1219.811	1428.846	1431.566	1432.770	8,	1433.007,	nan	nan	8.000	1435.783	54.640	122.320	81.750	183.020	1.730	1.204	3.563	
9	2.000	1.000	143.000	1219.811	1439.364	1441.475	1443.378	8,8,	1443.425,1443.881,	nan	nan	8.000	1446.391	44.670	122.320	54.640	183.020	1.127	1.904	3.768	
9	2.000	1.000	144.000	1219.811	1450.210	1452.684	1454.413	8,9,8,9,	1454.934,1455.142,1455.700,1456.326,	nan	nan	9.000	1457.426	54.640	44.670	66.830	44.670	1.523	1.730	3.505	
9	2.000	1.000	145.000	1219.811	1460.944	1462.930	1464.105	8,8,	1464.182,1464.659,	nan	nan	8.000	1467.118	44.670	122.320	81.750	149.620	0.997	1.175	3.415	
9	2.000	1.000	146.000	1219.811	1470.549	1473.506	1474.121	8,	1474.389,	nan	nan	8.000	1477.140	54.640	149.620	81.750	183.020	1.971	0.616	3.904	
9	2.000	1.000	147.000	1219.811	1481.059	1482.758	1484.203	8,	1484.724,	nan	nan	8.000	1487.220	66.830	122.320	81.750	149.620	0.712	1.445	3.466	
9	2.000	1.000	148.000	1219.811	1490.700	1492.700	1494.009	8,	1494.415,	nan	nan	8.000	1497.022	44.670	122.320	54.640	223.870	1.011	1.310	2.309	
9	2.000	1.000	149.000	1219.811	1499.345	1501.272	1502.789	9,	1502.978,	nan	nan	9.000	1505.807	54.640	122.320	66.830	149.620	0.939	1.518	2.714	
9	2.000	1.000	150.000	1219.811	1508.553	1511.335	1512.028	9,8,	1513.221,1513.544,	nan	nan	8.000	1515.040	54.640	149.620	81.750	223.870	1.812	0.693	2.830	
9	2.000	1.000	151.000	1219.811	1517.885	1520.240	1520.817	8,	1521.250,	nan	nan	8.000	1523.830	44.670	183.020	81.750	223.870	1.368	0.577	2.360	
9	2.000	1.000	152.000	1219.811	1526.203	1528.021	1529.499	8,	1529.701,	nan	nan	8.000	1532.512	66.830	149.620	81.750	183.020	0.828	1.479	3.286	
9	2.000	1.000	153.000	1219.811	1535.811	1537.648	1538.611	8,8,	1539.468,1539.963,	nan	nan	8.000	1541.624	44.670	122.320	66.830	149.620	0.847	0.963	3.016	
9	2.000	1.000	154.000	1219.811	1544.692	1546.991	1548.504	8,	1548.899,	nan	nan	8.000	1551.517	44.670	149.620	66.830	223.870	1.349	1.513	3.299	
9	2.000	1.000	155.000	1219.811	1554.829	1557.076	1557.918	9,8,	1558.353,1559.762,	9.000	1560.935	8.000	1560.936	54.640	149.620	66.830	223.870	1.257	0.842	3.023	
9	2.000	1.000	156.000	1219.811	1563.972	1566.637	1567.990	8,	1568.378,	nan	nan	8.000	1571.008	54.640	122.320	81.750	223.870	1.677	1.354	2.650	
9	2.000	2.000	157.000	1219.811	36.448	38.193	39.966	8,9,	40.675,41.855,	nan	nan	9.000	42.981	183.020	44.670	223.870	44.670	0.746	1.773	3.666	
9	2.000	2.000	158.000	1219.811	46.661	49.341	51.152	9,	51.343,	nan	nan	9.000	54.170	81.750	149.620	66.830	122.320	1.691	1.812	2.367	
9	2.000	2.000	159.000	1219.811	56.551	58.921	60.781	8,9,	62.087,62.478,	nan	nan	9.000	63.799	54.640	149.620	44.670	122.320	1.383	1.860	3.556	
9	2.000	2.000	160.000	1219.811	67.369	70.126	71.759	8,9,8,9,	72.042,72.541,72.883,73.387,	nan	nan	9.000	74.772	81.750	223.870	54.640	183.020	1.768	1.633	3.492	
9	2.000	2.000	161.000	1219.811	78.277	80.552	81.871	9,	82.223,	nan	nan	9.000	84.890	81.750	223.870	66.830	122.320	1.286	1.320	2.521	
9	2.000	2.000	162.000	1219.811	87.423	90.119	91.376	9,	91.885,	nan	nan	9.000	94.389	66.830	223.870	44.670	122.320	1.706	1.257	3.158	
9	2.000	2.000	163.000	1219.811	97.560	100.356	101.579	9,	102.028,	nan	nan	9.000	104.592	81.750	183.020	66.830	149.620	1.807	1.223	2.199	
9	2.000	2.000	164.000	1219.811	106.804	109.340	110.477	9,	110.936,	nan	nan	9.000	113.489	81.750	223.870	54.640	122.320	1.547	1.137	3.884	
9	2.000	2.000	165.000	1219.811	117.386	119.155	120.224	9,9,9,	121.097,121.464,121.880,	nan	nan	9.000	123.241	66.830	183.020	54.640	122.320	0.780	1.069	2.791	
9	2.000	2.000	166.000	1219.811	126.046	127.607	129.534	9,	129.861,	nan	nan	9.000	132.552	81.750	223.870	44.670	183.020	0.572	1.928	2.765	
9	2.000	2.000	167.000	1219.811	135.329	136.887	138.534	9,	138.980,	nan	nan	9.000	141.547	81.750	183.020	44.670	122.320	0.568	1.648	3.273	
9	2.000	2.000	168.000	1219.811	144.834	146.333	146.861	9,	147.188,	nan	nan	9.000	149.875	54.640	183.020	44.670	122.320	0.510	0.529	3.177	
9	2.000	2.000	169.000	1219.811	153.069	155.533	156.930	9,	157.863,	nan	nan	9.000	159.947	66.830	149.620	44.670	122.320	1.479	1.397	2.862	
9	2.000	2.000	170.000	1219.811	162.822	164.977	166.818	9,	167.211,	nan	nan	9.000	169.835	183.020	122.320	223.870	122.320	1.166	1.841	2.605	
9	2.000	2.000	171.000	1219.811	172.453	174.337	175.141	8,	175.661,	nan	nan	8.000	178.153	66.830	223.870	54.640	183.020	0.895	0.804	3.350	
9	2.000	2.000	172.000	1219.811	181.518	183.194	184.634	9,	185.069,	nan	nan	9.000	187.652	66.830	183.020	54.640	149.620	0.688	1.441	3.852	
9	2.000	2.000	173.000	1219.811	191.518	193.537	194.244	9,	195.387,	nan	nan	9.000	197.262	66.830	183.020	44.670	122.320	1.031	0.707	3.865	
9	2.000	2.000	174.000	1219.811	201.140	204.032	204.580	8,	205.689,	nan	nan	8.000	207.597	66.830	223.870	54.640	122.320	1.904	0.548	3.338	
9	2.000	2.000	175.000	1219.811	210.949	212.519	214.408	9,	214.981,	nan	nan	9.000	217.422	81.750	149.620	54.640	183.020	0.582	1.889	2.283	
9	2.000	2.000	176.000	1219.811	219.718	221.473	222.667	9,	223.461,	nan	nan	9.000	225.680	81.750	149.620	44.670	122.320	0.765	1.195	2.277	
9	2.000	2.000	177.000	1219.811	227.969	230.062	231.251	9,8,9,	231.633,232.531,233.149,	nan	nan	9.000	234.265	81.750	149.620	54.640	122.320	1.103	1.190	2.386	
9	2.000	2.000	178.000	1219.811	236.663	239.223	240.336	8,9,	240.701,242.076,	8.000	243.354	9.000	243.354	81.750	223.870	54.640	149.620	1.571	1.113	2.334	
9	2.000	2.000	179.000	1219.811	245.702	248.054	248.916	8,9,	249.406,249.767,	nan	nan	9.000	251.928	81.750	149.620	44.670	223.870	1.363	0.862	3.627	
9	2.000	2.000	180.000	1219.811	255.570	258.345	259.042	9,	259.180,	nan	nan	9.000	262.054	54.640	183.020	44.670	149.620	1.788	0.698	3.518	
9	2.000	2.000	181.000	1219.811	265.585	268.512	270.289	9,	270.586,	nan	nan	9.000	273.302	54.640	223.870	44.670	122.320	1.937	1.778	2.206	
9	2.000	2.000	182.000	1219.811	275.522	277.063	278.528	9,	278.888,	nan	nan	9.000	281.546	54.640	223.870	44.670	183.020	0.553	1.465	2.727	
9	2.000	2.000	183.000	1219.811	284.289	286.035	287.133	8,	288.194,	nan	nan	8.000	290.146	66.830	183.020	81.750	183.020	0.760	1.098	3.801	
9	2.000	2.000	184.000	1219.811	293.963	296.384	297.241	9,	297.587,	nan	nan	9.000	300.260	54.640	223.870	44.670	149.620	1.436	0.857	3.029	
9	2.000	2.000	185.000	1219.811	303.307	305.114	306.386	8,9,	306.689,307.354,	nan	nan	9.000	309.399	66.830	149.620	54.640	122.320	0.823	1.272	3.794	
9	2.000	2.000	186.000	1219.811	313.208	314.927	315.537	9,	316.662,	nan	nan	9.000	318.555	81.750	183.020	54.640	122.320	0.732	0.611	3.678	
9	2.000	2.000	187.000	1219.811	322.248	324.209	326.141	9,	326.484,	nan	nan	9.000	329.153	66.830	223.870	44.670	183.020	0.973	1.932	2.399	
9	2.000	2.000	188.000	1219.811	331.568	333.363	334.133	9,	334.997,	nan	nan	9.000	337.145	81.750	223.870	44.670	122.320	0.809	0.770	2.161	
9	2.000	2.000	189.000	1219.811	339.321	341.049	341.785	9,	342.279,	nan	nan	9.000	344.798	66.830	223.870	44.670	149.620	0.741	0.736	2.405	
9	2.000	2.000	190.000	1219.811	347.216	349.800	351.554	9,	351.858,	nan	nan	9.000	354.567	81.750	122.320	66.830	183.020	1.595	1.754	3.267	
9	2.000	2.000	191.000	1219.811	357.851	360.175	361.215	9,	361.688,	nan	nan	9.000	364.228	81.750	223.870	66.830	149.620	1.339	1.040	3.595	
9	2.000	2.000	192.000	1219.811	367.836	369.749	371.460	9,	372.172,	nan	nan	9.000	374.478	81.750	223.870	66.830	183.020	0.924	1.711	3.479	
9	2.000	2.000	193.000	1219.811	377.970	380.260	381.560	8,9,	381.603,383.257,	8.000	384.578	9.000	384.578	66.830	223.870	54.640	149.620	1.301	1.301	2.450	
9	2.000	2.000	194.000	1219.811	387.042	389.794	391.437	9,	391.825,	nan	nan	9.000	394.450	66.830	183.020	44.670	149.620	1.764	1.643	2.836	
9	2.000	2.000	195.000	1219.811	397.300	399.821	401.666	9,	401.953,	nan	nan	9.000	404.679	81.750	149.620	44.670	183.020	1.532	1.846	3.035	
9	2.000	2.000	196.000	1219.811	407.728	409.501	410.015	8,	410.884,	nan	nan	8.000	413.028	66.830	44.670	81.750	44.670	0.785	0.514	2.135	
9	2.000	2.000	197.000	1219.811	415.175	418.044	419.272	8,	420.121,	nan	nan	8.000	422.285	44.670	122.320	66.830	223.870	1.879	1.228	3.936	
9	2.000	2.000	198.000	1219.811	426.235	428.317	429.236	9,	430.005,	nan	nan	9.000	432.255	66.830	183.020	54.640	223.870	1.093	0.920	3.756	
9	2.000	2.000	199.000	1219.811	436.024	437.527	438.963	9,	439.048,	nan	nan	9.000	441.980	81.750	122.320	54.640	183.020	0.514	1.436	3.704	
9	2.000	2.000	200.000	1219.811	445.700	448.107	449.774	8,	450.231,	nan	nan	8.000	452.793	54.640	122.320	81.750	149.620	1.421	1.667	2.141	
9	2.000	2.000	201.000	1219.811	454.950	457.367	458.181	9,	458.814,	nan	nan	9.000	461.194	81.750	122.320	44.670	149.620	1.431	0.814	2.965	
9	2.000	2.000	202.000	1219.811	464.173	466.727	467.926	9,	468.315,	nan	nan	9.000	470.938	81.750	183.020	66.830	223.870	1.566	1.199	3.743	
9	2.000	2.000	203.000	1219.811	474.696	477.056	477.657	8,	478.296,	nan	nan	8.000	480.675	54.640	183.020	81.750	149.620	1.373	0.601	2.926	
9	2.000	2.000	204.000	1219.811	483.615	485.667	487.011	8,9,	487.098,487.459,	nan	nan	9.000	490.029	81.750	149.620	66.830	223.870	1.064	1.344	2.566	
9	2.000	2.000	205.000	1219.811	492.613	494.705	495.721	9,	496.027,	nan	nan	9.000	498.733	54.640	183.020	44.670	223.870	1.108	1.016	3.723	
9	2.000	2.000	206.000	1219.811	502.469	505.049	506.334	8,9,	506.710,507.672,	nan	nan	9.000	509.352	81.750	149.620	54.640	223.870	1.590	1.286	2.669	
9	2.000	2.000	207.000	1219.811	512.035	513.822	514.780	9,	515.121,	nan	nan	9.000	517.793	81.750	183.020	54.640	223.870	0.799	0.958	3.325	
9	2.000	2.000	208.000	1219.811	521.132	523.363	524.581	9,	524.962,	nan	nan	9.000	527.599	54.640	122.320	66.830	183.020	1.243	1.219	3.775	
9	2.000	2.000	209.000	1219.811	531.387	533.614	535.117	8,9,	535.160,536.850,	nan	nan	9.000	538.135	149.620	54.640	223.870	54.640	1.238	1.503	3.074	
9	2.000	2.000	210.000	1219.811	541.223	543.464	544.870	9,	545.249,	nan	nan	9.000	547.888	81.750	122.320	44.670	183.020	1.252	1.407	3.293	
9	2.000	2.000	211.000	1219.811	551.200	553.141	553.824	9,	554.702,	nan	nan	9.000	556.842	54.640	122.320	44.670	183.020	0.958	0.683	3.331	
9	2.000	2.000	212.000	1219.811	560.188	562.554	564.500	9,	564.624,	nan	nan	9.000	567.514	66.830	122.320	44.670	183.020	1.378	1.947	2.740	
9	2.000	2.000	213.000	1219.811	570.266	572.706	573.336	9,	573.736,	nan	nan	9.000	576.354	54.640	149.620	44.670	223.870	1.450	0.630	3.749	
9	2.000	2.000	214.000	1219.811	580.117	582.290	583.345	8,	583.524,	nan	nan	8.000	586.363	66.830	149.620	54.640	223.870	1.185	1.055	3.357	
9	2.000	2.000	215.000	1219.811	589.735	591.526	592.059	9,	593.666,	nan	nan	9.000	595.077	81.750	149.620	66.830	183.020	0.804	0.534	3.473	
9	2.000	2.000	216.000	1219.811	598.563	601.480	602.867	9,	603.271,	nan	nan	9.000	605.880	81.750	122.320	54.640	223.870	1.928	1.387	3.826	
9	2.000	2.000	217.000	1219.811	609.721	611.855	613.483	9,	613.851,	nan	nan	9.000	616.501	81.750	183.020	44.670	223.870	1.146	1.629	2.624	
9	2.000	2.000	218.000	1219.811	619.140	620.719	622.332	9,	622.590,	nan	nan	9.000	625.351	81.750	122.320	66.830	223.870	0.592	1.614	3.987	
9	2.000	2.000	219.000	1219.811	629.352	631.983	633.476	9,9,	633.917,634.963,	nan	nan	9.000	636.496	66.830	183.020	44.670	223.870	1.643	1.494	2.077	
9	2.000	2.000	220.000	1219.811	638.586	640.437	641.520	9,	642.054,	nan	nan	9.000	644.534	66.830	149.620	44.670	223.870	0.862	1.084	3.119	
9	2.000	2.000	221.000	1219.811	647.670	650.341	651.945	8,	652.183,	nan	nan	8.000	654.965	44.670	183.020	81.750	149.620	1.686	1.605	3.061	
9	2.000	2.000	222.000	1219.811	658.043	660.035	660.785	8,9,	661.000,662.075,	nan	nan	9.000	663.803	149.620	122.320	223.870	122.320	1.006	0.751	3.582	
9	2.000	2.000	223.000	1219.811	667.398	670.190	672.184	9,9,	672.306,672.773,	nan	nan	9.000	675.203	81.750	122.320	66.830	149.620	1.802	1.995	2.212	
9	2.000	2.000	224.000	1219.811	677.429	678.965	680.507	8,	680.789,	nan	nan	8.000	683.524	44.670	223.870	81.750	149.620	0.548	1.542	2.103	
9	2.000	2.000	225.000	1219.811	685.642	687.582	689.066	9,	689.382,	nan	nan	9.000	692.083	54.640	122.320	66.830	223.870	0.953	1.484	2.559	
9	2.000	2.000	226.000	1219.811	694.657	697.486	697.986	8,9,	698.966,699.401,	nan	nan	9.000	700.998	66.830	122.320	44.670	149.620	1.841	0.500	2.527	
9	2.000	2.000	227.000	1219.811	703.543	706.398	707.447	8,	707.717,	nan	nan	8.000	710.460	66.830	183.020	81.750	122.320	1.870	1.050	3.569	
9	2.000	2.000	228.000	1219.811	714.042	715.820	716.551	9,9,	716.578,717.168,	nan	nan	9.000	719.570	66.830	149.620	44.670	183.020	0.789	0.732	2.090	
9	2.000	2.000	229.000	1219.811	721.673	723.779	724.679	8,	725.369,	nan	nan	8.000	727.692	54.640	149.620	44.670	183.020	1.117	0.900	2.598	
9	2.000	2.000	230.000	1219.811	730.304	732.294	733.865	8,	734.218,	9.000	736.878	8.000	736.878	66.830	122.320	54.640	149.620	1.002	1.571	3.389	
9	2.000	2.000	231.000	1219.811	740.281	742.160	742.728	9,	743.134,	nan	nan	9.000	745.744	54.640	122.320	44.670	149.620	0.891	0.568	2.797	
9	2.000	2.000	232.000	1219.811	748.558	750.869	752.121	8,	752.534,	nan	nan	8.000	755.134	66.830	149.620	54.640	183.020	1.325	1.252	2.482	
9	2.000	2.000	233.000	1219.811	757.630	759.471	761.268	9,9,	761.294,761.617,	nan	nan	9.000	764.281	81.750	122.320	44.670	223.870	0.852	1.797	3.151	
9	2.000	2.000	234.000	1219.811	767.453	769.712	770.433	9,	771.190,	nan	nan	9.000	773.446	54.640	122.320	44.670	223.870	1.277	0.722	3.280	
9	2.000	2.000	235.000	1219.811	776.746	779.072	780.898	8,9,8,	781.027,781.530,782.266,	nan	nan	8.000	783.911	54.640	183.020	81.750	183.020	1.344	1.826	3.762	
9	2.000	2.000	236.000	1219.811	787.693	789.889	790.779	8,9,	791.718,792.154,	8.000	793.797	9.000	793.797	66.830	122.320	54.640	223.870	1.214	0.891	3.100	
9	2.000	2.000	237.000	1219.811	796.911	799.648	800.187	8,	801.015,	nan	nan	8.000	803.205	44.670	149.620	54.640	122.320	1.749	0.539	2.193	
9	2.000	2.000	238.000	1219.811	805.410	807.097	809.097	8,	809.445,	nan	nan	8.000	812.110	66.830	183.020	81.750	149.620	0.698	2.000	2.688	
9	2.000	2.000	239.000	1219.811	814.812	816.450	818.349	8,	818.518,	nan	nan	8.000	821.362	66.830	223.870	81.750	122.320	0.650	1.899	2.064	
9	2.000	2.000	240.000	1219.811	823.441	825.295	825.944	8,	826.600,	nan	nan	8.000	828.962	44.670	183.020	66.830	149.620	0.867	0.650	3.260	
9	2.000	2.000	241.000	1219.811	832.236	834.699	836.390	8,	836.752,	nan	nan	8.000	839.403	54.640	223.870	81.750	122.320	1.474	1.691	2.817	
9	2.000	2.000	242.000	1219.811	842.235	844.783	846.107	8,	846.170,	nan	nan	8.000	849.120	66.830	223.870	81.750	149.620	1.561	1.325	2.167	
9	2.000	2.000	243.000	1219.811	851.302	852.997	854.408	8,	854.543,	nan	nan	8.000	857.421	44.670	183.020	54.640	149.620	0.707	1.412	3.833	
9	2.000	2.000	244.000	1219.811	861.271	863.027	864.891	9,8,9,	865.287,865.730,866.175,	nan	nan	9.000	867.910	44.670	223.870	54.640	149.620	0.770	1.865	2.257	
9	2.000	2.000	245.000	1219.811	870.180	872.682	874.378	8,9,	874.792,876.097,	nan	nan	9.000	877.391	54.640	183.020	66.830	149.620	1.513	1.696	3.942	
9	2.000	2.000	246.000	1219.811	881.353	884.254	885.047	8,	885.800,	nan	nan	8.000	888.066	54.640	183.020	81.750	122.320	1.918	0.794	2.006	
9	2.000	2.000	247.000	1219.811	890.087	891.767	892.773	8,	893.297,	nan	nan	8.000	895.787	54.640	223.870	81.750	149.620	0.693	1.006	3.691	
9	2.000	2.000	248.000	1219.811	899.492	901.569	902.642	9,8,	903.711,904.020,	nan	nan	8.000	905.661	54.640	44.670	81.750	44.670	1.088	1.074	3.125	
9	2.000	2.000	249.000	1219.811	908.801	911.070	911.709	8,9,	912.140,913.167,	nan	nan	9.000	914.727	81.750	183.020	66.830	122.320	1.281	0.640	2.328	
9	2.000	2.000	250.000	1219.811	917.069	919.474	921.218	8,	921.512,	nan	nan	8.000	924.236	44.670	223.870	66.830	149.620	1.416	1.744	3.441	
9	2.000	2.000	251.000	1219.811	927.696	930.423	931.540	9,	931.786,	nan	nan	9.000	934.557	81.750	122.320	54.640	149.620	1.744	1.117	3.588	
9	2.000	2.000	252.000	1219.811	938.163	940.130	941.040	9,	941.461,	nan	nan	9.000	944.058	81.750	183.020	54.640	149.620	0.982	0.910	2.701	
9	2.000	2.000	253.000	1219.811	946.775	949.385	950.743	8,	951.280,	nan	nan	8.000	953.756	44.670	183.020	54.640	122.320	1.624	1.359	3.839	
9	2.000	2.000	254.000	1219.811	957.608	960.178	961.579	8,	962.055,	nan	nan	8.000	964.598	44.670	149.620	66.830	122.320	1.580	1.402	3.659	
9	2.000	2.000	255.000	1219.811	968.277	969.938	971.503	8,	971.810,	nan	nan	8.000	974.516	44.670	183.020	66.830	122.320	0.678	1.566	2.707	
9	2.000	2.000	256.000	1219.811	977.238	979.999	980.624	9,	980.967,	nan	nan	9.000	983.637	81.750	183.020	44.670	149.620	1.773	0.625	3.550	
9	2.000	2.000	257.000	1219.811	987.201	989.504	990.684	9,	991.032,	nan	nan	9.000	993.697	66.830	122.320	44.670	223.870	1.315	1.180	3.608	
9	2.000	2.000	258.000	1219.811	997.325	1000.133	1001.679	8,9,8,	1002.044,1002.517,1002.842,	nan	nan	8.000	1004.698	44.670	223.870	54.640	183.020	1.826	1.547	2.540	
9	2.000	2.000	259.000	1219.811	1007.253	1008.904	1010.523	8,	1010.849,	nan	nan	8.000	1013.537	66.830	149.620	81.750	122.320	0.664	1.619	3.646	
9	2.000	2.000	260.000	1219.811	1017.198	1019.235	1019.792	8,	1020.331,	nan	nan	8.000	1022.810	44.670	183.020	81.750	122.320	1.050	0.558	2.071	
9	2.000	2.000	261.000	1219.811	1024.895	1026.557	1027.539	8,8,	1027.638,1028.141,	nan	nan	8.000	1030.551	149.620	81.750	183.020	81.750	0.674	0.982	3.717	
9	2.000	2.000	262.000	1219.811	1034.282	1036.469	1037.717	8,	1037.927,	nan	nan	8.000	1040.734	44.670	149.620	81.750	122.320	1.199	1.248	2.675	
9	2.000	2.000	263.000	1219.811	1043.424	1045.824	1047.158	9,8,9,	1047.726,1048.124,1048.487,	nan	nan	9.000	1050.171	54.640	149.620	66.830	122.320	1.412	1.334	2.778	
9	2.000	2.000	264.000	1219.811	1052.966	1055.107	1056.856	8,	1057.224,	nan	nan	8.000	1059.869	54.640	223.870	81.750	183.020	1.156	1.749	2.045	
9	2.000	2.000	265.000	1219.811	1061.929	1063.532	1064.683	9,	1064.935,	nan	nan	9.000	1067.701	54.640	223.870	66.830	149.620	0.616	1.151	2.122	
9	2.000	2.000	266.000	1219.811	1069.837	1071.755	1073.436	8,	1073.939,	nan	nan	8.000	1076.450	44.670	223.870	66.830	183.020	0.929	1.682	3.897	
9	2.000	2.000	267.000	1219.811	1080.360	1082.433	1083.666	8,	1083.860,	9.000	1086.683	8.000	1086.683	54.640	223.870	66.830	183.020	1.084	1.233	3.781	
9	2.000	2.000	268.000	1219.811	1090.482	1092.521	1093.566	8,	1094.007,	nan	nan	8.000	1096.584	44.670	223.870	81.750	122.320	1.055	1.045	3.254	
9	2.000	2.000	269.000	1219.811	1099.855	1102.797	1104.087	8,	1104.245,	nan	nan	8.000	1107.105	44.670	223.870	81.750	183.020	1.957	1.291	2.116	
9	2.000	2.000	270.000	1219.811	1109.234	1111.321	1112.737	8,	1113.058,	nan	nan	8.000	1115.754	66.830	122.320	54.640	183.020	1.098	1.416	2.977	
9	2.000	2.000	271.000	1219.811	1118.781	1120.470	1122.094	8,8,	1122.127,1122.395,	nan	nan	8.000	1125.107	66.830	223.870	81.750	183.020	0.736	1.624	3.048	
9	2.000	2.000	272.000	1219.811	1128.175	1131.066	1132.443	9,	1132.839,	nan	nan	9.000	1135.457	81.750	223.870	44.670	149.620	1.908	1.378	2.958	
9	2.000	2.000	273.000	1219.811	1138.433	1141.340	1142.554	8,	1143.294,	nan	nan	8.000	1145.566	44.670	223.870	54.640	122.320	1.923	1.214	2.759	
9	2.000	2.000	274.000	1219.811	1148.339	1149.996	1150.805	8,	1150.937,	nan	nan	8.000	1153.823	149.620	122.320	183.020	122.320	0.669	0.809	2.392	
9	2.000	2.000	275.000	1219.811	1156.263	1158.899	1160.836	8,	1160.949,	nan	nan	8.000	1163.849	54.640	122.320	81.750	183.020	1.682	1.937	2.186	
9	2.000	2.000	276.000	1219.811	1166.052	1168.112	1169.880	8,	1170.002,	nan	nan	8.000	1172.893	44.670	183.020	54.640	223.870	1.074	1.768	2.154	
9	2.000	2.000	277.000	1219.811	1175.061	1176.583	1177.526	8,	1177.877,	nan	nan	8.000	1180.540	66.830	122.320	81.750	223.870	0.534	0.944	3.434	
9	2.000	2.000	278.000	1219.811	1183.990	1186.629	1188.185	9,8,	1188.433,1189.677,	nan	nan	8.000	1191.204	54.640	122.320	66.830	149.620	1.653	1.556	3.486	
9	2.000	2.000	279.000	1219.811	1194.705	1197.509	1198.447	8,	1198.777,	nan	nan	8.000	1201.466	66.830	149.620	81.750	183.020	1.817	0.939	2.315	
9	2.000	2.000	280.000	1219.811	1203.795	1206.455	1207.244	8,	1207.691,	nan	nan	8.000	1210.256	44.670	183.020	81.750	223.870	1.672	0.789	2.379	
9	2.000	2.000	281.000	1219.811	1212.678	1214.909	1215.491	8,	1216.054,	nan	nan	8.000	1218.508	44.670	149.620	81.750	183.020	1.272	0.582	2.058	
9	2.000	2.000	282.000	1219.811	1220.580	1222.483	1223.812	8,	1224.149,	nan	nan	8.000	1226.824	44.670	122.320	81.750	223.870	0.915	1.330	2.032	
9	2.000	2.000	283.000	1219.811	1228.871	1231.791	1232.658	8,9,8,	1233.043,1233.708,1234.664,	nan	nan	8.000	1235.678	44.670	122.320	54.640	223.870	1.932	0.867	3.814	
9	2.000	2.000	284.000	1219.811	1239.506	1241.616	1243.601	8,	1243.850,	nan	nan	8.000	1246.615	44.670	149.620	66.830	183.020	1.122	1.986	2.746	
9	2.000	2.000	285.000	1219.811	1249.380	1251.081	1252.140	8,9,	1252.533,1253.819,	nan	nan	9.000	1255.153	44.670	149.620	54.640	183.020	0.717	1.059	2.476	
9	2.000	2.000	286.000	1219.811	1257.643	1260.617	1262.467	8,	1262.518,	nan	nan	8.000	1265.480	66.830	122.320	81.750	149.620	1.986	1.850	2.373	
9	2.000	2.000	287.000	1219.811	1267.867	1270.566	1271.210	8,9,	1272.654,1272.988,	nan	nan	9.000	1274.228	54.640	183.020	66.830	183.020	1.711	0.645	2.174	
9	2.000	2.000	288.000	1219.811	1276.417	1279.187	1279.793	8,	1280.809,	nan	nan	8.000	1282.806	44.670	122.320	66.830	149.620	1.783	0.606	3.402	
9	2.000	2.000	289.000	1219.811	1286.228	1288.868	1290.144	8,	1290.534,	nan	nan	8.000	1293.157	54.640	183.020	81.750	223.870	1.658	1.277	2.971	
9	2.000	2.000	290.000	1219.811	1296.144	1297.949	1299.784	8,	1300.569,	nan	nan	8.000	1302.803	66.830	183.020	81.750	223.870	0.818	1.836	2.656	
9	2.000	2.000	291.000	1219.811	1305.474	1307.338	1308.363	8,	1308.760,	9.000	1311.376	8.000	1311.376	44.670	122.320	81.750	183.020	0.876	1.026	3.305	
9	2.000	2.000	292.000	1219.811	1314.697	1317.225	1318.588	8,	1319.005,	nan	nan	8.000	1321.607	44.670	149.620	81.750	223.870	1.542	1.363	3.042	
9	2.000	2.000	293.000	1219.811	1324.662	1326.947	1327.663	8,	1328.554,	nan	nan	8.000	1330.681	54.640	149.620	81.750	223.870	1.296	0.717	2.617	
9	2.000	2.000	294.000	1219.811	1333.318	1335.143	1336.024	9,8,	1336.630,1337.670,	nan	nan	8.000	1339.036	54.640	183.020	66.830	122.320	0.842	0.881	3.891	
9	2.000	2.000	295.000	1219.811	1342.941	1344.974	1346.525	8,9,8,	1346.928,1347.691,1348.063,	nan	nan	8.000	1349.543	44.670	122.320	54.640	149.620	1.045	1.551	2.720	
9	2.000	2.000	296.000	1219.811	1352.277	1355.164	1356.267	9,	1356.341,	nan	nan	9.000	1359.285	44.670	223.870	66.830	122.320	1.899	1.103	3.929	
9	2.000	2.000	297.000	1219.811	1363.228	1365.656	1366.952	8,	1367.350,	9.000	1369.965	8.000	1369.965	54.640	149.620	66.830	183.020	1.441	1.296	3.672	
9	2.000	2.000	298.000	1219.811	1373.653	1376.177	1376.922	8,9,	1377.809,1378.844,	nan	nan	9.000	1379.940	54.640	223.870	66.830	122.320	1.537	0.746	2.219	
9	2.000	2.000	299.000	1219.811	1382.172	1384.467	1385.747	8,	1386.173,	nan	nan	8.000	1388.760	44.670	183.020	66.830	223.870	1.305	1.281	3.955	
9	2.000	2.000	300.000	1219.811	1392.729	1395.384	1397.022	8,	1397.262,	nan	nan	8.000	1400.040	54.640	44.670	66.830	44.670	1.667	1.638	2.270	
9	2.000	2.000	301.000	1219.811	1402.323	1405.014	1406.092	8,	1406.276,	nan	nan	8.000	1409.105	44.670	122.320	81.750	149.620	1.701	1.079	3.164	
9	2.000	2.000	302.000	1219.811	1412.283	1413.878	1415.467	8,	1415.902,	nan	nan	8.000	1418.485	44.670	122.320	66.830	183.020	0.606	1.590	3.981	
9	2.000	2.000	303.000	1219.811	1422.480	1425.463	1427.197	8,	1427.591,	nan	nan	8.000	1430.210	44.670	122.320	54.640	183.020	1.995	1.735	2.495	
9	2.000	2.000	304.000	1219.811	1432.719	1435.442	1436.289	8,	1436.550,	nan	nan	8.000	1439.307	66.830	122.320	81.750	183.020	1.735	0.847	3.621	
9	2.000	2.000	305.000	1219.811	1442.944	1444.835	1446.714	8,	1447.428,	nan	nan	8.000	1449.728	44.670	149.620	54.640	223.870	0.905	1.879	2.026	
9	2.000	2.000	306.000	1219.811	1451.769	1453.931	1454.691	8,	1455.078,	nan	nan	8.000	1457.704	54.640	149.620	81.750	122.320	1.175	0.760	2.129	
9	2.000	2.000	307.000	1219.811	1459.847	1462.454	1464.237	8,	1464.366,	nan	nan	8.000	1467.249	44.670	149.620	66.830	223.870	1.619	1.783	3.820	
9	2.000	2.000	308.000	1219.811	1471.084	1473.049	1474.060	8,8,	1474.854,1475.116,	nan	nan	8.000	1477.078	54.640	122.320	81.750	223.870	0.977	1.011	3.498	
9	2.000	2.000	309.000	1219.811	1480.624	1483.554	1485.231	8,	1485.384,	nan	nan	8.000	1488.250	66.830	149.620	81.750	223.870	1.976	1.677	2.244	
9	2.000	2.000	310.000	1219.811	1490.508	1492.894	1494.001	8,	1494.364,	nan	nan	8.000	1497.014	54.640	149.620	81.750	183.020	1.397	1.108	2.881	
9	2.000	2.000	311.000	1219.811	1499.909	1501.624	1503.006	8,9,8,	1503.136,1504.106,1504.511,	nan	nan	8.000	1506.019	54.640	149.620	66.830	223.870	0.727	1.383	3.698	
9	2.000	2.000	312.000	1219.811	1509.732	1512.415	1513.947	9,	1514.800,	nan	nan	9.000	1516.965	54.640	183.020	66.830	223.870	1.696	1.532	3.215	
