subjID	session	Block	trialCount	earnings	Gam1Onset	Gam2Onset	FBOnset	KPs	RT	KPlate	RTlate	KP_Final	SLOnset	Gam1_1	Gam1_2	Gam2_1	Gam2_2	jit1	jit2	jit3	
10	2.000	1.000	1.000	815.235	86.963	88.483	89.089	nan	nan	nan	nan	nan	nan	183.020	44.670	223.870	44.670	0.524	0.606	3.460	
10	2.000	1.000	2.000	815.235	95.602	97.363	98.996	8,	100.174,	nan	nan	8.000	102.013	66.830	183.020	44.670	149.620	0.770	1.633	3.775	
10	2.000	1.000	3.000	815.235	105.798	108.206	108.986	8,	110.503,	nan	nan	8.000	111.998	81.750	149.620	66.830	122.320	1.416	0.780	3.871	
10	2.000	1.000	4.000	815.235	115.880	118.240	119.878	8,	120.251,	nan	nan	8.000	122.896	81.750	149.620	44.670	223.870	1.368	1.638	3.756	
10	2.000	1.000	5.000	815.235	126.662	129.562	130.322	9,	131.034,	nan	nan	9.000	133.340	81.750	223.870	66.830	149.620	1.908	0.760	2.206	
10	2.000	1.000	6.000	815.235	135.556	137.685	138.517	9,	139.630,	nan	nan	9.000	141.535	54.640	183.020	44.670	149.620	1.137	0.833	2.675	
10	2.000	1.000	7.000	815.235	144.221	145.997	147.833	9,	149.174,	nan	nan	9.000	150.851	81.750	183.020	66.830	149.620	0.785	1.836	2.887	
10	2.000	1.000	8.000	815.235	153.750	155.950	156.575	9,	157.893,	nan	nan	9.000	159.587	66.830	149.620	54.640	122.320	1.209	0.625	3.505	
10	2.000	1.000	9.000	815.235	163.103	165.617	166.883	9,	167.164,	nan	nan	9.000	169.900	66.830	223.870	54.640	122.320	1.523	1.267	2.605	
10	2.000	1.000	10.000	815.235	172.515	175.140	175.943	8,	176.687,	nan	nan	8.000	178.956	66.830	149.620	44.670	122.320	1.633	0.804	3.376	
10	2.000	1.000	11.000	815.235	182.342	184.326	185.612	9,	186.002,	nan	nan	9.000	188.624	81.750	223.870	54.640	149.620	0.992	1.286	3.704	
10	2.000	1.000	12.000	815.235	192.338	194.399	196.182	9,	196.218,	nan	nan	9.000	199.200	81.750	223.870	54.640	122.320	1.069	1.783	3.518	
10	2.000	1.000	13.000	815.235	202.728	204.451	206.003	9,	206.412,	nan	nan	9.000	209.021	81.750	183.020	44.670	122.320	0.732	1.551	3.749	
10	2.000	1.000	14.000	815.235	212.781	214.345	215.477	8,	215.799,	nan	nan	8.000	218.494	183.020	149.620	223.870	149.620	0.572	1.132	2.463	
10	2.000	1.000	15.000	815.235	220.969	223.385	225.255	9,	225.664,	nan	nan	9.000	228.268	81.750	223.870	66.830	122.320	1.426	1.870	2.064	
10	2.000	1.000	16.000	815.235	230.343	232.929	234.422	9,	234.930,	nan	nan	9.000	237.436	81.750	149.620	44.670	122.320	1.595	1.494	3.158	
10	2.000	1.000	17.000	815.235	240.603	242.631	243.352	9,	244.313,	nan	nan	9.000	246.365	54.640	223.870	44.670	183.020	1.035	0.722	2.244	
10	2.000	1.000	18.000	815.235	248.620	250.546	252.546	9,	252.804,	nan	nan	9.000	255.559	66.830	223.870	54.640	149.620	0.934	2.000	3.891	
10	2.000	1.000	19.000	815.235	259.467	261.030	261.602	9,	262.700,	nan	nan	9.000	264.613	54.640	223.870	44.670	122.320	0.577	0.572	3.203	
10	2.000	1.000	20.000	815.235	267.827	269.656	270.479	9,	271.408,	nan	nan	9.000	273.491	66.830	223.870	44.670	122.320	0.838	0.823	2.367	
10	2.000	1.000	21.000	815.235	275.868	278.194	279.311	9,	279.644,	nan	nan	9.000	282.324	66.830	223.870	44.670	183.020	1.334	1.117	3.132	
10	2.000	1.000	22.000	815.235	285.467	287.146	287.665	8,	288.740,	nan	nan	8.000	290.682	81.750	122.320	66.830	183.020	0.688	0.519	2.405	
10	2.000	1.000	23.000	815.235	293.098	295.164	296.990	9,	297.438,	nan	nan	9.000	300.002	54.640	183.020	44.670	122.320	1.074	1.826	3.164	
10	2.000	1.000	24.000	815.235	303.177	304.934	306.653	9,	306.744,	nan	nan	9.000	309.671	81.750	223.870	66.830	183.020	0.765	1.720	3.222	
10	2.000	1.000	25.000	815.235	312.904	315.866	317.446	9,	317.808,	nan	nan	9.000	320.464	81.750	149.620	54.640	183.020	1.971	1.580	2.952	
10	2.000	1.000	26.000	815.235	323.428	326.399	327.043	9,	327.961,	nan	nan	9.000	330.060	66.830	223.870	44.670	149.620	1.981	0.645	2.135	
10	2.000	1.000	27.000	815.235	332.206	334.373	335.075	8,	336.340,	nan	nan	8.000	338.093	66.830	183.020	81.750	183.020	1.175	0.703	2.013	
10	2.000	1.000	28.000	815.235	340.117	343.098	344.104	9,	344.131,	nan	nan	9.000	347.116	81.750	223.870	44.670	183.020	1.990	1.006	2.585	
10	2.000	1.000	29.000	815.235	349.713	351.397	352.055	9,	352.448,	nan	nan	9.000	355.072	81.750	149.620	44.670	183.020	0.693	0.659	3.273	
10	2.000	1.000	30.000	815.235	358.357	360.605	362.267	9,	362.639,	nan	nan	9.000	365.285	54.640	149.620	44.670	122.320	1.257	1.662	3.955	
10	2.000	1.000	31.000	815.235	369.253	372.010	373.248	9,	373.740,	nan	nan	9.000	376.266	81.750	183.020	54.640	122.320	1.768	1.238	2.495	
10	2.000	1.000	32.000	815.235	378.773	380.722	381.462	9,	382.179,	nan	nan	9.000	384.479	81.750	223.870	54.640	183.020	0.958	0.741	2.141	
10	2.000	1.000	33.000	815.235	386.632	389.276	389.790	9,	390.635,	nan	nan	9.000	392.803	81.750	149.620	54.640	122.320	1.653	0.514	2.502	
10	2.000	1.000	34.000	815.235	395.323	397.810	398.406	9,	399.172,	nan	nan	9.000	401.419	54.640	223.870	44.670	149.620	1.503	0.596	3.428	
10	2.000	1.000	35.000	815.235	404.860	406.643	407.693	9,	409.313,	nan	nan	9.000	410.711	66.830	183.020	54.640	149.620	0.794	1.050	2.424	
10	2.000	1.000	36.000	815.235	413.147	415.487	416.869	9,	416.928,	nan	nan	9.000	419.882	66.830	183.020	54.640	122.320	1.349	1.383	2.270	
10	2.000	1.000	37.000	815.235	422.165	425.068	426.093	9,	426.213,	nan	nan	9.000	429.110	81.750	223.870	44.670	122.320	1.913	1.026	2.727	
10	2.000	1.000	38.000	815.235	431.850	434.713	436.370	9,	437.045,	nan	nan	9.000	439.383	66.830	183.020	44.670	122.320	1.875	1.658	2.752	
10	2.000	1.000	39.000	815.235	442.148	445.099	446.655	9,	447.140,	nan	nan	9.000	449.667	66.830	223.870	54.640	183.020	1.961	1.556	3.556	
10	2.000	1.000	40.000	815.235	453.235	455.059	456.422	8,	456.565,	nan	nan	8.000	459.434	66.830	54.640	81.750	54.640	0.833	1.363	2.592	
10	2.000	1.000	41.000	815.235	462.037	463.649	464.905	9,	466.479,	nan	nan	9.000	467.918	66.830	149.620	44.670	223.870	0.621	1.257	3.730	
10	2.000	1.000	42.000	815.235	471.662	473.151	474.354	8,	475.972,	nan	nan	8.000	477.372	81.750	122.320	44.670	223.870	0.500	1.204	2.450	
10	2.000	1.000	43.000	815.235	479.833	482.009	483.483	8,	484.481,	nan	nan	8.000	486.496	81.750	122.320	66.830	223.870	1.185	1.474	3.305	
10	2.000	1.000	44.000	815.235	489.814	492.699	493.715	nan	nan	9.000	496.748	nan	nan	81.750	183.020	66.830	223.870	1.894	1.016	2.997	
10	2.000	1.000	45.000	815.235	499.755	501.999	503.854	8,	503.885,	nan	nan	8.000	506.867	66.830	149.620	54.640	223.870	1.252	1.855	2.379	
10	2.000	1.000	46.000	815.235	509.257	511.105	511.605	9,	512.596,	nan	nan	9.000	514.622	81.750	149.620	66.830	183.020	0.857	0.500	2.354	
10	2.000	1.000	47.000	815.235	516.987	519.182	521.090	8,	521.293,	nan	nan	8.000	524.103	54.640	122.320	44.670	223.870	1.204	1.908	2.077	
10	2.000	1.000	48.000	815.235	526.191	528.246	530.111	8,	530.219,	nan	nan	8.000	533.124	66.830	183.020	54.640	223.870	1.064	1.865	2.019	
10	2.000	1.000	49.000	815.235	535.155	536.804	538.394	9,	538.544,	nan	nan	9.000	541.413	66.830	122.320	44.670	149.620	0.659	1.590	3.884	
10	2.000	1.000	50.000	815.235	545.310	547.783	548.982	8,	549.737,	nan	nan	8.000	551.999	54.640	183.020	81.750	149.620	1.484	1.199	3.151	
10	2.000	1.000	51.000	815.235	555.164	557.574	558.464	9,8,	558.911,559.718,	nan	nan	8.000	561.481	54.640	122.320	44.670	183.020	1.421	0.891	3.666	
10	2.000	1.000	52.000	815.235	565.159	567.701	568.736	9,	569.756,	nan	nan	9.000	571.753	66.830	183.020	44.670	223.870	1.551	1.035	2.412	
10	2.000	1.000	53.000	815.235	574.178	576.188	577.151	8,	577.542,	nan	nan	8.000	580.164	149.620	81.750	223.870	81.750	1.021	0.963	3.228	
10	2.000	1.000	54.000	815.235	583.405	585.806	586.517	9,	587.912,	nan	nan	9.000	589.530	54.640	122.320	44.670	149.620	1.412	0.712	3.942	
10	2.000	1.000	55.000	815.235	593.490	596.393	597.992	8,	598.072,	nan	nan	8.000	601.010	44.670	122.320	66.830	223.870	1.918	1.600	3.949	
10	2.000	1.000	56.000	815.235	604.977	607.599	609.488	8,	609.514,	nan	nan	8.000	612.506	54.640	122.320	66.830	183.020	1.638	1.889	2.701	
10	2.000	1.000	57.000	815.235	615.221	618.007	618.916	8,	620.207,	nan	nan	8.000	621.928	66.830	149.620	54.640	183.020	1.797	0.910	3.466	
10	2.000	1.000	58.000	815.235	625.406	628.093	628.968	9,	629.438,	nan	nan	9.000	631.986	66.830	183.020	81.750	122.320	1.696	0.876	3.408	
10	2.000	1.000	59.000	815.235	635.407	637.610	638.747	8,	639.244,	nan	nan	8.000	641.759	81.750	122.320	54.640	223.870	1.214	1.137	2.264	
10	2.000	1.000	60.000	815.235	644.035	645.964	646.575	9,	647.805,	nan	nan	9.000	649.587	81.750	122.320	44.670	183.020	0.939	0.611	2.900	
10	2.000	1.000	61.000	815.235	652.499	654.279	655.347	8,	656.649,	9.000	658.361	8.000	658.361	81.750	149.620	54.640	223.870	0.789	1.069	3.196	
10	2.000	1.000	62.000	815.235	661.576	663.445	665.218	8,	665.375,	nan	nan	8.000	668.230	54.640	122.320	81.750	149.620	0.886	1.773	3.550	
10	2.000	1.000	63.000	815.235	671.799	673.963	674.780	9,	675.289,	nan	nan	9.000	677.794	81.750	122.320	44.670	149.620	1.180	0.818	3.601	
10	2.000	1.000	64.000	815.235	681.426	683.539	684.651	9,	686.065,	8.000	687.664	9.000	687.664	81.750	122.320	66.830	149.620	1.141	1.113	3.498	
10	2.000	1.000	65.000	815.235	691.175	692.694	693.420	nan	nan	8.000	696.448	nan	nan	66.830	122.320	54.640	149.620	0.529	0.727	2.907	
10	2.000	1.000	66.000	815.235	699.367	701.257	702.755	8,	702.781,	nan	nan	8.000	705.774	149.620	122.320	223.870	122.320	0.900	1.498	3.325	
10	2.000	1.000	67.000	815.235	709.117	710.664	712.403	9,	712.845,	nan	nan	9.000	715.417	54.640	149.620	44.670	183.020	0.563	1.740	3.717	
10	2.000	1.000	68.000	815.235	719.151	721.962	723.296	8,	723.915,	nan	nan	8.000	726.309	81.750	122.320	54.640	183.020	1.826	1.334	2.257	
10	2.000	1.000	69.000	815.235	728.580	730.233	731.007	8,	731.404,	nan	nan	8.000	734.020	54.640	149.620	44.670	223.870	0.664	0.775	3.910	
10	2.000	1.000	70.000	815.235	737.996	740.782	742.314	8,	742.492,	nan	nan	8.000	745.327	81.750	149.620	66.830	223.870	1.850	1.532	2.225	
10	2.000	1.000	71.000	815.235	747.564	750.067	751.575	9,	752.134,	nan	nan	9.000	754.587	66.830	149.620	44.670	183.020	1.513	1.508	3.723	
10	2.000	1.000	72.000	815.235	758.329	760.016	761.393	9,	762.492,	nan	nan	9.000	764.411	81.750	183.020	54.640	223.870	0.703	1.378	3.293	
10	2.000	1.000	73.000	815.235	767.719	769.905	771.765	8,	771.898,	nan	nan	8.000	774.782	44.670	223.870	81.750	149.620	1.199	1.860	2.174	
10	2.000	1.000	74.000	815.235	776.969	779.692	781.152	8,	781.181,	nan	nan	8.000	784.170	54.640	122.320	66.830	223.870	1.735	1.460	3.093	
10	2.000	1.000	75.000	815.235	787.274	789.913	790.861	8,	791.012,	nan	nan	8.000	793.879	44.670	183.020	81.750	149.620	1.648	0.949	3.678	
10	2.000	1.000	76.000	815.235	797.572	799.301	800.360	9,	801.121,	nan	nan	9.000	803.378	66.830	122.320	44.670	183.020	0.741	1.059	2.637	
10	2.000	1.000	77.000	815.235	806.025	807.994	809.676	8,9,	810.068,811.470,	nan	nan	9.000	812.693	81.750	183.020	44.670	223.870	0.977	1.682	2.373	
10	2.000	1.000	78.000	815.235	815.077	817.538	818.216	9,	818.856,	nan	nan	9.000	821.229	54.640	183.020	44.670	223.870	1.469	0.678	3.576	
10	2.000	1.000	79.000	815.235	824.817	827.378	828.919	8,	829.191,	nan	nan	8.000	831.937	54.640	149.620	81.750	149.620	1.571	1.542	2.566	
10	2.000	1.000	80.000	815.235	834.517	836.844	837.802	8,	838.551,	nan	nan	8.000	840.814	44.670	183.020	54.640	149.620	1.339	0.958	3.048	
10	2.000	1.000	81.000	815.235	843.879	845.770	847.683	8,	848.185,	nan	nan	8.000	850.696	66.830	149.620	81.750	122.320	0.905	1.913	2.527	
10	2.000	1.000	82.000	815.235	853.236	855.676	856.768	8,	857.552,	nan	nan	8.000	859.786	44.670	223.870	66.830	183.020	1.450	1.093	2.534	
10	2.000	1.000	83.000	815.235	862.332	865.274	866.787	8,9,	867.513,868.561,	nan	nan	9.000	869.800	44.670	183.020	66.830	122.320	1.952	1.513	3.068	
10	2.000	1.000	84.000	815.235	872.882	875.725	877.392	8,	877.583,	nan	nan	8.000	880.409	66.830	122.320	54.640	183.020	1.855	1.667	2.572	
10	2.000	1.000	85.000	815.235	882.993	884.720	885.248	8,	885.765,	nan	nan	8.000	888.260	44.670	149.620	66.830	122.320	0.736	0.529	2.347	
10	2.000	1.000	86.000	815.235	890.620	892.664	893.728	9,	894.606,	nan	nan	9.000	896.746	44.670	223.870	54.640	149.620	1.055	1.064	2.521	
10	2.000	1.000	87.000	815.235	899.280	901.353	903.155	9,8,9,	903.311,903.640,904.898,	nan	nan	9.000	906.172	66.830	183.020	81.750	149.620	1.084	1.802	2.514	
10	2.000	1.000	88.000	815.235	908.699	911.081	911.937	9,	912.373,	nan	nan	9.000	914.954	54.640	223.870	66.830	183.020	1.392	0.857	3.183	
10	2.000	1.000	89.000	815.235	918.149	920.826	922.387	9,	922.672,	nan	nan	9.000	925.405	81.750	183.020	54.640	149.620	1.686	1.561	3.254	
10	2.000	1.000	90.000	815.235	928.671	930.634	931.722	9,	932.854,	nan	nan	9.000	934.739	44.670	149.620	54.640	122.320	0.973	1.088	3.299	
10	2.000	1.000	91.000	815.235	938.053	939.801	940.585	9,	941.228,	nan	nan	9.000	943.603	81.750	183.020	66.830	122.320	0.760	0.785	2.772	
10	2.000	1.000	92.000	815.235	946.389	948.195	949.168	8,	949.256,	nan	nan	8.000	952.180	54.640	44.670	81.750	44.670	0.818	0.973	3.531	
10	2.000	1.000	93.000	815.235	955.723	958.293	959.217	8,	959.605,	nan	nan	8.000	962.229	44.670	183.020	66.830	149.620	1.580	0.924	3.415	
10	2.000	1.000	94.000	815.235	965.656	968.588	970.492	9,	970.525,	nan	nan	9.000	973.504	66.830	223.870	81.750	183.020	1.942	1.904	3.492	
10	2.000	1.000	95.000	815.235	977.008	978.942	980.411	9,8,	980.659,981.473,	nan	nan	8.000	983.424	66.830	122.320	44.670	223.870	0.944	1.469	2.334	
10	2.000	1.000	96.000	815.235	985.769	988.365	988.985	8,	989.646,	nan	nan	8.000	992.002	44.670	183.020	81.750	122.320	1.605	0.621	2.624	
10	2.000	1.000	97.000	815.235	994.638	997.498	998.099	9,	999.596,	nan	nan	9.000	1001.116	44.670	183.020	54.640	122.320	1.870	0.601	2.386	
10	2.000	1.000	98.000	815.235	1003.515	1006.080	1006.642	9,	1007.035,	nan	nan	9.000	1009.660	54.640	223.870	66.830	149.620	1.576	0.563	3.974	
10	2.000	1.000	99.000	815.235	1013.655	1016.342	1018.332	8,	1018.485,	nan	nan	8.000	1021.345	54.640	183.020	66.830	149.620	1.706	1.990	4.000	
10	2.000	1.000	100.000	815.235	1025.358	1027.576	1028.553	9,	1028.603,	nan	nan	9.000	1031.572	66.830	223.870	81.750	122.320	1.228	0.977	2.746	
10	2.000	1.000	101.000	815.235	1034.330	1035.839	1037.356	9,	1037.830,	nan	nan	9.000	1040.369	81.750	122.320	54.640	149.620	0.519	1.518	3.801	
10	2.000	1.000	102.000	815.235	1044.181	1045.725	1046.851	8,	1047.063,	nan	nan	8.000	1049.869	44.670	223.870	81.750	183.020	0.553	1.127	2.945	
10	2.000	1.000	103.000	815.235	1052.827	1054.813	1055.482	9,	1056.553,	nan	nan	9.000	1058.495	66.830	223.870	81.750	149.620	0.997	0.669	2.045	
10	2.000	1.000	104.000	815.235	1060.554	1062.191	1063.786	8,	1064.201,	nan	nan	8.000	1066.804	44.670	223.870	54.640	183.020	0.650	1.595	2.431	
10	2.000	1.000	105.000	815.235	1069.247	1071.484	1072.312	8,	1073.001,	nan	nan	8.000	1075.324	149.620	54.640	183.020	54.640	1.248	0.828	3.029	
10	2.000	1.000	106.000	815.235	1078.371	1080.945	1082.434	9,	1082.873,	nan	nan	9.000	1085.452	81.750	183.020	44.670	149.620	1.590	1.489	2.109	
10	2.000	1.000	107.000	815.235	1087.573	1089.111	1089.785	8,	1090.167,	nan	nan	8.000	1092.803	44.670	149.620	81.750	122.320	0.548	0.674	3.209	
10	2.000	1.000	108.000	815.235	1096.023	1098.281	1099.745	9,	1100.254,	nan	nan	9.000	1102.763	81.750	223.870	44.670	149.620	1.267	1.465	2.000	
10	2.000	1.000	109.000	815.235	1104.774	1107.051	1108.216	8,	1108.408,	nan	nan	8.000	1111.229	54.640	183.020	81.750	122.320	1.286	1.166	2.971	
10	2.000	1.000	110.000	815.235	1114.211	1115.832	1117.147	8,	1117.329,	nan	nan	8.000	1120.160	44.670	223.870	81.750	122.320	0.630	1.315	2.559	
10	2.000	1.000	111.000	815.235	1122.734	1125.259	1126.159	9,	1126.954,	nan	nan	9.000	1129.176	44.670	223.870	54.640	122.320	1.537	0.900	2.322	
10	2.000	1.000	112.000	815.235	1131.509	1134.119	1135.289	9,	1135.670,	nan	nan	9.000	1138.306	54.640	223.870	81.750	122.320	1.619	1.170	3.743	
10	2.000	1.000	113.000	815.235	1142.061	1144.791	1146.728	8,	1146.763,	nan	nan	8.000	1149.746	54.640	223.870	81.750	149.620	1.740	1.937	2.032	
10	2.000	1.000	114.000	815.235	1151.791	1154.708	1155.704	8,	1156.207,	nan	nan	8.000	1158.722	54.640	223.870	81.750	183.020	1.928	0.997	3.859	
10	2.000	1.000	115.000	815.235	1162.592	1164.965	1166.815	8,	1166.854,	nan	nan	8.000	1169.833	44.670	223.870	66.830	149.620	1.383	1.850	3.248	
10	2.000	1.000	116.000	815.235	1173.112	1174.597	1176.375	8,	1176.770,	nan	nan	8.000	1179.393	66.830	122.320	54.640	223.870	0.514	1.778	3.402	
10	2.000	1.000	117.000	815.235	1182.814	1185.074	1186.171	8,	1186.495,	nan	nan	8.000	1189.189	54.640	149.620	66.830	122.320	1.277	1.098	3.608	
10	2.000	1.000	118.000	815.235	1192.809	1194.521	1195.238	9,8,	1195.637,1196.104,	nan	nan	8.000	1198.249	149.620	223.870	183.020	223.870	0.722	0.717	2.656	
10	2.000	1.000	119.000	815.235	1200.917	1203.208	1204.074	8,	1204.559,	nan	nan	8.000	1207.087	54.640	149.620	81.750	223.870	1.301	0.867	3.338	
10	2.000	1.000	120.000	815.235	1210.437	1213.099	1214.939	8,	1214.982,	nan	nan	8.000	1217.958	44.670	122.320	81.750	149.620	1.672	1.841	3.994	
10	2.000	1.000	121.000	815.235	1221.965	1224.235	1225.935	9,	1226.160,	nan	nan	9.000	1228.948	44.670	223.870	66.830	122.320	1.281	1.701	2.289	
10	2.000	1.000	122.000	815.235	1231.258	1233.164	1233.803	8,	1234.224,	nan	nan	8.000	1236.816	54.640	149.620	81.750	183.020	0.924	0.640	2.707	
10	2.000	1.000	123.000	815.235	1239.553	1241.831	1243.354	8,	1243.667,	nan	nan	8.000	1246.367	54.640	149.620	81.750	122.320	1.305	1.523	2.103	
10	2.000	1.000	124.000	815.235	1248.482	1251.153	1252.946	8,	1253.168,	nan	nan	8.000	1255.958	66.830	149.620	81.750	223.870	1.682	1.793	2.193	
10	2.000	1.000	125.000	815.235	1258.164	1260.700	1262.053	8,	1262.223,	nan	nan	8.000	1265.065	44.670	122.320	54.640	149.620	1.547	1.354	3.627	
10	2.000	1.000	126.000	815.235	1268.704	1271.318	1271.933	8,	1272.211,	nan	nan	8.000	1274.950	44.670	122.320	81.750	223.870	1.624	0.616	3.035	
10	2.000	1.000	127.000	815.235	1278.004	1279.627	1280.175	8,	1280.567,	nan	nan	8.000	1283.192	66.830	122.320	81.750	149.620	0.640	0.548	2.804	
10	2.000	1.000	128.000	815.235	1286.010	1287.778	1289.107	8,	1289.286,	nan	nan	8.000	1292.120	54.640	149.620	66.830	223.870	0.780	1.330	2.540	
10	2.000	1.000	129.000	815.235	1294.674	1297.421	1299.150	8,	1299.532,	nan	nan	8.000	1302.163	44.670	149.620	81.750	223.870	1.759	1.730	2.733	
10	2.000	1.000	130.000	815.235	1304.912	1306.751	1308.495	8,	1308.856,	nan	nan	8.000	1311.513	44.670	122.320	66.830	149.620	0.852	1.744	3.235	
10	2.000	1.000	131.000	815.235	1314.762	1317.181	1318.915	8,	1319.266,	nan	nan	8.000	1321.934	54.640	122.320	66.830	122.320	1.431	1.735	2.695	
10	2.000	1.000	132.000	815.235	1324.640	1326.777	1327.850	8,	1327.962,	nan	nan	8.000	1330.863	44.670	122.320	54.640	183.020	1.146	1.074	2.617	
10	2.000	1.000	133.000	815.235	1333.492	1335.451	1336.794	8,	1336.940,	nan	nan	8.000	1339.808	44.670	183.020	54.640	223.870	0.968	1.344	3.241	
10	2.000	1.000	134.000	815.235	1343.068	1344.590	1346.531	8,	1346.856,	nan	nan	8.000	1349.544	54.640	183.020	81.750	223.870	0.539	1.942	2.116	
10	2.000	1.000	135.000	815.235	1351.673	1354.039	1355.938	8,	1356.170,	nan	nan	8.000	1358.956	44.670	149.620	66.830	223.870	1.378	1.899	3.711	
10	2.000	1.000	136.000	815.235	1362.682	1365.158	1365.923	8,	1366.206,	nan	nan	8.000	1368.940	54.640	122.320	66.830	149.620	1.489	0.765	3.434	
10	2.000	1.000	137.000	815.235	1372.387	1374.696	1375.543	8,	1375.789,	nan	nan	8.000	1378.561	44.670	183.020	66.830	223.870	1.320	0.847	2.418	
10	2.000	1.000	138.000	815.235	1380.991	1383.388	1385.078	9,	1385.228,	nan	nan	9.000	1388.096	54.640	183.020	66.830	122.320	1.407	1.691	3.929	
10	2.000	1.000	139.000	815.235	1392.037	1394.907	1396.516	9,	1396.835,	nan	nan	9.000	1399.528	54.640	223.870	66.830	122.320	1.879	1.609	2.476	
10	2.000	1.000	140.000	815.235	1402.016	1403.690	1405.405	9,	1406.052,	nan	nan	9.000	1408.423	66.830	122.320	81.750	183.020	0.683	1.715	3.421	
10	2.000	1.000	141.000	815.235	1411.856	1413.737	1414.748	8,	1415.006,	nan	nan	8.000	1417.760	44.670	122.320	81.750	183.020	0.891	1.011	2.958	
10	2.000	1.000	142.000	815.235	1420.730	1423.537	1424.539	8,	1424.884,	nan	nan	8.000	1427.550	44.670	122.320	54.640	223.870	1.817	1.002	3.762	
10	2.000	1.000	143.000	815.235	1431.328	1434.093	1435.084	8,	1435.113,	nan	nan	8.000	1438.098	44.670	149.620	54.640	183.020	1.778	0.992	3.904	
10	2.000	1.000	144.000	815.235	1442.014	1444.101	1445.715	8,	1446.218,	nan	nan	8.000	1448.733	54.640	81.750	66.830	81.750	1.098	1.614	3.865	
10	2.000	1.000	145.000	815.235	1452.610	1455.080	1456.698	8,	1456.857,	nan	nan	8.000	1459.717	54.640	183.020	66.830	223.870	1.479	1.619	2.508	
10	2.000	1.000	146.000	815.235	1462.237	1464.957	1466.108	8,	1466.748,	nan	nan	8.000	1469.120	54.640	122.320	81.750	183.020	1.730	1.151	2.817	
10	2.000	1.000	147.000	815.235	1471.949	1473.946	1474.889	8,	1475.108,	nan	nan	8.000	1477.902	44.670	149.620	54.640	223.870	1.006	0.944	2.797	
10	2.000	1.000	148.000	815.235	1480.711	1482.853	1484.254	8,	1484.475,	nan	nan	8.000	1487.267	66.830	183.020	81.750	223.870	1.151	1.402	2.662	
10	2.000	1.000	149.000	815.235	1489.940	1492.714	1493.460	8,	1493.692,	nan	nan	8.000	1496.478	44.670	183.020	81.750	223.870	1.783	0.746	3.923	
10	2.000	1.000	150.000	815.235	1500.413	1503.379	1505.296	8,	1505.624,	nan	nan	8.000	1508.314	66.830	122.320	81.750	223.870	1.976	1.918	2.926	
10	2.000	1.000	151.000	815.235	1511.253	1513.331	1514.525	8,	1514.809,	nan	nan	8.000	1517.538	66.830	149.620	81.750	183.020	1.088	1.195	3.010	
10	2.000	1.000	152.000	815.235	1520.560	1523.078	1525.010	8,	1525.683,	nan	nan	8.000	1528.028	54.640	122.320	81.750	223.870	1.527	1.932	2.161	
10	2.000	1.000	153.000	815.235	1530.201	1533.027	1534.574	8,	1534.843,	nan	nan	8.000	1537.587	44.670	122.320	66.830	183.020	1.836	1.547	3.582	
10	2.000	1.000	154.000	815.235	1541.182	1543.896	1545.819	8,	1546.091,	nan	nan	8.000	1548.837	44.670	149.620	81.750	183.020	1.725	1.923	2.489	
10	2.000	1.000	155.000	815.235	1551.337	1554.313	1556.274	8,	1556.592,	nan	nan	8.000	1559.292	44.670	149.620	66.830	183.020	1.986	1.961	3.807	
10	2.000	1.000	156.000	815.235	1563.111	1564.611	1565.916	8,	1565.955,	nan	nan	8.000	1568.933	54.640	149.620	66.830	183.020	0.510	1.305	2.849	
10	2.000	2.000	157.000	815.235	39.505	41.891	43.578	8,	44.014,	nan	nan	8.000	46.594	183.020	44.670	223.870	44.670	1.387	1.686	3.633	
10	2.000	2.000	158.000	815.235	50.241	52.627	53.512	9,	53.543,	nan	nan	9.000	56.525	81.750	223.870	44.670	122.320	1.397	0.886	2.039	
10	2.000	2.000	159.000	815.235	58.577	60.244	61.096	9,	61.204,	nan	nan	9.000	64.108	54.640	223.870	44.670	122.320	0.678	0.852	3.357	
10	2.000	2.000	160.000	815.235	67.478	69.141	70.186	9,	70.765,	nan	nan	9.000	73.199	54.640	183.020	44.670	149.620	0.674	1.045	2.186	
10	2.000	2.000	161.000	815.235	75.397	77.268	77.836	9,	78.187,	nan	nan	9.000	80.848	66.830	223.870	54.640	149.620	0.881	0.568	3.878	
10	2.000	2.000	162.000	815.235	84.741	86.329	87.697	9,	87.749,	nan	nan	9.000	90.716	81.750	149.620	54.640	183.020	0.601	1.368	2.277	
10	2.000	2.000	163.000	815.235	93.005	95.994	97.960	9,	98.287,	nan	nan	9.000	100.973	81.750	183.020	44.670	122.320	2.000	1.966	2.855	
10	2.000	2.000	164.000	815.235	103.841	106.542	107.663	9,	108.124,	nan	nan	9.000	110.676	81.750	223.870	66.830	183.020	1.711	1.122	2.785	
10	2.000	2.000	165.000	815.235	113.473	115.006	116.591	9,	117.069,	nan	nan	9.000	119.609	54.640	223.870	44.670	149.620	0.543	1.585	2.920	
10	2.000	2.000	166.000	815.235	122.542	124.971	126.793	9,	126.992,	nan	nan	9.000	129.810	81.750	183.020	54.640	122.320	1.441	1.822	3.331	
10	2.000	2.000	167.000	815.235	133.154	135.955	136.686	9,	137.048,	nan	nan	9.000	139.704	54.640	223.870	44.670	183.020	1.812	0.732	2.611	
10	2.000	2.000	168.000	815.235	142.328	145.313	147.206	9,	147.436,	nan	nan	9.000	150.218	54.640	149.620	44.670	122.320	1.995	1.894	2.643	
10	2.000	2.000	169.000	815.235	152.874	155.189	156.976	9,	157.208,	nan	nan	9.000	159.989	81.750	223.870	54.640	122.320	1.325	1.788	2.071	
10	2.000	2.000	170.000	815.235	162.072	164.141	165.668	8,	165.817,	nan	nan	8.000	168.680	183.020	149.620	223.870	149.620	1.079	1.527	3.852	
10	2.000	2.000	171.000	815.235	172.545	175.299	177.115	9,	177.163,	nan	nan	9.000	180.133	81.750	149.620	66.830	122.320	1.764	1.817	2.669	
10	2.000	2.000	172.000	815.235	182.815	185.240	186.294	9,	186.635,	nan	nan	9.000	189.307	66.830	223.870	44.670	122.320	1.436	1.055	2.875	
10	2.000	2.000	173.000	815.235	192.194	194.793	196.296	9,	196.632,	nan	nan	9.000	199.313	81.750	149.620	44.670	183.020	1.609	1.503	3.350	
10	2.000	2.000	174.000	815.235	202.676	204.614	206.493	9,	206.855,	nan	nan	9.000	209.511	81.750	149.620	54.640	122.320	0.949	1.879	3.074	
10	2.000	2.000	175.000	815.235	212.598	215.491	216.733	9,	217.098,	nan	nan	9.000	219.746	66.830	223.870	44.670	149.620	1.904	1.243	2.084	
10	2.000	2.000	176.000	815.235	221.842	223.891	225.143	9,	225.610,	nan	nan	9.000	228.157	81.750	183.020	66.830	149.620	1.059	1.252	3.788	
10	2.000	2.000	177.000	815.235	231.957	233.929	235.316	9,	235.699,	nan	nan	9.000	238.334	66.830	223.870	54.640	183.020	0.982	1.387	2.830	
10	2.000	2.000	178.000	815.235	241.183	242.965	243.715	9,	243.974,	nan	nan	9.000	246.733	54.640	183.020	44.670	122.320	0.799	0.751	2.399	
10	2.000	2.000	179.000	815.235	249.144	251.594	252.431	9,	252.679,	nan	nan	9.000	255.448	66.830	223.870	44.670	183.020	1.460	0.838	2.965	
10	2.000	2.000	180.000	815.235	258.427	260.687	261.495	9,	261.856,	nan	nan	9.000	264.513	66.830	149.620	54.640	122.320	1.272	0.809	3.981	
10	2.000	2.000	181.000	815.235	268.513	270.213	270.862	9,	271.399,	nan	nan	9.000	273.875	81.750	149.620	44.670	223.870	0.717	0.650	2.688	
10	2.000	2.000	182.000	815.235	276.576	279.464	280.606	9,	281.178,	nan	nan	9.000	283.623	66.830	183.020	44.670	122.320	1.899	1.141	3.447	
10	2.000	2.000	183.000	815.235	287.084	288.741	289.511	8,	290.176,	nan	nan	8.000	292.523	66.830	122.320	81.750	122.320	0.669	0.770	2.154	
10	2.000	2.000	184.000	815.235	294.690	297.033	298.218	9,	298.526,	nan	nan	9.000	301.236	66.830	183.020	44.670	149.620	1.354	1.185	3.563	
10	2.000	2.000	185.000	815.235	304.811	307.362	308.595	9,	308.914,	nan	nan	9.000	311.607	66.830	183.020	54.640	149.620	1.561	1.233	2.444	
10	2.000	2.000	186.000	815.235	314.064	316.914	318.619	8,	318.748,	nan	nan	8.000	321.638	81.750	122.320	66.830	183.020	1.860	1.706	2.598	
10	2.000	2.000	187.000	815.235	324.249	326.915	328.075	9,	328.324,	nan	nan	9.000	331.088	81.750	223.870	66.830	149.620	1.677	1.161	3.080	
10	2.000	2.000	188.000	815.235	334.186	336.529	338.413	9,	338.590,	nan	nan	9.000	341.426	66.830	149.620	44.670	122.320	1.359	1.884	3.846	
10	2.000	2.000	189.000	815.235	345.286	347.117	347.988	9,	348.929,	nan	nan	9.000	351.000	81.750	149.620	44.670	122.320	0.842	0.871	3.826	
10	2.000	2.000	190.000	815.235	354.840	356.425	357.532	9,	357.626,	nan	nan	9.000	360.545	81.750	223.870	54.640	149.620	0.596	1.108	3.087	
10	2.000	2.000	191.000	815.235	363.646	365.482	366.927	9,	367.163,	nan	nan	9.000	369.940	81.750	223.870	54.640	183.020	0.847	1.445	2.894	
10	2.000	2.000	192.000	815.235	372.847	375.402	376.423	9,	376.517,	nan	nan	9.000	379.435	66.830	183.020	54.640	122.320	1.566	1.021	3.839	
10	2.000	2.000	193.000	815.235	383.295	384.864	386.125	9,	386.860,	nan	nan	9.000	389.138	81.750	223.870	66.830	122.320	0.587	1.262	2.939	
10	2.000	2.000	194.000	815.235	392.092	393.685	395.309	9,	395.510,	nan	nan	9.000	398.321	81.750	223.870	44.670	183.020	0.606	1.624	3.814	
10	2.000	2.000	195.000	815.235	402.148	405.074	406.254	9,9,	406.345,406.711,	nan	nan	9.000	409.266	66.830	223.870	54.640	122.320	1.937	1.180	2.122	
10	2.000	2.000	196.000	815.235	411.401	414.091	415.430	8,	415.688,	nan	nan	8.000	418.448	66.830	54.640	81.750	54.640	1.701	1.339	3.023	
10	2.000	2.000	197.000	815.235	421.484	424.087	425.566	9,	425.930,	nan	nan	9.000	428.578	66.830	149.620	44.670	223.870	1.614	1.479	3.897	
10	2.000	2.000	198.000	815.235	432.488	434.517	435.813	8,	435.951,	nan	nan	8.000	438.830	54.640	122.320	66.830	223.870	1.040	1.296	3.736	
10	2.000	2.000	199.000	815.235	442.580	444.812	445.842	9,	446.157,	nan	nan	9.000	448.855	54.640	183.020	44.670	223.870	1.243	1.031	3.569	
10	2.000	2.000	200.000	815.235	452.443	454.177	455.627	9,8,	456.163,457.107,	nan	nan	8.000	458.645	54.640	122.320	44.670	149.620	0.751	1.450	2.302	
10	2.000	2.000	201.000	815.235	460.960	463.279	464.815	8,9,	465.159,466.580,	nan	nan	9.000	467.828	66.830	149.620	54.640	183.020	1.330	1.537	2.842	
10	2.000	2.000	202.000	815.235	470.684	473.630	474.911	8,	475.137,	nan	nan	8.000	477.923	81.750	149.620	54.640	223.870	1.957	1.281	3.106	
10	2.000	2.000	203.000	815.235	481.044	483.226	483.760	9,	484.839,	nan	nan	9.000	486.778	66.830	122.320	44.670	149.620	1.195	0.534	3.395	
10	2.000	2.000	204.000	815.235	490.186	492.520	493.506	8,9,	493.527,494.110,	nan	nan	9.000	496.524	66.830	122.320	54.640	149.620	1.344	0.987	2.129	
10	2.000	2.000	205.000	815.235	498.665	501.298	502.092	8,	502.571,	nan	nan	8.000	505.104	44.670	223.870	81.750	149.620	1.643	0.794	3.125	
10	2.000	2.000	206.000	815.235	508.242	510.103	511.900	8,	512.068,	nan	nan	8.000	514.918	54.640	149.620	44.670	223.870	0.871	1.797	3.286	
10	2.000	2.000	207.000	815.235	518.217	520.034	520.717	8,	520.849,	nan	nan	8.000	523.730	54.640	122.320	66.830	183.020	0.828	0.683	3.453	
10	2.000	2.000	208.000	815.235	527.197	529.727	530.917	8,	531.166,	nan	nan	8.000	533.934	66.830	149.620	54.640	223.870	1.542	1.190	3.691	
10	2.000	2.000	209.000	815.235	537.638	539.629	540.264	8,	540.369,	nan	nan	8.000	543.281	149.620	44.670	223.870	44.670	1.002	0.635	3.318	
10	2.000	2.000	210.000	815.235	546.613	548.468	549.923	8,	550.222,	nan	nan	8.000	552.941	54.640	183.020	81.750	149.620	0.867	1.455	3.383	
10	2.000	2.000	211.000	815.235	556.338	558.819	560.230	9,	560.760,	nan	nan	9.000	563.248	81.750	122.320	44.670	149.620	1.494	1.412	2.650	
10	2.000	2.000	212.000	815.235	565.913	567.829	569.482	9,	569.740,	nan	nan	9.000	572.499	66.830	149.620	44.670	183.020	0.929	1.653	2.482	
10	2.000	2.000	213.000	815.235	574.994	577.737	579.057	8,8,	579.086,579.322,	nan	nan	8.000	582.070	81.750	122.320	54.640	223.870	1.754	1.320	3.190	
10	2.000	2.000	214.000	815.235	585.273	587.307	589.152	8,	589.445,	nan	nan	8.000	592.170	81.750	122.320	66.830	223.870	1.045	1.846	2.309	
10	2.000	2.000	215.000	815.235	594.491	597.346	598.284	8,	598.646,	nan	nan	8.000	601.298	81.750	149.620	66.830	183.020	1.865	0.939	2.238	
10	2.000	2.000	216.000	815.235	603.548	605.448	606.864	9,	607.441,	nan	nan	9.000	609.876	54.640	122.320	44.670	183.020	0.910	1.416	2.810	
10	2.000	2.000	217.000	815.235	612.699	615.134	617.105	9,	617.386,	nan	nan	9.000	620.117	54.640	149.620	44.670	183.020	1.445	1.971	3.473	
10	2.000	2.000	218.000	815.235	623.603	625.203	626.411	9,	626.525,	nan	nan	9.000	629.424	81.750	183.020	54.640	223.870	0.611	1.209	2.547	
10	2.000	2.000	219.000	815.235	631.984	633.936	634.643	8,	635.044,	nan	nan	8.000	637.660	81.750	183.020	66.830	223.870	0.963	0.707	3.119	
10	2.000	2.000	220.000	815.235	640.793	643.714	645.144	8,	645.262,	nan	nan	8.000	648.163	44.670	183.020	81.750	149.620	1.932	1.431	2.469	
10	2.000	2.000	221.000	815.235	650.645	653.191	654.124	9,	654.611,	nan	nan	9.000	657.138	66.830	183.020	44.670	223.870	1.556	0.934	2.778	
10	2.000	2.000	222.000	815.235	659.929	662.691	663.447	8,	663.889,	nan	nan	8.000	666.460	149.620	183.020	223.870	183.020	1.773	0.756	3.344	
10	2.000	2.000	223.000	815.235	669.817	671.441	673.426	8,	673.548,	nan	nan	8.000	676.444	81.750	149.620	66.830	223.870	0.635	1.986	2.058	
10	2.000	2.000	224.000	815.235	678.515	680.530	681.184	9,	681.568,	nan	nan	9.000	684.202	81.750	183.020	44.670	223.870	1.026	0.654	2.759	
10	2.000	2.000	225.000	815.235	686.975	689.129	690.439	9,	690.891,	nan	nan	9.000	693.457	66.830	183.020	81.750	122.320	1.166	1.310	3.685	
10	2.000	2.000	226.000	815.235	697.155	699.642	700.890	8,	701.534,	nan	nan	8.000	703.903	66.830	183.020	54.640	223.870	1.498	1.248	3.260	
10	2.000	2.000	227.000	815.235	707.177	708.970	710.781	9,	710.897,	nan	nan	9.000	713.800	81.750	122.320	44.670	223.870	0.804	1.812	3.061	
10	2.000	2.000	228.000	815.235	716.876	719.656	720.445	9,	720.924,	nan	nan	9.000	723.462	81.750	122.320	54.640	183.020	1.793	0.789	2.765	
10	2.000	2.000	229.000	815.235	726.241	729.018	729.922	8,	730.151,	nan	nan	8.000	732.935	44.670	122.320	66.830	223.870	1.788	0.905	3.215	
10	2.000	2.000	230.000	815.235	736.165	738.516	739.209	8,9,	739.474,739.962,	nan	nan	9.000	742.226	81.750	122.320	44.670	183.020	1.363	0.693	2.328	
10	2.000	2.000	231.000	815.235	744.566	747.388	748.746	8,9,	749.305,749.979,	nan	nan	9.000	751.759	81.750	122.320	66.830	149.620	1.831	1.359	3.441	
10	2.000	2.000	232.000	815.235	755.214	758.091	759.850	9,	760.262,	nan	nan	9.000	762.868	66.830	122.320	44.670	183.020	1.889	1.759	3.672	
10	2.000	2.000	233.000	815.235	766.554	768.659	770.307	8,	770.392,	nan	nan	8.000	773.324	54.640	122.320	44.670	223.870	1.117	1.648	3.987	
10	2.000	2.000	234.000	815.235	777.328	780.116	780.852	8,	781.616,	nan	nan	8.000	783.870	54.640	122.320	81.750	149.620	1.802	0.736	2.219	
10	2.000	2.000	235.000	815.235	786.102	788.898	790.073	8,	790.230,	nan	nan	8.000	793.086	54.640	223.870	81.750	223.870	1.807	1.175	3.621	
10	2.000	2.000	236.000	815.235	796.720	798.831	799.528	9,9,8,	799.755,800.194,800.808,	nan	nan	8.000	802.545	66.830	183.020	81.750	149.620	1.122	0.698	2.437	
10	2.000	2.000	237.000	815.235	804.996	807.209	808.851	9,	809.209,	nan	nan	9.000	811.865	81.750	122.320	54.640	149.620	1.223	1.643	2.026	
10	2.000	2.000	238.000	815.235	813.903	816.637	817.783	8,	818.198,	nan	nan	8.000	820.795	54.640	183.020	81.750	122.320	1.744	1.146	3.003	
10	2.000	2.000	239.000	815.235	823.812	825.754	826.857	9,	827.054,	nan	nan	9.000	829.869	81.750	183.020	44.670	149.620	0.953	1.103	3.588	
10	2.000	2.000	240.000	815.235	833.470	835.649	837.041	9,	837.269,	nan	nan	9.000	840.060	81.750	223.870	44.670	149.620	1.190	1.392	2.630	
10	2.000	2.000	241.000	815.235	842.704	844.404	845.357	9,8,	845.524,847.183,	nan	nan	8.000	848.369	66.830	122.320	44.670	223.870	0.712	0.953	3.768	
10	2.000	2.000	242.000	815.235	852.152	854.981	856.209	9,	856.986,	nan	nan	9.000	859.227	66.830	223.870	81.750	149.620	1.841	1.228	3.479	
10	2.000	2.000	243.000	815.235	862.719	864.695	866.420	9,	866.492,	nan	nan	9.000	869.438	44.670	223.870	54.640	122.320	0.987	1.725	2.881	
10	2.000	2.000	244.000	815.235	872.333	873.938	875.286	8,	876.765,	nan	nan	8.000	878.305	54.640	223.870	66.830	183.020	0.616	1.349	3.511	
10	2.000	2.000	245.000	815.235	881.830	883.526	885.154	9,	885.267,	nan	nan	9.000	888.167	44.670	223.870	54.640	149.620	0.707	1.629	3.486	
10	2.000	2.000	246.000	815.235	891.673	894.110	894.696	8,	895.476,	nan	nan	8.000	897.709	44.670	149.620	81.750	122.320	1.455	0.587	2.990	
10	2.000	2.000	247.000	815.235	900.712	902.346	904.114	9,	904.426,	nan	nan	9.000	907.132	81.750	183.020	66.830	122.320	0.645	1.768	2.791	
10	2.000	2.000	248.000	815.235	909.937	911.802	912.359	8,	912.751,	nan	nan	8.000	915.372	54.640	66.830	81.750	66.830	0.876	0.558	3.659	
10	2.000	2.000	249.000	815.235	919.045	920.658	921.168	9,	921.289,	nan	nan	9.000	924.186	66.830	149.620	81.750	122.320	0.625	0.510	3.640	
10	2.000	2.000	250.000	815.235	927.840	930.544	931.940	8,	932.342,	nan	nan	8.000	934.958	44.670	149.620	54.640	122.320	1.715	1.397	2.283	
10	2.000	2.000	251.000	815.235	937.258	939.718	941.322	8,	941.479,	nan	nan	8.000	944.335	66.830	122.320	54.640	183.020	1.474	1.605	2.553	
10	2.000	2.000	252.000	815.235	946.902	948.920	950.669	8,	950.703,	nan	nan	8.000	953.683	44.670	223.870	54.640	183.020	1.031	1.749	3.312	
10	2.000	2.000	253.000	815.235	957.008	959.461	960.125	8,	960.216,	nan	nan	8.000	963.137	54.640	149.620	66.830	122.320	1.465	0.664	3.370	
10	2.000	2.000	254.000	815.235	966.521	968.641	970.313	8,	970.403,	nan	nan	8.000	973.326	66.830	122.320	54.640	223.870	1.132	1.672	3.280	
10	2.000	2.000	255.000	815.235	976.628	979.357	980.840	9,	981.189,	nan	nan	9.000	983.853	54.640	223.870	66.830	149.620	1.749	1.484	3.100	
10	2.000	2.000	256.000	815.235	986.967	989.111	990.551	8,	990.881,	nan	nan	8.000	993.564	54.640	183.020	66.830	149.620	1.156	1.441	3.653	
10	2.000	2.000	257.000	815.235	997.231	999.390	1000.603	8,	1000.670,	nan	nan	8.000	1003.621	44.670	183.020	66.830	149.620	1.170	1.214	3.781	
10	2.000	2.000	258.000	815.235	1007.422	1010.227	1011.122	8,	1011.602,	nan	nan	8.000	1014.134	44.670	223.870	66.830	183.020	1.822	0.895	3.042	
10	2.000	2.000	259.000	815.235	1017.195	1019.194	1021.146	8,	1021.458,	nan	nan	8.000	1024.159	54.640	223.870	81.750	183.020	1.016	1.952	3.524	
10	2.000	2.000	260.000	815.235	1027.696	1029.918	1031.894	9,	1032.632,	nan	nan	9.000	1034.906	54.640	223.870	81.750	149.620	1.233	1.976	3.595	
10	2.000	2.000	261.000	815.235	1038.525	1041.021	1042.176	8,	1042.343,	nan	nan	8.000	1045.189	149.620	54.640	183.020	54.640	1.518	1.156	2.392	
10	2.000	2.000	262.000	815.235	1047.595	1049.175	1050.610	8,	1050.888,	nan	nan	8.000	1053.623	44.670	223.870	66.830	149.620	0.592	1.436	2.051	
10	2.000	2.000	263.000	815.235	1055.689	1058.561	1059.138	8,9,	1059.893,1060.599,	nan	nan	9.000	1062.150	44.670	183.020	54.640	149.620	1.884	0.577	2.579	
10	2.000	2.000	264.000	815.235	1064.743	1067.022	1068.443	9,	1068.555,	nan	nan	9.000	1071.455	81.750	183.020	54.640	149.620	1.291	1.421	2.296	
10	2.000	2.000	265.000	815.235	1073.764	1076.063	1077.639	9,	1077.717,	nan	nan	9.000	1080.652	66.830	223.870	81.750	122.320	1.310	1.576	3.833	
10	2.000	2.000	266.000	815.235	1084.500	1086.803	1088.093	8,	1088.253,	nan	nan	8.000	1091.111	44.670	149.620	66.830	122.320	1.315	1.291	3.936	
10	2.000	2.000	267.000	815.235	1095.060	1097.162	1098.090	8,	1098.201,	nan	nan	8.000	1101.103	44.670	223.870	81.750	122.320	1.113	0.929	2.167	
10	2.000	2.000	268.000	815.235	1103.284	1105.804	1107.515	9,	1107.569,	nan	nan	9.000	1110.528	54.640	223.870	81.750	122.320	1.532	1.711	3.820	
10	2.000	2.000	269.000	815.235	1114.362	1117.070	1118.052	8,	1118.400,	nan	nan	8.000	1121.070	44.670	183.020	81.750	122.320	1.720	0.982	2.315	
10	2.000	2.000	270.000	815.235	1123.397	1126.078	1127.162	8,	1127.466,	nan	nan	8.000	1130.174	44.670	223.870	81.750	183.020	1.691	1.084	3.794	
10	2.000	2.000	271.000	815.235	1133.983	1135.794	1136.337	8,	1136.907,	nan	nan	8.000	1139.349	44.670	183.020	66.830	122.320	0.823	0.543	2.341	
10	2.000	2.000	272.000	815.235	1141.705	1143.197	1144.237	8,	1144.472,	nan	nan	8.000	1147.249	66.830	223.870	81.750	183.020	0.505	1.040	2.836	
10	2.000	2.000	273.000	815.235	1150.098	1152.460	1153.428	9,	1153.891,	nan	nan	9.000	1156.441	44.670	183.020	54.640	122.320	1.373	0.968	3.363	
10	2.000	2.000	274.000	815.235	1159.819	1162.069	1163.900	8,	1164.245,	nan	nan	8.000	1166.919	149.620	223.870	183.020	223.870	1.262	1.831	3.055	
10	2.000	2.000	275.000	815.235	1169.988	1172.561	1174.435	8,	1174.722,	nan	nan	8.000	1177.454	44.670	122.320	66.830	149.620	1.585	1.875	2.090	
10	2.000	2.000	276.000	815.235	1179.558	1181.466	1182.048	9,8,	1182.158,1183.125,	nan	nan	8.000	1185.061	66.830	149.620	81.750	223.870	0.920	0.582	2.977	
10	2.000	2.000	277.000	815.235	1188.052	1189.849	1190.769	9,	1190.923,	nan	nan	9.000	1193.786	54.640	223.870	66.830	122.320	0.809	0.920	3.177	
10	2.000	2.000	278.000	815.235	1196.978	1199.628	1200.441	8,	1200.717,	nan	nan	8.000	1203.460	54.640	122.320	81.750	183.020	1.662	0.814	2.932	
10	2.000	2.000	279.000	815.235	1206.409	1207.962	1208.486	8,	1208.547,	nan	nan	8.000	1211.498	66.830	149.620	81.750	183.020	0.568	0.524	2.823	
10	2.000	2.000	280.000	815.235	1214.335	1216.238	1217.457	8,	1217.812,	nan	nan	8.000	1220.475	44.670	122.320	81.750	223.870	0.915	1.219	2.180	
10	2.000	2.000	281.000	815.235	1222.668	1224.432	1225.708	8,	1225.793,	nan	nan	8.000	1228.721	54.640	149.620	81.750	183.020	0.775	1.277	2.714	
10	2.000	2.000	282.000	815.235	1231.449	1232.995	1234.691	8,8,	1234.710,1234.999,	nan	nan	8.000	1237.704	44.670	122.320	66.830	183.020	0.558	1.696	3.145	
10	2.000	2.000	283.000	815.235	1240.865	1243.147	1244.008	8,	1244.050,	nan	nan	8.000	1247.020	44.670	149.620	81.750	183.020	1.296	0.862	2.212	
10	2.000	2.000	284.000	815.235	1249.246	1251.473	1252.898	9,	1252.987,	nan	nan	9.000	1255.916	54.640	183.020	66.830	122.320	1.238	1.426	2.740	
10	2.000	2.000	285.000	815.235	1258.669	1260.670	1262.235	8,	1262.260,	nan	nan	8.000	1265.249	44.670	122.320	81.750	149.620	1.011	1.566	2.006	
10	2.000	2.000	286.000	815.235	1267.281	1269.765	1270.357	8,	1270.612,	nan	nan	8.000	1273.370	44.670	183.020	54.640	223.870	1.508	0.592	2.096	
10	2.000	2.000	287.000	815.235	1275.481	1278.391	1278.896	9,8,	1279.263,1280.066,	nan	nan	8.000	1281.913	54.640	223.870	66.830	223.870	1.923	0.505	2.251	
10	2.000	2.000	288.000	815.235	1284.178	1286.259	1286.947	8,	1287.649,	nan	nan	8.000	1289.965	44.670	149.620	81.750	223.870	1.093	0.688	3.389	
10	2.000	2.000	289.000	815.235	1293.368	1295.170	1295.708	8,	1295.746,	nan	nan	8.000	1298.725	54.640	183.020	81.750	223.870	0.814	0.539	2.862	
10	2.000	2.000	290.000	815.235	1301.601	1303.484	1304.563	8,	1304.801,	nan	nan	8.000	1307.575	54.640	149.620	81.750	223.870	0.895	1.079	3.113	
10	2.000	2.000	291.000	815.235	1310.702	1312.851	1314.845	8,	1315.078,	nan	nan	8.000	1317.864	44.670	122.320	54.640	223.870	1.161	1.995	2.984	
10	2.000	2.000	292.000	815.235	1320.863	1322.712	1323.983	8,	1324.302,	nan	nan	8.000	1327.001	44.670	149.620	66.830	223.870	0.862	1.272	3.170	
10	2.000	2.000	293.000	815.235	1330.185	1332.300	1333.099	8,	1333.412,	nan	nan	8.000	1336.117	44.670	122.320	54.640	149.620	1.127	0.799	2.232	
10	2.000	2.000	294.000	815.235	1338.362	1340.569	1341.975	8,	1342.110,	nan	nan	8.000	1344.989	44.670	122.320	81.750	183.020	1.219	1.407	2.913	
10	2.000	2.000	295.000	815.235	1347.916	1349.487	1351.163	8,	1351.230,	nan	nan	8.000	1354.176	44.670	183.020	66.830	223.870	0.582	1.677	3.267	
10	2.000	2.000	296.000	815.235	1357.457	1360.411	1362.339	8,	1362.601,	nan	nan	8.000	1365.357	66.830	122.320	81.750	223.870	1.966	1.928	2.868	
10	2.000	2.000	297.000	815.235	1368.238	1369.973	1371.929	8,	1371.958,	nan	nan	8.000	1374.943	44.670	149.620	54.640	223.870	0.746	1.957	2.457	
10	2.000	2.000	298.000	815.235	1377.415	1379.804	1381.567	8,8,	1381.593,1382.028,	nan	nan	8.000	1384.581	54.640	149.620	66.830	183.020	1.402	1.764	2.360	
10	2.000	2.000	299.000	815.235	1386.953	1388.993	1390.973	8,	1391.235,	nan	nan	8.000	1393.986	54.640	122.320	81.750	223.870	1.050	1.981	3.543	
10	2.000	2.000	300.000	815.235	1397.543	1399.066	1399.695	9,8,	1400.586,1401.149,	nan	nan	8.000	1402.708	54.640	44.670	66.830	44.670	0.534	0.630	2.148	
10	2.000	2.000	301.000	815.235	1404.868	1406.584	1407.808	8,	1408.019,	nan	nan	8.000	1410.820	54.640	149.620	66.830	223.870	0.727	1.223	2.199	
10	2.000	2.000	302.000	815.235	1413.032	1415.651	1417.404	8,	1417.651,	nan	nan	8.000	1420.423	54.640	183.020	66.830	223.870	1.629	1.754	3.968	
10	2.000	2.000	303.000	815.235	1424.405	1426.149	1426.991	8,	1427.408,	nan	nan	8.000	1430.004	66.830	122.320	81.750	183.020	0.756	0.842	3.961	
10	2.000	2.000	304.000	815.235	1433.981	1435.622	1437.192	8,	1437.310,	nan	nan	8.000	1440.211	54.640	122.320	66.830	149.620	0.654	1.571	2.682	
10	2.000	2.000	305.000	815.235	1442.906	1445.741	1447.114	8,	1447.280,	nan	nan	8.000	1450.127	54.640	149.620	81.750	122.320	1.846	1.373	3.916	
10	2.000	2.000	306.000	815.235	1454.057	1456.645	1458.452	8,	1458.557,	nan	nan	8.000	1461.470	66.830	122.320	81.750	149.620	1.600	1.807	2.720	
10	2.000	2.000	307.000	815.235	1464.203	1467.139	1468.020	8,	1468.445,	nan	nan	8.000	1471.037	44.670	122.320	54.640	183.020	1.947	0.881	3.614	
10	2.000	2.000	308.000	815.235	1474.666	1476.756	1478.080	9,8,	1478.236,1478.524,	nan	nan	8.000	1481.099	66.830	183.020	81.750	223.870	1.103	1.325	3.138	
10	2.000	2.000	309.000	815.235	1484.254	1486.906	1487.459	8,	1487.927,	nan	nan	8.000	1490.477	44.670	149.620	66.830	183.020	1.667	0.553	3.016	
10	2.000	2.000	310.000	815.235	1493.508	1495.603	1496.518	8,	1496.543,	nan	nan	8.000	1499.535	44.670	149.620	54.640	183.020	1.108	0.915	3.537	
10	2.000	2.000	311.000	815.235	1503.086	1505.732	1507.032	8,	1507.227,	nan	nan	8.000	1510.049	44.670	183.020	81.750	223.870	1.658	1.301	3.646	
10	2.000	2.000	312.000	815.235	1513.711	1515.396	1517.342	9,	1517.430,	nan	nan	9.000	1520.360	44.670	223.870	66.830	122.320	0.698	1.947	3.698	
