subjID	session	Block	trialCount	earnings	Gam1Onset	Gam2Onset	FBOnset	KPs	RT	KPlate	RTlate	KP_Final	SLOnset	Gam1_1	Gam1_2	Gam2_1	Gam2_2	jit1	jit2	jit3	
12	2.000	1.000	1.000	1000.000	81.753	84.564	86.144	9,	86.478,	8.000	89.160	9.000	89.160	321.000	-214.000	428.000	-214.000	1.822	1.580	2.219	
12	2.000	1.000	2.000	1000.000	91.389	94.086	95.777	9,	96.337,	nan	nan	9.000	98.790	-107.000	428.000	-321.000	107.000	1.706	1.691	2.476	
12	2.000	1.000	3.000	1000.000	101.275	103.472	104.362	8,	104.412,	nan	nan	8.000	107.381	-428.000	321.000	-321.000	428.000	1.204	0.891	2.643	
12	2.000	1.000	4.000	1000.000	110.034	112.510	114.273	8,	114.593,	nan	nan	8.000	117.286	-428.000	214.000	-321.000	321.000	1.484	1.764	2.232	
12	2.000	1.000	5.000	1000.000	119.527	122.293	123.926	9,	124.265,	nan	nan	9.000	126.939	-214.000	428.000	-321.000	214.000	1.773	1.633	2.598	
12	2.000	1.000	6.000	1000.000	129.546	132.220	132.869	9,	133.338,	nan	nan	9.000	135.886	-107.000	214.000	-428.000	321.000	1.682	0.650	2.907	
12	2.000	1.000	7.000	1000.000	138.808	141.375	142.487	9,	142.871,	nan	nan	9.000	145.504	-107.000	428.000	-214.000	107.000	1.580	1.113	2.251	
12	2.000	1.000	8.000	1000.000	147.765	150.622	151.681	8,	151.984,	nan	nan	8.000	154.693	-428.000	214.000	-214.000	321.000	1.865	1.059	2.868	
12	2.000	1.000	9.000	1000.000	157.572	160.409	161.946	8,	162.347,	nan	nan	8.000	164.958	-321.000	321.000	-214.000	428.000	1.846	1.537	3.865	
12	2.000	1.000	10.000	1000.000	168.833	171.618	173.376	9,	173.552,	nan	nan	9.000	176.389	-214.000	214.000	-428.000	107.000	1.793	1.759	3.498	
12	2.000	1.000	11.000	1000.000	179.904	182.860	184.272	8,	184.573,	nan	nan	8.000	187.292	-428.000	321.000	-321.000	107.000	1.971	1.412	3.190	
12	2.000	1.000	12.000	1000.000	190.507	192.702	193.732	9,	193.875,	nan	nan	9.000	196.751	-321.000	214.000	-428.000	107.000	1.219	1.031	3.556	
12	2.000	1.000	13.000	1000.000	200.323	202.229	203.582	8,	204.009,	nan	nan	8.000	206.602	-214.000	107.000	-321.000	321.000	0.920	1.354	3.601	
12	2.000	1.000	14.000	1000.000	210.222	212.838	213.521	8,	214.223,	nan	nan	8.000	216.540	321.000	107.000	428.000	107.000	1.633	0.683	2.939	
12	2.000	1.000	15.000	1000.000	219.493	221.670	222.638	9,	222.700,	nan	nan	9.000	225.655	-107.000	321.000	-428.000	107.000	1.190	0.968	2.508	
12	2.000	1.000	16.000	1000.000	228.174	230.471	232.080	9,	232.636,	nan	nan	9.000	235.092	-321.000	214.000	-214.000	107.000	1.305	1.609	3.344	
12	2.000	1.000	17.000	1000.000	238.454	240.792	242.174	9,	242.548,	nan	nan	9.000	245.192	-214.000	428.000	-321.000	107.000	1.354	1.383	2.772	
12	2.000	1.000	18.000	1000.000	247.980	249.495	250.839	9,	251.183,	nan	nan	9.000	253.851	-107.000	428.000	-214.000	214.000	0.529	1.344	3.588	
12	2.000	1.000	19.000	1000.000	257.457	259.564	260.116	9,	260.630,	nan	nan	9.000	263.135	-214.000	428.000	-428.000	107.000	1.122	0.553	2.450	
12	2.000	1.000	20.000	1000.000	265.612	268.201	268.913	8,	269.981,	nan	nan	8.000	271.925	-214.000	214.000	-321.000	321.000	1.614	0.712	2.778	
12	2.000	1.000	21.000	1000.000	274.719	276.794	277.862	8,	278.248,	nan	nan	8.000	280.875	-214.000	214.000	-107.000	321.000	1.088	1.069	3.048	
12	2.000	1.000	22.000	1000.000	283.938	286.587	287.492	9,	288.117,	nan	nan	9.000	290.510	-321.000	428.000	-214.000	107.000	1.662	0.905	3.897	
12	2.000	1.000	23.000	1000.000	294.423	296.315	297.716	9,	298.100,	nan	nan	9.000	300.729	-214.000	428.000	-107.000	214.000	0.905	1.402	2.431	
12	2.000	1.000	24.000	1000.000	303.175	304.859	305.991	8,9,	306.584,307.215,	nan	nan	9.000	309.003	-107.000	214.000	-321.000	321.000	0.698	1.132	2.611	
12	2.000	1.000	25.000	1000.000	311.630	314.572	315.593	9,	315.652,	nan	nan	9.000	318.605	-107.000	428.000	-428.000	107.000	1.957	1.021	2.650	
12	2.000	1.000	26.000	1000.000	321.276	323.678	324.901	8,	325.223,	nan	nan	8.000	327.919	-428.000	428.000	-107.000	214.000	1.421	1.223	2.437	
12	2.000	1.000	27.000	1000.000	330.371	333.185	334.509	9,	335.391,	nan	nan	9.000	337.528	-214.000	214.000	-107.000	214.000	1.826	1.325	3.408	
12	2.000	1.000	28.000	1000.000	340.958	343.861	344.684	9,	345.269,	nan	nan	9.000	347.703	-321.000	214.000	-107.000	107.000	1.923	0.823	2.367	
12	2.000	1.000	29.000	1000.000	350.080	352.054	353.282	8,9,	354.210,355.040,	nan	nan	9.000	356.295	-428.000	428.000	-214.000	107.000	0.982	1.228	3.428	
12	2.000	1.000	30.000	1000.000	359.824	361.852	363.591	9,	363.992,	nan	nan	9.000	366.603	-107.000	214.000	-428.000	107.000	1.127	1.740	2.913	
12	2.000	1.000	31.000	1000.000	369.532	371.969	373.115	9,	373.835,	nan	nan	9.000	376.133	-107.000	321.000	-428.000	428.000	1.450	1.146	2.270	
12	2.000	1.000	32.000	1000.000	378.425	379.910	381.476	8,	381.814,	nan	nan	8.000	384.488	-214.000	214.000	-321.000	428.000	0.505	1.566	2.547	
12	2.000	1.000	33.000	1000.000	387.056	389.014	390.232	9,	391.031,	nan	nan	9.000	393.245	-214.000	107.000	-321.000	214.000	0.977	1.219	3.659	
12	2.000	1.000	34.000	1000.000	396.920	398.922	399.533	9,	400.369,	nan	nan	9.000	402.551	-428.000	428.000	-321.000	107.000	1.016	0.611	2.592	
12	2.000	1.000	35.000	1000.000	405.164	407.561	408.282	8,	408.955,	nan	nan	8.000	411.295	-321.000	321.000	-428.000	428.000	1.416	0.722	2.084	
12	2.000	1.000	36.000	1000.000	413.395	416.096	417.049	8,	417.364,	nan	nan	8.000	420.068	-321.000	321.000	-107.000	214.000	1.715	0.953	3.010	
12	2.000	1.000	37.000	1000.000	423.108	425.684	426.700	9,	426.750,	nan	nan	9.000	429.718	-214.000	428.000	-107.000	107.000	1.605	1.016	2.109	
12	2.000	1.000	38.000	1000.000	431.845	433.479	434.524	9,	435.042,	nan	nan	9.000	437.535	-428.000	428.000	-107.000	107.000	0.650	1.045	3.177	
12	2.000	1.000	39.000	1000.000	440.736	443.140	444.870	9,	444.905,	nan	nan	9.000	447.888	-107.000	428.000	-214.000	321.000	1.426	1.730	3.113	
12	2.000	1.000	40.000	1000.000	451.020	453.299	455.158	8,9,	456.380,456.712,	nan	nan	9.000	458.170	-214.000	-321.000	-107.000	-321.000	1.296	1.860	2.309	
12	2.000	1.000	41.000	1000.000	460.496	462.487	463.344	9,	464.277,	nan	nan	9.000	466.362	-107.000	428.000	-428.000	214.000	1.006	0.857	2.688	
12	2.000	1.000	42.000	1000.000	469.063	472.028	473.777	9,	474.138,	nan	nan	9.000	476.789	-321.000	214.000	-428.000	321.000	1.976	1.749	2.984	
12	2.000	1.000	43.000	1000.000	479.855	481.873	482.609	8,	482.940,	nan	nan	8.000	485.622	-107.000	321.000	-214.000	428.000	1.098	0.736	2.193	
12	2.000	1.000	44.000	1000.000	487.828	490.508	492.430	8,	492.565,	nan	nan	8.000	495.442	-214.000	107.000	-107.000	321.000	1.691	1.923	2.373	
12	2.000	1.000	45.000	1000.000	497.833	500.711	501.380	9,	501.597,	nan	nan	9.000	504.391	-214.000	428.000	-321.000	321.000	1.894	0.669	2.090	
12	2.000	1.000	46.000	1000.000	506.500	509.083	510.200	8,	510.631,	nan	nan	8.000	513.212	-321.000	214.000	-107.000	428.000	1.600	1.117	2.862	
12	2.000	1.000	47.000	1000.000	516.098	518.309	519.947	8,	521.202,	nan	nan	8.000	522.966	-428.000	321.000	-214.000	107.000	1.233	1.638	2.675	
12	2.000	1.000	48.000	1000.000	525.658	527.668	529.384	8,	529.730,	nan	nan	8.000	532.403	-321.000	214.000	-214.000	321.000	1.026	1.715	2.000	
12	2.000	1.000	49.000	1000.000	534.422	537.237	538.947	8,	539.186,	nan	nan	8.000	541.960	-214.000	107.000	-107.000	428.000	1.831	1.711	2.521	
12	2.000	1.000	50.000	1000.000	544.511	546.547	547.418	8,	548.067,	nan	nan	8.000	550.431	-428.000	214.000	-214.000	107.000	1.064	0.871	3.466	
12	2.000	1.000	51.000	1000.000	553.925	556.050	557.929	9,	558.020,	nan	nan	9.000	560.949	-107.000	107.000	-428.000	214.000	1.151	1.879	2.154	
12	2.000	1.000	52.000	1000.000	563.120	565.406	566.995	9,	567.137,	nan	nan	9.000	570.013	-214.000	214.000	-428.000	428.000	1.301	1.590	2.804	
12	2.000	1.000	53.000	1000.000	572.845	574.821	575.412	8,	576.484,	nan	nan	8.000	578.424	214.000	-107.000	428.000	-107.000	1.002	0.592	2.212	
12	2.000	1.000	54.000	1000.000	580.653	582.510	583.747	9,	584.237,	nan	nan	9.000	586.760	-107.000	428.000	-321.000	214.000	0.871	1.238	2.238	
12	2.000	1.000	55.000	1000.000	589.008	591.310	592.205	8,	592.445,	nan	nan	8.000	595.217	-107.000	107.000	-214.000	214.000	1.310	0.895	2.257	
12	2.000	1.000	56.000	1000.000	597.490	600.115	600.614	8,	601.036,	nan	nan	8.000	603.626	-428.000	428.000	-214.000	321.000	1.638	0.500	2.096	
12	2.000	1.000	57.000	1000.000	605.785	608.281	609.094	9,8,	610.011,610.491,	nan	nan	8.000	612.106	-321.000	107.000	-428.000	214.000	1.556	0.814	2.482	
12	2.000	1.000	58.000	1000.000	614.599	616.351	617.203	8,	617.988,	nan	nan	8.000	620.221	-321.000	214.000	-428.000	428.000	0.760	0.852	2.624	
12	2.000	1.000	59.000	1000.000	622.862	625.138	627.099	9,8,	627.714,628.106,	nan	nan	8.000	630.112	-214.000	107.000	-428.000	428.000	1.291	1.961	3.916	
12	2.000	1.000	60.000	1000.000	634.052	636.833	638.080	9,	638.496,	nan	nan	9.000	641.100	-107.000	214.000	-321.000	107.000	1.802	1.248	3.974	
12	2.000	1.000	61.000	1000.000	645.125	646.701	648.474	9,	649.200,	nan	nan	9.000	651.492	-321.000	428.000	-428.000	321.000	0.625	1.773	3.878	
12	2.000	1.000	62.000	1000.000	655.411	658.082	659.966	8,	660.073,	nan	nan	8.000	662.979	-428.000	214.000	-321.000	428.000	1.711	1.884	3.473	
12	2.000	1.000	63.000	1000.000	666.479	668.176	668.796	8,	669.109,	nan	nan	8.000	671.815	-428.000	214.000	-107.000	321.000	0.722	0.621	2.527	
12	2.000	1.000	64.000	1000.000	674.359	676.317	677.096	9,	678.839,	nan	nan	9.000	680.109	-107.000	321.000	-321.000	107.000	0.973	0.780	3.486	
12	2.000	1.000	65.000	1000.000	683.612	685.588	687.024	9,	687.395,	nan	nan	9.000	690.042	-214.000	428.000	-428.000	321.000	0.992	1.436	2.553	
12	2.000	1.000	66.000	1000.000	692.631	694.405	695.590	8,	695.932,	nan	nan	8.000	698.603	214.000	107.000	428.000	107.000	0.809	1.185	3.331	
12	2.000	1.000	67.000	1000.000	701.946	704.531	706.487	9,	706.533,	nan	nan	9.000	709.500	-107.000	214.000	-428.000	428.000	1.595	1.957	2.765	
12	2.000	1.000	68.000	1000.000	712.287	714.177	714.740	9,	716.328,	nan	nan	9.000	717.751	-428.000	428.000	-321.000	214.000	0.910	0.563	3.955	
12	2.000	1.000	69.000	1000.000	721.724	724.699	725.975	9,	726.129,	nan	nan	9.000	728.987	-214.000	107.000	-428.000	214.000	1.990	1.277	2.894	
12	2.000	1.000	70.000	1000.000	731.917	734.401	735.918	9,	736.459,	nan	nan	9.000	738.931	-214.000	321.000	-321.000	107.000	1.518	1.518	2.264	
12	2.000	1.000	71.000	1000.000	741.229	743.377	744.006	8,	744.519,	nan	nan	8.000	747.025	-107.000	214.000	-214.000	321.000	1.180	0.630	2.585	
12	2.000	1.000	72.000	1000.000	749.623	751.378	753.045	8,	753.442,	nan	nan	8.000	756.058	-321.000	214.000	-107.000	321.000	0.765	1.667	2.341	
12	2.000	1.000	73.000	1000.000	758.409	761.343	763.024	8,	763.150,	nan	nan	8.000	766.037	-428.000	428.000	-214.000	214.000	1.942	1.682	3.749	
12	2.000	1.000	74.000	1000.000	769.815	771.448	773.119	9,	773.139,	nan	nan	9.000	776.138	-214.000	428.000	-428.000	214.000	0.659	1.672	2.720	
12	2.000	1.000	75.000	1000.000	778.898	781.701	783.122	8,	783.171,	nan	nan	8.000	786.141	-214.000	214.000	-107.000	428.000	1.841	1.421	3.833	
12	2.000	1.000	76.000	1000.000	790.017	791.572	792.733	8,	792.803,	nan	nan	8.000	795.745	-428.000	107.000	-107.000	214.000	0.596	1.161	3.871	
12	2.000	1.000	77.000	1000.000	799.648	801.962	802.606	9,	803.188,	nan	nan	9.000	805.619	-214.000	107.000	-428.000	321.000	1.344	0.645	3.023	
12	2.000	1.000	78.000	1000.000	808.692	811.421	812.215	9,	812.303,	nan	nan	9.000	815.227	-107.000	428.000	-321.000	321.000	1.778	0.794	3.762	
12	2.000	1.000	79.000	1000.000	819.010	821.422	822.129	8,	822.747,	nan	nan	8.000	825.148	-321.000	428.000	-107.000	428.000	1.431	0.707	2.740	
12	2.000	1.000	80.000	1000.000	827.936	829.944	831.876	9,	832.148,	nan	nan	9.000	834.889	-107.000	428.000	-428.000	321.000	1.055	1.932	3.241	
12	2.000	1.000	81.000	1000.000	838.173	839.989	840.604	9,	840.810,	nan	nan	9.000	843.621	-107.000	321.000	-214.000	107.000	0.857	0.616	3.138	
12	2.000	1.000	82.000	1000.000	846.782	849.525	850.276	9,	850.613,	nan	nan	9.000	853.293	-214.000	321.000	-107.000	214.000	1.764	0.751	3.691	
12	2.000	1.000	83.000	1000.000	857.021	859.856	860.390	8,	861.007,	nan	nan	8.000	863.402	-321.000	107.000	-107.000	214.000	1.870	0.534	2.489	
12	2.000	1.000	84.000	1000.000	865.928	867.393	869.234	8,	869.727,	nan	nan	8.000	872.254	-428.000	107.000	-214.000	321.000	0.500	1.841	3.775	
12	2.000	1.000	85.000	1000.000	876.100	878.443	879.984	8,	881.050,	9.000	882.997	8.000	882.997	-428.000	214.000	-321.000	107.000	1.412	1.542	3.447	
12	2.000	1.000	86.000	1000.000	886.482	888.640	890.384	8,	890.717,	nan	nan	8.000	893.403	-428.000	107.000	-214.000	214.000	1.195	1.744	3.003	
12	2.000	1.000	87.000	1000.000	896.450	899.288	900.087	8,	900.105,	nan	nan	8.000	903.099	-428.000	107.000	-107.000	321.000	1.879	0.799	3.087	
12	2.000	1.000	88.000	1000.000	906.204	908.156	909.991	9,	910.483,	nan	nan	9.000	913.009	-214.000	428.000	-107.000	321.000	0.968	1.836	3.788	
12	2.000	1.000	89.000	1000.000	916.816	918.810	919.648	8,	920.003,	nan	nan	8.000	922.667	-321.000	214.000	-214.000	428.000	1.011	0.838	3.627	
12	2.000	1.000	90.000	1000.000	926.326	928.688	930.345	8,	930.410,	nan	nan	8.000	933.365	-428.000	428.000	-107.000	321.000	1.392	1.658	2.849	
12	2.000	1.000	91.000	1000.000	936.262	938.651	940.048	8,	940.091,	nan	nan	8.000	943.068	-321.000	107.000	-214.000	214.000	1.436	1.397	2.669	
12	2.000	1.000	92.000	1000.000	945.795	947.986	949.465	9,	950.967,	8.000	952.477	9.000	952.477	-321.000	-428.000	-107.000	-428.000	1.248	1.479	3.228	
12	2.000	1.000	93.000	1000.000	955.717	958.268	959.588	8,	959.622,	nan	nan	8.000	962.607	-107.000	107.000	-321.000	321.000	1.561	1.320	2.032	
12	2.000	1.000	94.000	1000.000	964.669	966.252	967.701	9,	968.359,	nan	nan	9.000	970.713	-107.000	321.000	-321.000	428.000	0.611	1.450	2.733	
12	2.000	1.000	95.000	1000.000	973.470	975.518	977.242	9,	977.612,	nan	nan	9.000	980.261	-214.000	321.000	-321.000	214.000	1.069	1.725	2.836	
12	2.000	1.000	96.000	1000.000	983.114	985.645	987.423	9,	987.549,	nan	nan	9.000	990.436	-214.000	321.000	-428.000	214.000	1.547	1.778	2.103	
12	2.000	1.000	97.000	1000.000	992.551	995.266	996.952	9,	997.720,	nan	nan	9.000	999.971	-107.000	214.000	-321.000	428.000	1.725	1.686	3.254	
12	2.000	1.000	98.000	1000.000	1003.237	1005.615	1007.528	9,	1007.960,	nan	nan	9.000	1010.547	-428.000	321.000	-107.000	107.000	1.387	1.913	3.260	
12	2.000	1.000	99.000	1000.000	1013.908	1016.727	1017.728	8,	1017.960,	nan	nan	8.000	1020.740	-321.000	428.000	-107.000	321.000	1.918	1.002	2.572	
12	2.000	1.000	100.000	1000.000	1023.333	1025.987	1027.012	9,	1027.399,	nan	nan	9.000	1030.024	-214.000	321.000	-428.000	107.000	1.672	1.026	3.524	
12	2.000	1.000	101.000	1000.000	1033.572	1035.581	1036.944	9,	1037.308,	nan	nan	9.000	1039.956	-107.000	321.000	-428.000	214.000	1.031	1.363	2.322	
12	2.000	1.000	102.000	1000.000	1042.291	1044.831	1045.403	8,	1045.805,	nan	nan	8.000	1048.416	-428.000	321.000	-214.000	428.000	1.551	0.572	3.910	
12	2.000	1.000	103.000	1000.000	1052.354	1053.958	1055.712	9,	1056.023,	nan	nan	9.000	1058.730	-428.000	428.000	-321.000	321.000	0.630	1.754	3.717	
12	2.000	1.000	104.000	1000.000	1062.471	1065.300	1067.005	9,	1067.378,	nan	nan	9.000	1070.024	-321.000	428.000	-428.000	107.000	1.850	1.706	2.695	
12	2.000	1.000	105.000	1000.000	1072.780	1075.035	1076.900	8,	1077.250,	nan	nan	8.000	1079.920	214.000	-214.000	321.000	-214.000	1.315	1.865	3.203	
12	2.000	1.000	106.000	1000.000	1083.140	1086.028	1087.854	9,	1088.348,	nan	nan	9.000	1090.867	-107.000	107.000	-321.000	214.000	1.904	1.826	3.511	
12	2.000	1.000	107.000	1000.000	1094.415	1096.951	1098.739	8,	1099.148,	nan	nan	8.000	1101.758	-214.000	107.000	-107.000	214.000	1.571	1.788	3.768	
12	2.000	1.000	108.000	1000.000	1105.566	1107.800	1109.177	nan	nan	9.000	1112.222	nan	nan	-321.000	428.000	-107.000	214.000	1.272	1.378	3.884	
12	2.000	1.000	109.000	1000.000	1116.122	1117.855	1118.793	8,	1118.857,	nan	nan	8.000	1121.806	-107.000	107.000	-214.000	321.000	0.746	0.939	3.723	
12	2.000	1.000	110.000	1000.000	1125.584	1128.469	1130.073	8,	1130.567,	nan	nan	8.000	1133.085	-321.000	107.000	-107.000	321.000	1.937	1.605	3.235	
12	2.000	1.000	111.000	1000.000	1136.337	1138.796	1140.593	9,	1140.638,	nan	nan	9.000	1143.606	-321.000	428.000	-428.000	214.000	1.474	1.797	3.080	
12	2.000	1.000	112.000	1000.000	1146.710	1149.298	1150.559	8,	1150.736,	nan	nan	8.000	1153.579	-428.000	321.000	-321.000	214.000	1.609	1.262	2.707	
12	2.000	1.000	113.000	1000.000	1156.309	1158.946	1160.285	9,	1160.453,	nan	nan	9.000	1163.304	-321.000	428.000	-107.000	107.000	1.658	1.339	3.666	
12	2.000	1.000	114.000	1000.000	1166.984	1168.516	1170.023	8,	1170.185,	nan	nan	8.000	1173.042	-428.000	214.000	-214.000	428.000	0.543	1.508	2.122	
12	2.000	1.000	115.000	1000.000	1175.198	1177.424	1178.102	9,	1178.488,	nan	nan	9.000	1181.114	-321.000	321.000	-107.000	107.000	1.257	0.678	2.701	
12	2.000	1.000	116.000	1000.000	1183.826	1185.409	1187.379	9,	1187.535,	nan	nan	9.000	1190.392	-214.000	321.000	-107.000	107.000	0.592	1.971	2.759	
12	2.000	1.000	117.000	1000.000	1193.174	1195.883	1196.798	9,	1197.052,	nan	nan	9.000	1199.815	-321.000	321.000	-428.000	107.000	1.730	0.915	3.209	
12	2.000	1.000	118.000	1000.000	1203.041	1205.076	1207.076	8,8,	1207.215,1207.389,	nan	nan	8.000	1210.095	214.000	107.000	321.000	107.000	1.050	2.000	2.945	
12	2.000	1.000	119.000	1000.000	1213.057	1215.280	1217.126	9,	1217.282,	nan	nan	9.000	1220.138	-321.000	321.000	-428.000	214.000	1.238	1.846	3.839	
12	2.000	1.000	120.000	1000.000	1223.990	1226.734	1227.634	8,9,8,	1227.684,1227.887,1228.946,	nan	nan	8.000	1230.652	-321.000	107.000	-428.000	321.000	1.754	0.900	2.167	
12	2.000	1.000	121.000	1000.000	1233.134	1235.064	1236.639	9,	1236.874,	nan	nan	9.000	1239.652	-321.000	321.000	-214.000	107.000	1.243	1.576	3.042	
12	2.000	1.000	122.000	1000.000	1242.715	1245.657	1246.890	8,	1246.977,	nan	nan	8.000	1249.909	-321.000	107.000	-214.000	428.000	1.961	1.233	3.891	
12	2.000	1.000	123.000	1000.000	1253.825	1255.403	1257.224	8,	1257.384,	nan	nan	8.000	1260.236	-321.000	428.000	-214.000	321.000	0.601	1.822	3.395	
12	2.000	1.000	124.000	1000.000	1263.648	1266.079	1266.806	8,	1266.894,	nan	nan	8.000	1269.824	-428.000	107.000	-321.000	428.000	1.445	0.727	2.926	
12	2.000	1.000	125.000	1000.000	1272.764	1274.330	1275.427	8,	1275.797,	nan	nan	8.000	1278.440	-321.000	428.000	-214.000	214.000	0.577	1.098	3.196	
12	2.000	1.000	126.000	1000.000	1281.673	1283.529	1284.695	9,	1284.778,	nan	nan	9.000	1287.711	-107.000	214.000	-214.000	107.000	0.891	1.166	3.923	
12	2.000	1.000	127.000	1000.000	1291.667	1294.564	1296.033	8,	1296.083,	nan	nan	8.000	1299.052	-428.000	321.000	-214.000	214.000	1.928	1.469	2.225	
12	2.000	1.000	128.000	1000.000	1301.295	1302.924	1304.219	8,	1304.388,	nan	nan	8.000	1307.238	-321.000	321.000	-107.000	428.000	0.645	1.296	2.174	
12	2.000	1.000	129.000	1000.000	1309.430	1311.762	1312.358	8,	1312.421,	nan	nan	8.000	1315.371	-107.000	214.000	-214.000	428.000	1.349	0.596	3.158	
12	2.000	1.000	130.000	1000.000	1318.547	1320.445	1321.379	9,	1322.293,	nan	nan	9.000	1324.391	-107.000	321.000	-214.000	214.000	0.915	0.934	2.077	
12	2.000	1.000	131.000	1000.000	1326.509	1328.573	1329.247	8,8,	1329.432,1329.652,	nan	nan	8.000	1332.266	-321.000	428.000	-214.000	428.000	1.103	0.674	2.180	
12	2.000	1.000	132.000	1000.000	1334.465	1337.149	1338.710	8,	1338.746,	nan	nan	8.000	1341.728	-428.000	107.000	-321.000	321.000	1.701	1.561	2.514	
12	2.000	1.000	133.000	1000.000	1344.262	1346.612	1348.043	8,8,	1348.792,1349.008,	nan	nan	8.000	1351.062	-428.000	107.000	-321.000	214.000	1.368	1.431	2.810	
12	2.000	1.000	134.000	1000.000	1353.890	1356.045	1358.011	9,	1358.113,	nan	nan	9.000	1361.023	-214.000	321.000	-321.000	428.000	1.170	1.966	3.633	
12	2.000	1.000	135.000	1000.000	1364.678	1366.453	1367.825	8,	1368.021,	nan	nan	8.000	1370.838	-428.000	214.000	-107.000	428.000	0.794	1.373	3.614	
12	2.000	1.000	136.000	1000.000	1374.472	1376.138	1377.115	9,9,	1377.139,1377.385,	nan	nan	9.000	1380.134	-107.000	107.000	-428.000	321.000	0.683	0.977	2.817	
12	2.000	1.000	137.000	1000.000	1382.968	1384.795	1386.563	8,	1386.675,	nan	nan	8.000	1389.577	-321.000	107.000	-428.000	428.000	0.842	1.768	3.312	
12	2.000	1.000	138.000	1000.000	1392.901	1395.775	1396.439	8,8,	1396.540,1396.797,	nan	nan	8.000	1399.458	-428.000	321.000	-107.000	428.000	1.884	0.664	2.540	
12	2.000	1.000	139.000	1000.000	1402.050	1404.137	1405.659	8,	1405.906,	nan	nan	8.000	1408.672	-321.000	107.000	-214.000	321.000	1.137	1.523	3.678	
12	2.000	1.000	140.000	1000.000	1412.367	1414.021	1415.635	8,8,	1415.783,1416.025,	nan	nan	8.000	1418.655	-321.000	107.000	-107.000	428.000	0.669	1.614	3.357	
12	2.000	1.000	141.000	1000.000	1422.030	1424.507	1425.933	8,8,	1426.071,1426.285,	nan	nan	8.000	1428.952	-214.000	321.000	-107.000	428.000	1.494	1.426	2.469	
12	2.000	1.000	142.000	1000.000	1431.490	1433.348	1434.040	8,8,8,	1434.172,1434.405,1434.731,	nan	nan	8.000	1437.060	-428.000	321.000	-107.000	214.000	0.924	0.693	3.325	
12	2.000	1.000	143.000	1000.000	1440.423	1442.272	1443.327	9,9,	1443.372,1443.618,	nan	nan	9.000	1446.346	-214.000	214.000	-428.000	321.000	0.886	1.055	3.453	
12	2.000	1.000	144.000	1000.000	1449.835	1452.208	1453.740	8,8,	1454.481,1454.752,	nan	nan	8.000	1456.759	-321.000	-428.000	-214.000	-428.000	1.407	1.532	3.119	
12	2.000	1.000	145.000	1000.000	1459.921	1461.833	1462.665	9,	1463.060,	nan	nan	9.000	1465.677	-214.000	214.000	-321.000	107.000	0.953	0.833	3.299	
12	2.000	1.000	146.000	1000.000	1468.997	1471.091	1472.893	8,	1472.975,	nan	nan	8.000	1475.910	-428.000	107.000	-107.000	428.000	1.113	1.802	3.132	
12	2.000	1.000	147.000	1000.000	1479.073	1481.571	1482.645	9,	1482.726,	nan	nan	9.000	1485.664	-214.000	214.000	-107.000	107.000	1.527	1.074	2.141	
12	2.000	1.000	148.000	1000.000	1487.845	1489.620	1490.308	9,9,9,	1490.322,1490.605,1490.871,	nan	nan	9.000	1493.321	-107.000	321.000	-321.000	214.000	0.814	0.688	3.100	
12	2.000	1.000	149.000	1000.000	1496.607	1498.222	1499.363	8,	1499.581,	nan	nan	8.000	1502.376	-428.000	107.000	-214.000	428.000	0.799	1.141	2.797	
12	2.000	1.000	150.000	1000.000	1505.191	1506.888	1508.878	8,	1508.941,	nan	nan	8.000	1511.898	-107.000	107.000	-214.000	428.000	0.712	1.990	2.302	
12	2.000	1.000	151.000	1000.000	1514.212	1516.575	1517.639	8,8,8,8,	1517.802,1518.027,1518.256,1518.468,	nan	nan	8.000	1520.652	-107.000	107.000	-428.000	428.000	1.373	1.064	2.932	
12	2.000	1.000	152.000	1000.000	1523.596	1526.230	1527.732	9,8,	1528.400,1528.819,	nan	nan	8.000	1530.752	-428.000	214.000	-107.000	107.000	1.643	1.503	3.286	
12	2.000	1.000	153.000	1000.000	1534.059	1535.713	1536.806	8,	1536.960,	nan	nan	8.000	1539.825	-321.000	321.000	-214.000	214.000	0.674	1.093	3.068	
12	2.000	1.000	154.000	1000.000	1542.911	1544.978	1545.762	8,8,	1546.081,1546.337,	nan	nan	8.000	1548.781	-214.000	107.000	-321.000	428.000	1.084	0.785	2.386	
12	2.000	1.000	155.000	1000.000	1551.191	1553.672	1555.267	9,	1555.869,	nan	nan	9.000	1558.281	-214.000	321.000	-428.000	428.000	1.503	1.595	2.958	
12	2.000	1.000	156.000	1000.000	1561.314	1563.975	1564.629	8,	1564.914,	nan	nan	8.000	1567.648	-107.000	107.000	-321.000	428.000	1.735	0.654	3.736	
12	2.000	2.000	157.000	1000.000	47.596	50.248	51.732	8,	51.825,	nan	nan	8.000	54.748	321.000	-107.000	428.000	-107.000	1.653	1.484	3.402	
12	2.000	2.000	158.000	1000.000	58.196	60.872	61.912	9,9,	62.116,62.328,	nan	nan	9.000	64.925	-428.000	428.000	-214.000	107.000	1.720	1.040	2.746	
12	2.000	2.000	159.000	1000.000	67.691	69.501	70.946	8,8,	71.299,71.575,	nan	nan	8.000	73.959	-214.000	107.000	-321.000	321.000	0.828	1.445	2.971	
12	2.000	2.000	160.000	1000.000	76.950	79.884	81.715	8,	81.744,	nan	nan	8.000	84.735	-428.000	428.000	-107.000	214.000	1.952	1.831	2.823	
12	2.000	2.000	161.000	1000.000	87.602	89.509	90.631	9,	90.710,	nan	nan	9.000	93.649	-214.000	428.000	-321.000	214.000	0.949	1.122	3.518	
12	2.000	2.000	162.000	1000.000	97.210	98.721	99.568	9,9,	99.654,99.944,	nan	nan	9.000	102.587	-428.000	428.000	-321.000	107.000	0.553	0.847	2.682	
12	2.000	2.000	163.000	1000.000	105.313	107.533	108.076	8,	108.189,	nan	nan	8.000	111.088	-428.000	321.000	-321.000	428.000	1.262	0.543	2.617	
12	2.000	2.000	164.000	1000.000	113.747	115.574	116.889	9,	117.172,	nan	nan	9.000	119.907	-214.000	428.000	-428.000	107.000	0.867	1.315	3.608	
12	2.000	2.000	165.000	1000.000	123.549	125.663	127.475	9,	127.634,	nan	nan	9.000	130.489	-321.000	214.000	-428.000	107.000	1.146	1.812	2.045	
12	2.000	2.000	166.000	1000.000	132.574	134.668	135.442	8,	135.921,	nan	nan	8.000	138.460	-321.000	321.000	-428.000	428.000	1.132	0.775	3.672	
12	2.000	2.000	167.000	1000.000	142.160	144.642	145.600	9,	145.673,	nan	nan	9.000	148.613	-107.000	321.000	-428.000	428.000	1.508	0.958	2.283	
12	2.000	2.000	168.000	1000.000	150.916	152.673	153.843	9,	153.979,	nan	nan	9.000	156.861	-107.000	214.000	-321.000	321.000	0.775	1.170	3.106	
12	2.000	2.000	169.000	1000.000	159.982	162.333	163.344	9,	163.803,	nan	nan	9.000	166.357	-428.000	321.000	-321.000	107.000	1.363	1.011	3.441	
12	2.000	2.000	170.000	1000.000	169.832	172.138	173.130	8,	173.197,	nan	nan	8.000	176.143	321.000	107.000	428.000	107.000	1.339	0.992	2.457	
12	2.000	2.000	171.000	1000.000	178.640	180.116	180.775	9,	181.040,	nan	nan	9.000	183.795	-107.000	214.000	-428.000	107.000	0.514	0.659	2.135	
12	2.000	2.000	172.000	1000.000	186.151	188.700	190.010	8,	190.088,	nan	nan	8.000	193.030	-321.000	321.000	-107.000	214.000	1.768	1.310	4.000	
12	2.000	2.000	173.000	1000.000	197.049	199.945	201.544	9,	201.924,	nan	nan	9.000	204.558	-214.000	107.000	-321.000	214.000	1.913	1.600	3.814	
12	2.000	2.000	174.000	1000.000	208.437	210.896	211.724	9,9,	211.866,212.142,	nan	nan	9.000	214.737	-214.000	214.000	-321.000	321.000	1.523	0.828	3.820	
12	2.000	2.000	175.000	1000.000	218.573	220.768	222.054	9,	222.077,	nan	nan	9.000	225.073	-107.000	214.000	-428.000	321.000	1.209	1.286	3.685	
12	2.000	2.000	176.000	1000.000	228.778	231.041	233.016	9,	233.153,	nan	nan	9.000	236.036	-107.000	321.000	-428.000	107.000	1.281	1.976	2.887	
12	2.000	2.000	177.000	1000.000	238.944	240.662	241.933	9,8,	241.960,242.223,	nan	nan	8.000	244.946	-107.000	428.000	-214.000	321.000	0.736	1.272	3.807	
12	2.000	2.000	178.000	1000.000	248.786	251.563	253.451	8,	253.487,	nan	nan	8.000	256.470	-321.000	321.000	-214.000	428.000	1.807	1.889	3.492	
12	2.000	2.000	179.000	1000.000	259.981	262.434	262.962	9,	263.148,	nan	nan	9.000	265.975	-321.000	428.000	-214.000	107.000	1.469	0.529	2.051	
12	2.000	2.000	180.000	1000.000	268.066	270.069	271.017	9,	271.241,	nan	nan	9.000	274.035	-214.000	428.000	-107.000	107.000	1.040	0.949	3.183	
12	2.000	2.000	181.000	1000.000	277.243	279.507	280.643	9,	280.738,	nan	nan	9.000	283.663	-107.000	428.000	-428.000	107.000	1.286	1.137	3.563	
12	2.000	2.000	182.000	1000.000	287.296	288.800	290.737	8,	290.835,	nan	nan	8.000	293.751	-428.000	214.000	-214.000	321.000	0.572	1.937	3.942	
12	2.000	2.000	183.000	1000.000	297.826	299.870	301.310	9,	301.372,	nan	nan	9.000	304.323	-214.000	428.000	-107.000	428.000	1.175	1.441	2.315	
12	2.000	2.000	184.000	1000.000	306.664	308.801	310.261	9,	310.347,	nan	nan	9.000	313.279	-214.000	214.000	-107.000	321.000	1.161	1.460	3.846	
12	2.000	2.000	185.000	1000.000	317.159	318.930	320.578	9,	320.694,	nan	nan	9.000	323.597	-428.000	428.000	-107.000	107.000	0.804	1.648	3.479	
12	2.000	2.000	186.000	1000.000	327.143	328.641	329.845	9,	330.542,	nan	nan	9.000	332.858	-107.000	428.000	-321.000	107.000	0.563	1.204	2.186	
12	2.000	2.000	187.000	1000.000	335.073	337.313	339.188	9,	339.629,	nan	nan	9.000	342.201	-321.000	214.000	-107.000	107.000	1.267	1.875	3.074	
12	2.000	2.000	188.000	1000.000	345.313	346.898	347.504	9,9,8,9,9,	347.533,347.784,347.984,349.093,349.303,	nan	nan	9.000	350.516	-214.000	214.000	-321.000	428.000	0.621	0.606	2.199	
12	2.000	2.000	189.000	1000.000	352.840	355.476	356.969	9,	357.039,	nan	nan	9.000	359.989	-214.000	214.000	-428.000	107.000	1.759	1.494	3.621	
12	2.000	2.000	190.000	1000.000	363.645	366.196	367.140	9,	367.238,	nan	nan	9.000	370.160	-214.000	428.000	-321.000	107.000	1.585	0.944	2.244	
12	2.000	2.000	191.000	1000.000	372.421	375.401	377.121	8,8,	377.352,377.578,	nan	nan	8.000	380.135	-428.000	214.000	-321.000	321.000	1.995	1.720	2.920	
12	2.000	2.000	192.000	1000.000	383.072	384.880	386.074	9,	386.323,	nan	nan	9.000	389.093	-107.000	428.000	-214.000	214.000	0.823	1.195	2.842	
12	2.000	2.000	193.000	1000.000	391.955	394.267	395.818	9,	396.011,	nan	nan	9.000	398.831	-107.000	428.000	-214.000	107.000	1.330	1.551	3.350	
12	2.000	2.000	194.000	1000.000	402.199	404.228	405.437	9,	405.611,	nan	nan	9.000	408.450	-214.000	428.000	-107.000	214.000	1.045	1.209	3.968	
12	2.000	2.000	195.000	1000.000	412.430	415.420	416.296	8,	416.751,	nan	nan	8.000	419.308	-321.000	214.000	-214.000	107.000	2.000	0.876	3.576	
12	2.000	2.000	196.000	1000.000	422.902	424.492	425.069	nan	nan	nan	nan	nan	nan	-214.000	-428.000	-107.000	-428.000	0.606	0.577	2.630	
12	2.000	2.000	197.000	1000.000	430.772	432.527	433.109	8,	433.280,	nan	nan	8.000	436.121	-321.000	214.000	-107.000	321.000	0.785	0.582	3.029	
12	2.000	2.000	198.000	1000.000	439.180	441.246	442.445	9,	442.701,	nan	nan	9.000	445.462	-107.000	428.000	-428.000	214.000	1.093	1.199	3.273	
12	2.000	2.000	199.000	1000.000	448.748	451.202	451.919	8,	451.986,	nan	nan	8.000	454.938	-321.000	214.000	-214.000	321.000	1.465	0.717	2.071	
12	2.000	2.000	200.000	1000.000	457.265	459.032	459.556	9,	459.712,	nan	nan	9.000	462.575	-107.000	214.000	-428.000	428.000	1.021	0.524	3.383	
12	2.000	2.000	201.000	1000.000	466.096	468.492	469.541	8,	469.972,	nan	nan	8.000	472.555	-428.000	214.000	-214.000	107.000	1.532	1.050	3.994	
12	2.000	2.000	202.000	1000.000	476.686	479.459	480.262	9,	480.418,	nan	nan	9.000	483.274	-107.000	214.000	-321.000	107.000	1.908	0.804	3.531	
12	2.000	2.000	203.000	1000.000	486.826	488.794	489.603	8,8,	489.816,490.163,	nan	nan	8.000	492.615	-214.000	107.000	-428.000	428.000	0.987	0.809	2.990	
12	2.000	2.000	204.000	1000.000	495.617	497.484	499.180	9,	499.371,	nan	nan	9.000	502.198	-214.000	107.000	-428.000	214.000	0.876	1.696	3.222	
12	2.000	2.000	205.000	1000.000	505.466	507.636	509.453	9,	509.652,	nan	nan	9.000	512.467	-107.000	428.000	-321.000	214.000	1.214	1.817	2.058	
12	2.000	2.000	206.000	1000.000	514.601	517.006	518.012	9,9,	518.222,518.485,	nan	nan	9.000	521.025	-107.000	107.000	-428.000	214.000	1.479	1.006	3.421	
12	2.000	2.000	207.000	1000.000	524.464	526.165	527.417	8,	527.471,	nan	nan	8.000	530.434	-107.000	214.000	-214.000	321.000	0.717	1.252	3.093	
12	2.000	2.000	208.000	1000.000	533.546	535.218	536.036	9,	536.502,	nan	nan	9.000	539.053	-214.000	107.000	-107.000	428.000	0.688	0.818	3.505	
12	2.000	2.000	209.000	1000.000	542.576	544.315	546.243	8,	546.277,	nan	nan	8.000	549.263	214.000	-428.000	428.000	-428.000	0.756	1.928	2.534	
12	2.000	2.000	210.000	1000.000	551.826	554.389	555.144	9,	555.394,	nan	nan	9.000	558.162	-321.000	428.000	-428.000	321.000	1.590	0.756	2.727	
12	2.000	2.000	211.000	1000.000	560.929	562.506	563.590	8,	564.014,	nan	nan	8.000	566.608	-214.000	107.000	-107.000	321.000	0.616	1.084	3.376	
12	2.000	2.000	212.000	1000.000	570.024	571.689	572.970	9,	573.119,	nan	nan	9.000	575.984	-214.000	428.000	-321.000	321.000	0.703	1.281	2.379	
12	2.000	2.000	213.000	1000.000	578.375	580.994	582.482	9,	582.532,	nan	nan	9.000	585.495	-214.000	214.000	-428.000	428.000	1.629	1.489	2.952	
12	2.000	2.000	214.000	1000.000	588.459	591.348	593.140	8,	593.605,	nan	nan	8.000	596.153	-428.000	321.000	-214.000	107.000	1.899	1.793	2.354	
12	2.000	2.000	215.000	1000.000	598.546	600.949	602.356	9,	602.846,	nan	nan	9.000	605.375	-107.000	428.000	-321.000	321.000	1.441	1.407	3.582	
12	2.000	2.000	216.000	1000.000	608.987	611.038	611.900	9,	612.112,	8.000	614.912	9.000	614.912	-321.000	107.000	-428.000	214.000	1.079	0.862	2.399	
12	2.000	2.000	217.000	1000.000	617.331	620.187	621.840	9,	621.929,	nan	nan	9.000	624.860	-428.000	428.000	-321.000	214.000	1.875	1.653	3.987	
12	2.000	2.000	218.000	1000.000	629.060	631.637	633.222	8,	633.657,	nan	nan	8.000	636.235	-428.000	214.000	-321.000	428.000	1.788	1.585	3.794	
12	2.000	2.000	219.000	1000.000	640.070	641.758	642.865	8,	642.925,	nan	nan	8.000	645.884	-107.000	321.000	-214.000	428.000	0.727	1.108	2.334	
12	2.000	2.000	220.000	1000.000	648.238	650.916	652.767	8,	652.952,	nan	nan	8.000	655.780	-428.000	107.000	-107.000	214.000	1.696	1.850	2.360	
12	2.000	2.000	221.000	1000.000	658.165	660.684	661.594	8,	661.691,	nan	nan	8.000	664.613	-428.000	428.000	-214.000	214.000	1.542	0.910	3.698	
12	2.000	2.000	222.000	1000.000	668.377	670.936	671.856	8,	672.147,	nan	nan	8.000	674.868	214.000	321.000	428.000	321.000	1.624	0.920	3.569	
12	2.000	2.000	223.000	1000.000	678.477	680.147	681.953	9,	682.162,	nan	nan	9.000	684.968	-214.000	321.000	-321.000	107.000	0.707	1.807	3.904	
12	2.000	2.000	224.000	1000.000	688.912	690.624	691.838	9,9,	691.928,692.190,	nan	nan	9.000	694.857	-214.000	107.000	-428.000	321.000	0.751	1.214	2.977	
12	2.000	2.000	225.000	1000.000	697.880	699.795	701.096	8,	701.146,	nan	nan	8.000	704.114	-107.000	107.000	-214.000	214.000	0.958	1.301	3.936	
12	2.000	2.000	226.000	1000.000	708.097	709.706	710.886	8,8,	710.956,711.183,	nan	nan	8.000	713.899	-428.000	214.000	-107.000	321.000	0.654	1.180	2.013	
12	2.000	2.000	227.000	1000.000	715.956	717.988	718.526	8,	718.595,	nan	nan	8.000	721.539	-321.000	214.000	-107.000	428.000	1.074	0.539	3.949	
12	2.000	2.000	228.000	1000.000	725.533	728.109	729.096	8,	729.285,	nan	nan	8.000	732.109	-321.000	214.000	-428.000	428.000	1.619	0.987	2.405	
12	2.000	2.000	229.000	1000.000	734.547	737.183	737.702	8,9,	737.854,738.156,	nan	nan	9.000	740.721	-321.000	214.000	-428.000	321.000	1.667	0.519	3.595	
12	2.000	2.000	230.000	1000.000	744.344	746.542	748.160	9,	748.280,	nan	nan	9.000	751.178	-214.000	428.000	-428.000	321.000	1.223	1.619	3.704	
12	2.000	2.000	231.000	1000.000	754.927	756.432	757.675	9,	757.766,	nan	nan	9.000	760.694	-107.000	321.000	-321.000	107.000	0.548	1.243	3.640	
12	2.000	2.000	232.000	1000.000	764.379	767.302	768.062	9,9,9,	768.237,768.477,768.971,	nan	nan	9.000	771.082	-214.000	428.000	-428.000	214.000	1.966	0.760	3.318	
12	2.000	2.000	233.000	1000.000	774.412	777.335	779.190	8,	779.676,	nan	nan	8.000	782.207	-428.000	428.000	-214.000	321.000	1.932	1.855	3.389	
12	2.000	2.000	234.000	1000.000	785.624	788.545	790.010	8,	790.051,	nan	nan	8.000	793.024	-214.000	214.000	-107.000	428.000	1.947	1.465	3.743	
12	2.000	2.000	235.000	1000.000	796.779	799.455	801.349	8,	801.854,	nan	nan	8.000	804.362	-321.000	321.000	-107.000	321.000	1.686	1.894	2.206	
12	2.000	2.000	236.000	1000.000	806.611	808.431	809.201	8,9,9,	809.468,809.974,810.241,	nan	nan	9.000	812.220	-107.000	321.000	-321.000	428.000	0.862	0.770	3.164	
12	2.000	2.000	237.000	1000.000	815.401	817.325	818.823	8,	818.955,	nan	nan	8.000	821.836	-107.000	214.000	-321.000	428.000	0.939	1.498	2.662	
12	2.000	2.000	238.000	1000.000	824.539	826.753	827.903	9,	828.114,	nan	nan	9.000	830.923	-321.000	321.000	-428.000	107.000	1.252	1.151	3.016	
12	2.000	2.000	239.000	1000.000	833.983	835.465	836.394	9,	836.658,	nan	nan	9.000	839.407	-214.000	321.000	-107.000	214.000	0.524	0.929	3.826	
12	2.000	2.000	240.000	1000.000	843.253	845.614	847.170	9,	847.796,	nan	nan	9.000	850.189	-321.000	428.000	-107.000	321.000	1.378	1.556	2.444	
12	2.000	2.000	241.000	1000.000	852.683	854.578	855.092	9,8,8,	856.117,856.299,856.516,	nan	nan	8.000	858.105	-321.000	107.000	-107.000	214.000	0.944	0.514	2.997	
12	2.000	2.000	242.000	1000.000	861.133	863.564	864.261	8,	864.277,	nan	nan	8.000	867.273	-428.000	107.000	-107.000	321.000	1.460	0.698	2.129	
12	2.000	2.000	243.000	1000.000	869.442	871.521	872.855	9,	872.893,	nan	nan	9.000	875.870	-321.000	428.000	-107.000	214.000	1.117	1.334	3.151	
12	2.000	2.000	244.000	1000.000	879.065	880.658	882.185	8,	882.567,	nan	nan	8.000	885.198	-107.000	107.000	-214.000	321.000	0.635	1.527	2.148	
12	2.000	2.000	245.000	1000.000	887.389	890.237	892.020	9,	892.203,	nan	nan	9.000	895.034	-214.000	428.000	-107.000	321.000	1.889	1.783	3.248	
12	2.000	2.000	246.000	1000.000	898.328	901.033	902.029	9,	902.203,	nan	nan	9.000	905.048	-107.000	321.000	-214.000	107.000	1.749	0.997	3.537	
12	2.000	2.000	247.000	1000.000	908.603	910.126	910.828	9,	911.049,	nan	nan	9.000	913.848	-321.000	428.000	-107.000	107.000	0.539	0.703	3.781	
12	2.000	2.000	248.000	1000.000	917.647	919.401	920.706	8,9,9,8,	920.738,921.018,921.237,921.517,	nan	nan	8.000	923.719	-321.000	-214.000	-107.000	-214.000	0.770	1.305	3.370	
12	2.000	2.000	249.000	1000.000	927.111	929.426	930.972	8,9,9,	931.100,931.482,931.927,	nan	nan	9.000	933.985	-428.000	214.000	-321.000	107.000	1.334	1.547	3.543	
12	2.000	2.000	250.000	1000.000	937.543	939.363	939.964	9,	940.195,	nan	nan	9.000	942.976	-214.000	321.000	-428.000	214.000	0.833	0.601	2.881	
12	2.000	2.000	251.000	1000.000	945.889	948.001	948.549	8,8,	948.597,948.912,	nan	nan	8.000	951.561	-428.000	321.000	-214.000	428.000	1.141	0.548	3.035	
12	2.000	2.000	252.000	1000.000	954.629	956.595	957.770	8,	957.794,	nan	nan	8.000	960.788	-321.000	107.000	-107.000	321.000	0.997	1.175	2.579	
12	2.000	2.000	253.000	1000.000	963.399	965.554	967.501	9,	967.646,	nan	nan	9.000	970.514	-214.000	321.000	-321.000	214.000	1.185	1.947	3.061	
12	2.000	2.000	254.000	1000.000	973.612	975.511	976.966	9,8,	977.144,977.711,	nan	nan	8.000	979.985	-428.000	428.000	-321.000	321.000	0.934	1.455	2.791	
12	2.000	2.000	255.000	1000.000	982.810	985.561	987.541	9,	987.997,	nan	nan	9.000	990.554	-428.000	321.000	-321.000	214.000	1.783	1.981	2.161	
12	2.000	2.000	256.000	1000.000	992.735	995.283	995.922	9,	996.123,	nan	nan	9.000	998.935	-107.000	321.000	-428.000	214.000	1.566	0.640	2.418	
12	2.000	2.000	257.000	1000.000	1001.372	1003.145	1004.030	9,	1004.060,	nan	nan	9.000	1007.043	-107.000	428.000	-428.000	321.000	0.789	0.886	3.730	
12	2.000	2.000	258.000	1000.000	1010.807	1012.974	1014.969	8,8,	1015.058,1015.304,	nan	nan	8.000	1017.982	-107.000	107.000	-321.000	214.000	1.199	1.995	2.277	
12	2.000	2.000	259.000	1000.000	1020.301	1022.190	1023.866	8,	1023.924,	nan	nan	8.000	1026.880	-321.000	214.000	-214.000	428.000	0.929	1.677	3.711	
12	2.000	2.000	260.000	1000.000	1030.634	1032.126	1034.068	8,	1034.146,	nan	nan	8.000	1037.088	-321.000	107.000	-214.000	214.000	0.534	1.942	3.460	
12	2.000	2.000	261.000	1000.000	1040.565	1042.368	1043.403	8,8,	1043.427,1043.633,	nan	nan	8.000	1046.416	214.000	-214.000	321.000	-214.000	0.818	1.035	2.900	
12	2.000	2.000	262.000	1000.000	1049.376	1051.831	1052.596	8,8,	1052.751,1052.977,	nan	nan	8.000	1055.615	-428.000	107.000	-214.000	214.000	1.513	0.765	2.019	
12	2.000	2.000	263.000	1000.000	1057.676	1060.376	1062.111	8,8,	1062.161,1062.450,	nan	nan	8.000	1065.124	-107.000	107.000	-321.000	321.000	1.740	1.735	2.785	
12	2.000	2.000	264.000	1000.000	1067.948	1070.365	1072.235	9,	1072.628,	nan	nan	9.000	1075.249	-214.000	321.000	-107.000	107.000	1.455	1.870	3.415	
12	2.000	2.000	265.000	1000.000	1078.683	1080.943	1082.571	8,	1082.642,	nan	nan	8.000	1085.590	-428.000	107.000	-214.000	321.000	1.277	1.629	2.064	
12	2.000	2.000	266.000	1000.000	1087.672	1090.155	1090.997	9,8,9,	1091.208,1092.079,1092.549,	nan	nan	9.000	1094.010	-428.000	321.000	-107.000	107.000	1.498	0.842	3.859	
12	2.000	2.000	267.000	1000.000	1097.950	1100.668	1101.935	8,	1102.106,	nan	nan	8.000	1104.948	-428.000	214.000	-214.000	428.000	1.797	1.267	3.338	
12	2.000	2.000	268.000	1000.000	1108.305	1110.608	1111.735	8,	1112.159,	nan	nan	8.000	1114.752	-428.000	428.000	-107.000	321.000	1.320	1.127	2.637	
12	2.000	2.000	269.000	1000.000	1117.407	1120.376	1121.300	9,	1121.532,	nan	nan	9.000	1124.313	-321.000	428.000	-428.000	214.000	1.986	0.924	2.605	
12	2.000	2.000	270.000	1000.000	1127.001	1128.955	1130.873	9,	1130.894,	nan	nan	9.000	1133.886	-321.000	321.000	-107.000	107.000	1.035	1.918	2.965	
12	2.000	2.000	271.000	1000.000	1136.871	1138.632	1140.294	9,	1140.350,	nan	nan	9.000	1143.307	-321.000	428.000	-428.000	107.000	0.780	1.662	2.502	
12	2.000	2.000	272.000	1000.000	1145.849	1147.451	1147.955	9,	1148.167,	nan	nan	9.000	1150.974	-214.000	321.000	-428.000	107.000	0.640	0.505	3.646	
12	2.000	2.000	273.000	1000.000	1154.670	1157.111	1157.620	8,	1158.584,	nan	nan	8.000	1160.639	-214.000	107.000	-107.000	214.000	1.489	0.510	2.296	
12	2.000	2.000	274.000	1000.000	1162.971	1165.339	1165.906	8,	1165.947,	nan	nan	8.000	1168.919	214.000	428.000	321.000	428.000	1.402	0.568	2.495	
12	2.000	2.000	275.000	1000.000	1171.435	1173.264	1175.172	8,	1175.446,	nan	nan	8.000	1178.186	-321.000	428.000	-214.000	214.000	0.847	1.908	2.559	
12	2.000	2.000	276.000	1000.000	1180.794	1183.144	1184.787	8,	1184.979,	nan	nan	8.000	1187.808	-321.000	107.000	-214.000	321.000	1.397	1.643	2.566	
12	2.000	2.000	277.000	1000.000	1190.426	1192.228	1193.316	8,	1193.344,	nan	nan	8.000	1196.329	-107.000	214.000	-214.000	428.000	0.852	1.088	3.929	
12	2.000	2.000	278.000	1000.000	1200.278	1201.953	1203.244	8,	1203.382,	nan	nan	8.000	1206.262	-321.000	107.000	-214.000	428.000	0.693	1.291	3.434	
12	2.000	2.000	279.000	1000.000	1209.728	1211.440	1212.075	8,8,	1212.239,1212.582,	nan	nan	8.000	1215.092	-428.000	107.000	-321.000	321.000	0.741	0.635	3.550	
12	2.000	2.000	280.000	1000.000	1218.671	1220.154	1220.900	8,8,	1221.046,1221.425,	nan	nan	8.000	1223.917	-107.000	107.000	-321.000	428.000	0.510	0.746	2.392	
12	2.000	2.000	281.000	1000.000	1226.358	1228.540	1229.696	8,	1229.932,	nan	nan	8.000	1232.708	-428.000	107.000	-107.000	428.000	1.228	1.156	2.412	
12	2.000	2.000	282.000	1000.000	1235.141	1237.018	1238.385	9,8,8,	1238.528,1238.940,1239.222,	nan	nan	8.000	1241.404	-107.000	107.000	-428.000	321.000	0.895	1.368	3.363	
12	2.000	2.000	283.000	1000.000	1244.786	1247.152	1248.033	9,	1248.287,	nan	nan	9.000	1251.052	-321.000	321.000	-428.000	214.000	1.383	0.881	2.424	
12	2.000	2.000	284.000	1000.000	1253.527	1255.157	1256.139	9,9,	1256.160,1256.457,	nan	nan	9.000	1259.158	-107.000	214.000	-214.000	107.000	0.678	0.982	2.039	
12	2.000	2.000	285.000	1000.000	1261.224	1262.930	1264.834	9,	1265.044,	nan	nan	9.000	1267.847	-214.000	214.000	-321.000	107.000	0.732	1.904	3.756	
12	2.000	2.000	286.000	1000.000	1271.616	1273.269	1274.232	8,	1274.554,	nan	nan	8.000	1277.245	-428.000	107.000	-214.000	428.000	0.664	0.963	2.006	
12	2.000	2.000	287.000	1000.000	1279.272	1281.830	1283.304	8,	1283.553,	nan	nan	8.000	1286.321	-321.000	321.000	-214.000	321.000	1.576	1.474	2.830	
12	2.000	2.000	288.000	1000.000	1289.168	1291.034	1292.290	8,9,8,9,	1292.369,1292.953,1293.422,1293.672,	nan	nan	9.000	1295.308	-428.000	214.000	-107.000	107.000	0.881	1.257	3.280	
12	2.000	2.000	289.000	1000.000	1298.637	1300.697	1302.027	8,	1302.060,	nan	nan	8.000	1305.045	-321.000	321.000	-107.000	428.000	1.108	1.330	3.170	
12	2.000	2.000	290.000	1000.000	1308.264	1309.785	1311.486	8,	1312.075,	nan	nan	8.000	1314.505	-321.000	428.000	-214.000	321.000	0.568	1.701	3.145	
12	2.000	2.000	291.000	1000.000	1317.668	1320.189	1321.378	9,	1322.689,	nan	nan	9.000	1324.397	-107.000	321.000	-321.000	214.000	1.537	1.190	2.714	
12	2.000	2.000	292.000	1000.000	1327.156	1329.013	1330.583	8,	1330.632,	nan	nan	8.000	1333.596	-321.000	107.000	-428.000	428.000	0.900	1.571	3.961	
12	2.000	2.000	293.000	1000.000	1337.593	1339.398	1340.910	8,	1341.007,	nan	nan	8.000	1343.923	-107.000	107.000	-214.000	428.000	0.838	1.513	2.463	
12	2.000	2.000	294.000	1000.000	1346.427	1347.908	1349.299	8,	1349.698,	nan	nan	8.000	1352.312	-428.000	321.000	-107.000	214.000	0.519	1.392	2.116	
12	2.000	2.000	295.000	1000.000	1354.448	1356.789	1358.147	9,	1358.311,	nan	nan	9.000	1361.160	-107.000	321.000	-214.000	214.000	1.359	1.359	2.656	
12	2.000	2.000	296.000	1000.000	1363.861	1366.495	1367.573	8,	1367.820,	nan	nan	8.000	1370.592	-428.000	321.000	-214.000	214.000	1.677	1.079	2.347	
12	2.000	2.000	297.000	1000.000	1372.960	1375.097	1377.049	9,	1377.169,	nan	nan	9.000	1380.063	-214.000	214.000	-107.000	107.000	1.156	1.952	2.026	
12	2.000	2.000	298.000	1000.000	1382.107	1384.946	1385.533	8,9,	1385.678,1386.062,	nan	nan	9.000	1388.552	-214.000	321.000	-107.000	428.000	1.855	0.587	3.267	
12	2.000	2.000	299.000	1000.000	1391.855	1394.565	1395.354	9,	1395.407,	nan	nan	9.000	1398.367	-214.000	321.000	-428.000	428.000	1.744	0.789	2.328	
12	2.000	2.000	300.000	1000.000	1400.708	1403.022	1404.409	9,8,8,	1404.863,1405.327,1405.536,	nan	nan	8.000	1407.428	-321.000	-428.000	-214.000	-428.000	1.325	1.387	2.855	
12	2.000	2.000	301.000	1000.000	1410.357	1412.451	1413.800	8,	1413.947,	nan	nan	8.000	1416.818	-428.000	321.000	-107.000	428.000	1.166	1.349	3.852	
12	2.000	2.000	302.000	1000.000	1420.716	1423.489	1424.356	8,	1424.861,	nan	nan	8.000	1427.369	-321.000	321.000	-214.000	107.000	1.817	0.867	3.125	
12	2.000	2.000	303.000	1000.000	1430.517	1432.556	1433.287	8,8,	1433.430,1433.682,	nan	nan	8.000	1436.305	-107.000	107.000	-428.000	428.000	1.059	0.732	3.305	
12	2.000	2.000	304.000	1000.000	1439.634	1442.260	1443.676	8,	1443.780,	nan	nan	8.000	1446.690	-321.000	107.000	-107.000	428.000	1.648	1.416	3.801	
12	2.000	2.000	305.000	1000.000	1450.540	1453.473	1455.097	8,	1455.385,	nan	nan	8.000	1458.115	-428.000	214.000	-107.000	428.000	1.981	1.624	3.981	
12	2.000	2.000	306.000	1000.000	1462.130	1463.685	1464.242	8,8,	1464.286,1464.750,	nan	nan	8.000	1467.261	-321.000	321.000	-214.000	214.000	0.587	0.558	2.875	
12	2.000	2.000	307.000	1000.000	1470.159	1472.950	1474.848	9,	1474.965,	nan	nan	9.000	1477.861	-214.000	321.000	-321.000	428.000	1.812	1.899	3.293	
12	2.000	2.000	308.000	1000.000	1481.177	1484.016	1486.001	8,	1486.194,	nan	nan	8.000	1489.014	-428.000	107.000	-321.000	214.000	1.860	1.986	3.055	
12	2.000	2.000	309.000	1000.000	1492.108	1494.034	1495.006	8,8,	1495.083,1495.353,	nan	nan	8.000	1498.019	-321.000	107.000	-428.000	321.000	0.963	0.973	2.289	
12	2.000	2.000	310.000	1000.000	1500.345	1503.146	1503.887	8,	1504.254,	nan	nan	8.000	1506.905	-428.000	107.000	-321.000	428.000	1.836	0.741	2.752	
12	2.000	2.000	311.000	1000.000	1509.675	1511.241	1511.866	8,	1512.015,	nan	nan	8.000	1514.885	-214.000	107.000	-321.000	428.000	0.582	0.625	3.653	
12	2.000	2.000	312.000	1000.000	1518.592	1520.098	1521.200	9,	1521.485,	nan	nan	9.000	1524.213	-214.000	214.000	-428.000	321.000	0.558	1.103	3.215	
