subjID	session	Block	trialCount	earnings	Gam1Onset	Gam2Onset	FBOnset	KPs	RT	KPlate	RTlate	KP_Final	SLOnset	Gam1_1	Gam1_2	Gam2_1	Gam2_2	jit1	jit2	jit3	
13	2.000	1.000	1.000	1107.000	88.111	89.966	90.649	8,	91.445,	nan	nan	8.000	93.664	321.000	-321.000	428.000	-321.000	0.862	0.683	3.646	
13	2.000	1.000	2.000	1107.000	97.320	100.109	100.889	9,	102.128,	nan	nan	9.000	103.907	-321.000	214.000	-428.000	107.000	1.797	0.780	3.222	
13	2.000	1.000	3.000	1107.000	107.138	109.089	109.694	9,	110.739,	nan	nan	9.000	112.711	-214.000	428.000	-107.000	214.000	0.958	0.606	2.032	
13	2.000	1.000	4.000	1107.000	114.753	117.408	118.072	8,	119.062,	nan	nan	8.000	121.089	-428.000	428.000	-107.000	107.000	1.662	0.664	2.116	
13	2.000	1.000	5.000	1107.000	123.214	125.681	126.316	9,	126.902,	nan	nan	9.000	129.333	-214.000	428.000	-321.000	214.000	1.474	0.635	2.913	
13	2.000	1.000	6.000	1107.000	132.256	134.925	135.753	8,	136.096,	nan	nan	8.000	138.765	-321.000	321.000	-214.000	428.000	1.677	0.828	2.180	
13	2.000	1.000	7.000	1107.000	140.955	142.988	144.751	9,	145.026,	nan	nan	9.000	147.769	-107.000	428.000	-321.000	107.000	1.040	1.764	3.383	
13	2.000	1.000	8.000	1107.000	151.162	152.895	153.853	9,	154.289,	nan	nan	9.000	156.870	-214.000	428.000	-107.000	107.000	0.741	0.958	3.325	
13	2.000	1.000	9.000	1107.000	160.205	162.922	164.044	9,	164.592,	nan	nan	9.000	167.061	-214.000	428.000	-321.000	107.000	1.725	1.122	3.846	
13	2.000	1.000	10.000	1107.000	170.917	172.423	173.723	8,	173.807,	nan	nan	8.000	176.736	-428.000	428.000	-107.000	214.000	0.514	1.301	3.820	
13	2.000	1.000	11.000	1107.000	180.577	183.085	184.429	9,	184.491,	9.000	187.441	9.000	187.441	-214.000	214.000	-428.000	107.000	1.527	1.344	2.650	
13	2.000	1.000	12.000	1107.000	190.106	191.602	192.550	9,	192.969,	nan	nan	9.000	195.567	-107.000	214.000	-321.000	321.000	0.510	0.949	2.830	
13	2.000	1.000	13.000	1107.000	198.408	200.758	201.306	9,	201.796,	nan	nan	9.000	204.323	-107.000	321.000	-428.000	428.000	1.359	0.548	2.238	
13	2.000	1.000	14.000	1107.000	206.584	208.126	209.088	8,	209.413,	nan	nan	8.000	212.106	321.000	107.000	428.000	107.000	0.563	0.963	3.029	
13	2.000	1.000	15.000	1107.000	215.163	217.920	219.731	8,	219.846,	nan	nan	8.000	222.744	-428.000	428.000	-214.000	107.000	1.783	1.812	2.186	
13	2.000	1.000	16.000	1107.000	224.941	226.630	227.569	8,	227.904,	nan	nan	8.000	230.587	-321.000	321.000	-107.000	214.000	0.698	0.939	3.775	
13	2.000	1.000	17.000	1107.000	234.385	236.284	237.830	9,	237.929,	nan	nan	9.000	240.843	-107.000	321.000	-428.000	107.000	0.920	1.547	3.653	
13	2.000	1.000	18.000	1107.000	244.519	245.998	246.724	8,	247.091,	nan	nan	8.000	249.740	-428.000	428.000	-321.000	107.000	0.500	0.727	3.074	
13	2.000	1.000	19.000	1107.000	252.831	255.623	257.035	9,	257.566,	nan	nan	9.000	260.047	-321.000	321.000	-428.000	428.000	1.807	1.412	3.402	
13	2.000	1.000	20.000	1107.000	263.460	265.327	266.343	9,	266.595,	nan	nan	9.000	269.361	-107.000	428.000	-214.000	214.000	0.876	1.016	3.852	
13	2.000	1.000	21.000	1107.000	273.237	275.511	276.541	8,	276.625,	nan	nan	8.000	279.559	-428.000	321.000	-321.000	107.000	1.296	1.031	3.942	
13	2.000	1.000	22.000	1107.000	283.518	286.136	287.393	9,	287.595,	nan	nan	9.000	290.412	-214.000	428.000	-428.000	107.000	1.633	1.257	2.977	
13	2.000	1.000	23.000	1107.000	293.410	295.982	296.891	9,	296.920,	nan	nan	9.000	299.909	-107.000	428.000	-214.000	107.000	1.590	0.910	2.932	
13	2.000	1.000	24.000	1107.000	302.863	304.536	305.128	8,	305.742,	nan	nan	8.000	308.140	-428.000	321.000	-321.000	428.000	0.693	0.592	2.328	
13	2.000	1.000	25.000	1107.000	310.490	312.076	313.072	8,	313.596,	nan	nan	8.000	316.090	-321.000	214.000	-214.000	107.000	0.606	0.997	2.907	
13	2.000	1.000	26.000	1107.000	319.011	320.518	321.437	9,	321.936,	nan	nan	9.000	324.455	-107.000	428.000	-214.000	321.000	0.519	0.920	2.302	
13	2.000	1.000	27.000	1107.000	326.777	328.582	330.418	9,	330.505,	nan	nan	9.000	333.435	-214.000	214.000	-107.000	214.000	0.823	1.836	3.627	
13	2.000	1.000	28.000	1107.000	337.085	338.636	339.725	8,	340.257,	nan	nan	8.000	342.737	-214.000	107.000	-321.000	214.000	0.572	1.088	3.807	
13	2.000	1.000	29.000	1107.000	346.567	349.204	350.528	9,	350.774,	nan	nan	9.000	353.540	-214.000	214.000	-107.000	321.000	1.658	1.325	2.720	
13	2.000	1.000	30.000	1107.000	356.276	359.253	360.182	9,	360.305,	nan	nan	9.000	363.200	-107.000	428.000	-428.000	107.000	1.990	0.929	3.511	
13	2.000	1.000	31.000	1107.000	366.725	368.904	370.368	8,	370.398,	nan	nan	8.000	373.381	-428.000	214.000	-214.000	321.000	1.190	1.465	3.961	
13	2.000	1.000	32.000	1107.000	377.360	379.230	380.559	8,	381.076,	nan	nan	8.000	383.573	-428.000	214.000	-321.000	321.000	0.886	1.330	2.424	
13	2.000	1.000	33.000	1107.000	386.018	388.223	389.894	9,	390.452,	nan	nan	9.000	392.906	-107.000	214.000	-428.000	107.000	1.223	1.672	2.514	
13	2.000	1.000	34.000	1107.000	395.439	397.840	399.323	9,	399.801,	nan	nan	9.000	402.336	-214.000	107.000	-321.000	321.000	1.416	1.484	2.122	
13	2.000	1.000	35.000	1107.000	404.476	406.852	408.490	8,	408.998,	nan	nan	8.000	411.502	-214.000	214.000	-321.000	428.000	1.392	1.638	3.119	
13	2.000	1.000	36.000	1107.000	414.639	417.344	418.461	9,	418.770,	nan	nan	9.000	421.478	-321.000	428.000	-214.000	107.000	1.720	1.117	3.518	
13	2.000	1.000	37.000	1107.000	425.023	427.704	429.279	9,	429.568,	nan	nan	9.000	432.291	-107.000	214.000	-428.000	321.000	1.706	1.576	2.174	
13	2.000	1.000	38.000	1107.000	434.486	436.151	437.702	9,	437.766,	nan	nan	9.000	440.714	-214.000	214.000	-321.000	321.000	0.683	1.551	2.103	
13	2.000	1.000	39.000	1107.000	442.835	444.454	445.219	8,	445.606,	nan	nan	8.000	448.232	-321.000	214.000	-107.000	107.000	0.635	0.765	3.814	
13	2.000	1.000	40.000	1107.000	452.068	454.893	455.706	8,	456.389,	nan	nan	8.000	458.724	-214.000	-428.000	-107.000	-428.000	1.846	0.814	3.235	
13	2.000	1.000	41.000	1107.000	461.972	464.922	466.169	9,	466.513,	nan	nan	9.000	469.187	-107.000	428.000	-428.000	214.000	1.961	1.248	3.215	
13	2.000	1.000	42.000	1107.000	472.417	474.923	475.678	9,	476.132,	nan	nan	9.000	478.695	-107.000	321.000	-321.000	107.000	1.518	0.756	2.592	
13	2.000	1.000	43.000	1107.000	481.300	482.938	483.925	8,	484.185,	nan	nan	8.000	486.942	-428.000	214.000	-107.000	321.000	0.650	0.987	2.051	
13	2.000	1.000	44.000	1107.000	489.011	491.542	493.112	8,	493.488,	nan	nan	8.000	496.126	-428.000	321.000	-214.000	107.000	1.547	1.571	3.981	
13	2.000	1.000	45.000	1107.000	500.121	502.457	503.266	9,	503.596,	nan	nan	9.000	506.284	-214.000	321.000	-321.000	107.000	1.349	0.809	2.064	
13	2.000	1.000	46.000	1107.000	508.369	510.520	511.874	9,	512.031,	nan	nan	9.000	514.886	-214.000	428.000	-321.000	321.000	1.170	1.354	3.691	
13	2.000	1.000	47.000	1107.000	518.597	520.947	522.108	9,	522.495,	nan	nan	9.000	525.126	-107.000	428.000	-321.000	214.000	1.368	1.161	3.466	
13	2.000	1.000	48.000	1107.000	528.612	530.254	530.758	8,	531.173,	nan	nan	8.000	533.770	-214.000	214.000	-107.000	428.000	0.659	0.505	3.428	
13	2.000	1.000	49.000	1107.000	537.217	539.534	540.077	8,	541.016,	nan	nan	8.000	543.093	-428.000	214.000	-321.000	428.000	1.334	0.543	3.035	
13	2.000	1.000	50.000	1107.000	546.151	547.689	549.384	9,	549.746,	nan	nan	9.000	552.402	-321.000	214.000	-428.000	428.000	0.558	1.696	3.145	
13	2.000	1.000	51.000	1107.000	555.568	557.768	558.836	9,	558.930,	nan	nan	9.000	561.854	-214.000	107.000	-428.000	321.000	1.219	1.069	2.611	
13	2.000	1.000	52.000	1107.000	564.481	567.438	568.892	8,	568.972,	nan	nan	8.000	571.905	-214.000	107.000	-107.000	321.000	1.971	1.455	3.685	
13	2.000	1.000	53.000	1107.000	575.607	577.439	578.590	8,	578.629,	nan	nan	8.000	581.608	214.000	-428.000	428.000	-428.000	0.847	1.151	2.450	
13	2.000	1.000	54.000	1107.000	584.075	586.491	587.704	9,	587.748,	nan	nan	9.000	590.717	-107.000	107.000	-428.000	214.000	1.431	1.214	3.248	
13	2.000	1.000	55.000	1107.000	593.983	595.901	597.341	9,	597.729,	nan	nan	9.000	600.359	-214.000	107.000	-428.000	428.000	0.934	1.441	2.521	
13	2.000	1.000	56.000	1107.000	602.905	605.125	606.835	9,	607.064,	nan	nan	9.000	609.848	-321.000	428.000	-428.000	321.000	1.243	1.711	3.717	
13	2.000	1.000	57.000	1107.000	613.587	616.432	618.012	9,	618.774,	nan	nan	9.000	621.030	-107.000	214.000	-428.000	428.000	1.865	1.580	3.859	
13	2.000	1.000	58.000	1107.000	624.904	627.017	628.144	8,	628.516,	nan	nan	8.000	631.156	-107.000	214.000	-214.000	321.000	1.127	1.127	2.482	
13	2.000	1.000	59.000	1107.000	633.667	635.821	637.377	8,	637.670,	nan	nan	8.000	640.389	-428.000	428.000	-321.000	214.000	1.180	1.556	3.479	
13	2.000	1.000	60.000	1107.000	643.888	646.779	648.060	9,	648.419,	nan	nan	9.000	651.077	-214.000	107.000	-428.000	214.000	1.908	1.281	2.688	
13	2.000	1.000	61.000	1107.000	653.787	656.560	658.179	8,	658.294,	nan	nan	8.000	661.197	-321.000	214.000	-107.000	321.000	1.793	1.619	3.299	
13	2.000	1.000	62.000	1107.000	664.523	667.416	668.113	9,	668.184,	nan	nan	9.000	671.130	-321.000	214.000	-428.000	321.000	1.918	0.698	3.839	
13	2.000	1.000	63.000	1107.000	674.987	677.431	677.993	8,	678.200,	nan	nan	8.000	681.011	-428.000	428.000	-214.000	214.000	1.460	0.563	2.547	
13	2.000	1.000	64.000	1107.000	683.575	685.306	686.934	9,	686.996,	nan	nan	9.000	689.952	-107.000	214.000	-321.000	107.000	0.746	1.629	3.730	
13	2.000	1.000	65.000	1107.000	693.699	696.611	697.950	8,	698.357,	nan	nan	8.000	700.968	-428.000	214.000	-214.000	107.000	1.928	1.339	2.354	
13	2.000	1.000	66.000	1107.000	703.336	705.991	707.532	8,	707.970,	nan	nan	8.000	710.551	214.000	107.000	428.000	107.000	1.667	1.542	2.662	
13	2.000	1.000	67.000	1107.000	713.231	716.109	717.443	8,	717.774,	nan	nan	8.000	720.456	-321.000	214.000	-107.000	428.000	1.894	1.334	2.431	
13	2.000	1.000	68.000	1107.000	722.911	725.474	726.697	8,	726.802,	nan	nan	8.000	729.710	-107.000	321.000	-214.000	428.000	1.585	1.223	2.875	
13	2.000	1.000	69.000	1107.000	732.605	734.550	736.501	8,	736.862,	nan	nan	8.000	739.514	-321.000	214.000	-214.000	321.000	0.963	1.952	2.823	
13	2.000	1.000	70.000	1107.000	742.379	744.539	746.336	9,	746.764,	nan	nan	9.000	749.349	-107.000	428.000	-321.000	321.000	1.199	1.797	2.045	
13	2.000	1.000	71.000	1107.000	751.414	752.997	753.970	9,	754.323,	nan	nan	9.000	756.983	-214.000	428.000	-428.000	214.000	0.601	0.973	2.643	
13	2.000	1.000	72.000	1107.000	759.641	762.401	764.382	9,	764.575,	nan	nan	9.000	767.395	-214.000	428.000	-428.000	321.000	1.773	1.981	3.003	
13	2.000	1.000	73.000	1107.000	770.467	771.943	772.651	9,	772.943,	nan	nan	9.000	775.662	-214.000	214.000	-428.000	428.000	0.543	0.707	2.765	
13	2.000	1.000	74.000	1107.000	778.445	780.552	781.900	9,	782.231,	nan	nan	9.000	784.913	-107.000	107.000	-214.000	214.000	1.122	1.349	2.322	
13	2.000	1.000	75.000	1107.000	787.251	789.262	789.877	8,	790.400,	nan	nan	8.000	792.890	-428.000	107.000	-107.000	214.000	1.026	0.616	3.762	
13	2.000	1.000	76.000	1107.000	796.674	798.535	800.048	8,	800.401,	nan	nan	8.000	803.061	-428.000	428.000	-214.000	321.000	0.881	1.513	3.228	
13	2.000	1.000	77.000	1107.000	806.308	808.047	809.015	9,	809.167,	nan	nan	9.000	812.027	-321.000	107.000	-428.000	214.000	0.756	0.968	3.305	
13	2.000	1.000	78.000	1107.000	815.354	817.529	819.360	8,	819.454,	nan	nan	8.000	822.378	-214.000	107.000	-107.000	428.000	1.195	1.831	3.884	
13	2.000	1.000	79.000	1107.000	826.291	829.178	830.666	8,	830.702,	nan	nan	8.000	833.684	-321.000	214.000	-107.000	214.000	1.913	1.489	2.309	
13	2.000	1.000	80.000	1107.000	836.017	837.992	839.427	9,	839.828,	nan	nan	9.000	842.444	-107.000	107.000	-321.000	214.000	0.997	1.436	3.955	
13	2.000	1.000	81.000	1107.000	846.426	848.378	849.982	8,	850.382,	nan	nan	8.000	852.995	-428.000	214.000	-214.000	428.000	0.977	1.605	3.826	
13	2.000	1.000	82.000	1107.000	856.842	859.187	860.265	9,	860.601,	nan	nan	9.000	863.283	-107.000	321.000	-214.000	107.000	1.363	1.079	2.013	
13	2.000	1.000	83.000	1107.000	865.320	868.235	870.158	9,	870.457,	nan	nan	9.000	873.170	-321.000	428.000	-428.000	214.000	1.937	1.923	2.476	
13	2.000	1.000	84.000	1107.000	875.711	878.552	879.543	9,	880.090,	nan	nan	9.000	882.555	-107.000	107.000	-321.000	321.000	1.904	0.992	3.023	
13	2.000	1.000	85.000	1107.000	885.596	887.933	888.515	9,	888.921,	nan	nan	9.000	891.533	-214.000	321.000	-428.000	214.000	1.354	0.582	2.148	
13	2.000	1.000	86.000	1107.000	893.694	895.781	896.662	8,	896.995,	nan	nan	8.000	899.673	-428.000	107.000	-107.000	321.000	1.098	0.881	2.283	
13	2.000	1.000	87.000	1107.000	901.970	904.437	905.487	8,	905.632,	nan	nan	8.000	908.498	-107.000	214.000	-321.000	428.000	1.479	1.050	3.704	
13	2.000	1.000	88.000	1107.000	912.217	914.003	915.945	9,	916.348,	nan	nan	9.000	918.964	-321.000	321.000	-428.000	107.000	0.799	1.942	3.441	
13	2.000	1.000	89.000	1107.000	922.427	924.027	924.821	9,	925.312,	nan	nan	9.000	927.833	-107.000	321.000	-321.000	428.000	0.621	0.794	2.386	
13	2.000	1.000	90.000	1107.000	930.238	932.720	934.179	8,	934.202,	nan	nan	8.000	937.191	-428.000	321.000	-321.000	214.000	1.498	1.460	3.331	
13	2.000	1.000	91.000	1107.000	940.545	943.028	944.960	8,	944.986,	nan	nan	8.000	947.978	-428.000	107.000	-214.000	321.000	1.503	1.932	2.926	
13	2.000	1.000	92.000	1107.000	950.924	953.587	954.145	8,	955.226,	nan	nan	8.000	957.162	-321.000	-428.000	-107.000	-428.000	1.682	0.558	2.624	
13	2.000	1.000	93.000	1107.000	959.808	961.929	963.803	8,	963.959,	nan	nan	8.000	966.820	-321.000	107.000	-214.000	214.000	1.141	1.875	2.000	
13	2.000	1.000	94.000	1107.000	968.841	971.451	972.814	8,9,	973.756,974.266,	nan	nan	9.000	975.831	-321.000	428.000	-107.000	214.000	1.629	1.363	2.695	
13	2.000	1.000	95.000	1107.000	978.550	981.378	982.784	9,	983.357,	nan	nan	9.000	985.797	-321.000	428.000	-107.000	107.000	1.850	1.407	2.232	
13	2.000	1.000	96.000	1107.000	988.046	990.819	991.535	9,	991.694,	nan	nan	9.000	994.548	-214.000	321.000	-428.000	107.000	1.788	0.717	2.167	
13	2.000	1.000	97.000	1107.000	996.730	999.273	1000.318	8,8,	1000.517,1000.937,	nan	nan	8.000	1003.330	-321.000	321.000	-107.000	107.000	1.556	1.045	3.723	
13	2.000	1.000	98.000	1107.000	1007.068	1009.877	1011.298	8,	1012.291,	nan	nan	8.000	1014.311	-428.000	214.000	-321.000	107.000	1.822	1.421	2.399	
13	2.000	1.000	99.000	1107.000	1016.746	1018.265	1019.946	9,	1020.356,	nan	nan	9.000	1022.958	-107.000	428.000	-428.000	321.000	0.553	1.682	3.158	
13	2.000	1.000	100.000	1107.000	1026.134	1029.103	1029.965	9,	1030.563,	nan	nan	9.000	1032.982	-214.000	321.000	-321.000	214.000	1.986	0.862	2.244	
13	2.000	1.000	101.000	1107.000	1035.240	1038.059	1038.699	9,	1038.719,	nan	nan	9.000	1041.711	-107.000	321.000	-428.000	214.000	1.831	0.640	3.344	
13	2.000	1.000	102.000	1107.000	1045.080	1046.837	1047.626	9,	1047.849,	nan	nan	9.000	1050.643	-107.000	107.000	-214.000	321.000	0.780	0.789	2.129	
13	2.000	1.000	103.000	1107.000	1052.797	1055.726	1057.465	8,	1057.526,	nan	nan	8.000	1060.478	-321.000	214.000	-214.000	428.000	1.952	1.740	3.415	
13	2.000	1.000	104.000	1107.000	1063.910	1065.655	1067.409	8,	1067.521,	nan	nan	8.000	1070.427	-321.000	428.000	-107.000	321.000	0.760	1.754	2.039	
13	2.000	1.000	105.000	1107.000	1072.482	1074.175	1075.099	8,	1075.627,	nan	nan	8.000	1078.116	214.000	-107.000	321.000	-107.000	0.707	0.924	2.778	
13	2.000	1.000	106.000	1107.000	1080.912	1083.819	1085.346	9,	1085.894,	nan	nan	9.000	1088.359	-321.000	428.000	-428.000	107.000	1.923	1.527	2.759	
13	2.000	1.000	107.000	1107.000	1091.131	1093.131	1094.065	8,	1094.219,	nan	nan	8.000	1097.077	-428.000	321.000	-214.000	428.000	1.011	0.934	2.637	
13	2.000	1.000	108.000	1107.000	1099.738	1101.761	1102.656	8,	1102.866,	nan	nan	8.000	1105.667	-214.000	321.000	-107.000	107.000	1.045	0.895	2.965	
13	2.000	1.000	109.000	1107.000	1108.646	1110.780	1112.206	8,	1112.235,	nan	nan	8.000	1115.223	-428.000	428.000	-107.000	321.000	1.146	1.426	2.836	
13	2.000	1.000	110.000	1107.000	1118.075	1120.709	1121.218	8,	1121.636,	nan	nan	8.000	1124.236	-428.000	428.000	-321.000	321.000	1.648	0.510	2.945	
13	2.000	1.000	111.000	1107.000	1127.202	1129.879	1131.189	8,	1131.678,	nan	nan	8.000	1134.206	-214.000	107.000	-107.000	214.000	1.696	1.310	3.897	
13	2.000	1.000	112.000	1107.000	1138.126	1140.778	1142.256	8,	1142.365,	nan	nan	8.000	1145.275	-321.000	107.000	-107.000	214.000	1.672	1.479	2.193	
13	2.000	1.000	113.000	1107.000	1147.488	1150.465	1151.673	8,	1152.048,	nan	nan	8.000	1154.686	-321.000	107.000	-107.000	321.000	1.995	1.209	2.984	
13	2.000	1.000	114.000	1107.000	1157.690	1159.264	1160.530	8,	1160.988,	nan	nan	8.000	1163.542	-428.000	321.000	-107.000	107.000	0.592	1.267	3.666	
13	2.000	1.000	115.000	1107.000	1167.228	1168.975	1169.851	8,	1170.224,	nan	nan	8.000	1172.864	-214.000	321.000	-107.000	214.000	0.765	0.876	3.312	
13	2.000	1.000	116.000	1107.000	1176.209	1178.049	1178.761	8,	1179.136,	nan	nan	8.000	1181.773	-428.000	107.000	-214.000	214.000	0.871	0.712	3.389	
13	2.000	1.000	117.000	1107.000	1185.177	1187.725	1189.411	9,	1189.715,	nan	nan	9.000	1192.424	-214.000	428.000	-107.000	321.000	1.561	1.686	2.225	
13	2.000	1.000	118.000	1107.000	1194.666	1196.484	1197.007	8,	1198.387,	nan	nan	8.000	1200.020	214.000	428.000	321.000	428.000	0.833	0.524	3.543	
13	2.000	1.000	119.000	1107.000	1203.578	1205.640	1207.408	8,	1207.765,	nan	nan	8.000	1210.426	-214.000	321.000	-107.000	428.000	1.074	1.768	3.678	
13	2.000	1.000	120.000	1107.000	1214.123	1216.108	1217.958	9,	1218.009,	nan	nan	9.000	1220.977	-107.000	107.000	-214.000	428.000	1.002	1.850	2.559	
13	2.000	1.000	121.000	1107.000	1223.556	1225.699	1227.390	9,	1227.531,	nan	nan	9.000	1230.402	-321.000	321.000	-428.000	214.000	1.161	1.691	3.640	
13	2.000	1.000	122.000	1107.000	1234.055	1236.615	1237.722	8,	1237.944,	nan	nan	8.000	1240.735	-428.000	107.000	-321.000	321.000	1.571	1.108	3.537	
13	2.000	1.000	123.000	1107.000	1244.290	1247.086	1248.531	9,	1249.076,	nan	nan	9.000	1251.548	-214.000	321.000	-428.000	428.000	1.812	1.445	3.994	
13	2.000	1.000	124.000	1107.000	1255.559	1257.348	1257.925	8,	1258.346,	nan	nan	8.000	1260.938	-428.000	214.000	-107.000	428.000	0.804	0.577	2.071	
13	2.000	1.000	125.000	1107.000	1263.023	1264.636	1265.377	8,	1265.597,	nan	nan	8.000	1268.388	-214.000	321.000	-321.000	428.000	0.625	0.741	2.026	
13	2.000	1.000	126.000	1107.000	1270.429	1272.003	1272.633	8,9,	1273.081,1273.846,	nan	nan	9.000	1275.645	-107.000	321.000	-214.000	214.000	0.587	0.630	3.865	
13	2.000	1.000	127.000	1107.000	1279.577	1281.953	1283.007	9,	1283.035,	nan	nan	9.000	1286.019	-107.000	107.000	-428.000	321.000	1.441	1.055	3.904	
13	2.000	1.000	128.000	1107.000	1289.937	1292.438	1293.140	9,	1293.857,	nan	nan	9.000	1296.157	-321.000	428.000	-214.000	214.000	1.513	0.703	2.495	
13	2.000	1.000	129.000	1107.000	1298.669	1300.390	1301.695	8,	1302.105,	nan	nan	8.000	1304.707	-428.000	321.000	-107.000	428.000	0.736	1.305	3.633	
13	2.000	1.000	130.000	1107.000	1308.359	1310.286	1311.423	8,	1311.661,	nan	nan	8.000	1314.435	-428.000	107.000	-214.000	428.000	0.944	1.137	2.804	
13	2.000	1.000	131.000	1107.000	1317.257	1319.570	1320.571	8,	1320.929,	nan	nan	8.000	1323.588	-321.000	107.000	-214.000	107.000	1.330	1.002	3.524	
13	2.000	1.000	132.000	1107.000	1327.133	1328.653	1330.581	8,	1330.669,	nan	nan	8.000	1333.598	-428.000	107.000	-321.000	428.000	0.539	1.928	2.855	
13	2.000	1.000	133.000	1107.000	1336.472	1339.194	1341.165	8,	1341.369,	nan	nan	8.000	1344.177	-107.000	214.000	-214.000	428.000	1.740	1.971	3.318	
13	2.000	1.000	134.000	1107.000	1347.515	1349.818	1350.997	9,	1351.061,	nan	nan	9.000	1354.016	-107.000	107.000	-428.000	428.000	1.320	1.180	3.338	
13	2.000	1.000	135.000	1107.000	1357.378	1359.025	1360.923	9,9,	1361.656,1362.151,	nan	nan	9.000	1363.941	-214.000	214.000	-321.000	107.000	0.669	1.899	2.019	
13	2.000	1.000	136.000	1107.000	1365.978	1367.877	1369.612	9,	1370.085,	nan	nan	9.000	1372.625	-107.000	321.000	-321.000	214.000	0.915	1.735	2.656	
13	2.000	1.000	137.000	1107.000	1375.302	1378.100	1379.660	8,	1379.766,	nan	nan	8.000	1382.674	-321.000	107.000	-107.000	428.000	1.817	1.561	3.556	
13	2.000	1.000	138.000	1107.000	1386.264	1388.658	1389.563	8,	1389.625,	nan	nan	8.000	1392.580	-321.000	107.000	-214.000	428.000	1.426	0.905	2.997	
13	2.000	1.000	139.000	1107.000	1395.590	1397.860	1398.692	8,	1398.742,	nan	nan	8.000	1401.709	-321.000	321.000	-107.000	428.000	1.281	0.833	3.878	
13	2.000	1.000	140.000	1107.000	1405.682	1407.658	1408.331	9,	1409.388,	nan	nan	9.000	1411.344	-107.000	107.000	-321.000	428.000	1.069	0.674	2.881	
13	2.000	1.000	141.000	1107.000	1414.242	1416.943	1418.007	8,	1418.294,	nan	nan	8.000	1421.024	-428.000	214.000	-107.000	107.000	1.715	1.064	3.395	
13	2.000	1.000	142.000	1107.000	1424.446	1425.969	1426.884	8,	1427.670,	nan	nan	8.000	1429.897	-428.000	321.000	-107.000	214.000	0.548	0.915	3.563	
13	2.000	1.000	143.000	1107.000	1433.480	1435.946	1437.772	9,	1437.930,	nan	nan	9.000	1440.789	-321.000	428.000	-214.000	321.000	1.484	1.826	3.505	
13	2.000	1.000	144.000	1107.000	1444.321	1446.900	1448.548	8,	1448.668,	nan	nan	8.000	1451.565	-321.000	-428.000	-214.000	-428.000	1.605	1.648	2.341	
13	2.000	1.000	145.000	1107.000	1453.927	1456.908	1458.102	8,	1458.276,	nan	nan	8.000	1461.120	-428.000	107.000	-321.000	214.000	2.000	1.195	2.469	
13	2.000	1.000	146.000	1107.000	1463.667	1465.998	1467.091	8,	1467.774,	nan	nan	8.000	1470.103	-321.000	321.000	-214.000	107.000	1.407	1.093	3.736	
13	2.000	1.000	147.000	1107.000	1473.861	1476.277	1477.466	9,	1477.724,	nan	nan	9.000	1480.479	-321.000	107.000	-428.000	428.000	1.436	1.190	2.360	
13	2.000	1.000	148.000	1107.000	1482.853	1484.847	1485.434	9,	1486.130,	nan	nan	9.000	1488.446	-321.000	107.000	-214.000	321.000	1.006	0.587	3.241	
13	2.000	1.000	149.000	1107.000	1491.711	1494.376	1495.667	9,	1496.141,	nan	nan	9.000	1498.680	-321.000	107.000	-428.000	321.000	1.686	1.291	3.711	
13	2.000	1.000	150.000	1107.000	1502.405	1504.683	1506.471	8,	1506.833,	nan	nan	8.000	1509.488	-214.000	107.000	-321.000	428.000	1.291	1.788	2.579	
13	2.000	1.000	151.000	1107.000	1512.083	1513.907	1514.754	9,	1515.109,	nan	nan	9.000	1517.765	-214.000	214.000	-428.000	321.000	0.838	0.847	2.109	
13	2.000	1.000	152.000	1107.000	1519.889	1522.413	1524.235	8,	1524.540,	nan	nan	8.000	1527.253	-214.000	214.000	-107.000	107.000	1.537	1.822	3.434	
13	2.000	1.000	153.000	1107.000	1530.702	1533.438	1534.796	9,	1535.092,	nan	nan	9.000	1537.814	-107.000	214.000	-214.000	107.000	1.749	1.359	2.887	
13	2.000	1.000	154.000	1107.000	1540.718	1542.975	1544.854	8,	1544.990,	nan	nan	8.000	1547.866	-428.000	321.000	-214.000	214.000	1.272	1.879	3.531	
13	2.000	1.000	155.000	1107.000	1551.412	1553.188	1553.707	9,	1554.222,	nan	nan	9.000	1556.723	-321.000	321.000	-214.000	214.000	0.789	0.519	2.457	
13	2.000	1.000	156.000	1107.000	1559.207	1562.042	1562.691	8,	1562.815,	nan	nan	8.000	1565.703	-428.000	107.000	-107.000	428.000	1.860	0.650	2.733	
13	2.000	2.000	157.000	1107.000	46.083	48.055	48.873	8,	49.090,	nan	nan	8.000	51.887	321.000	-428.000	428.000	-428.000	0.973	0.818	3.447	
13	2.000	2.000	158.000	1107.000	55.348	58.163	58.730	8,9,	59.236,60.046,	nan	nan	9.000	61.743	-214.000	428.000	-107.000	214.000	1.826	0.568	2.958	
13	2.000	2.000	159.000	1107.000	64.848	67.192	68.034	9,	68.159,	nan	nan	9.000	71.047	-214.000	428.000	-107.000	107.000	1.489	0.842	3.421	
13	2.000	2.000	160.000	1107.000	74.490	77.359	79.359	8,	79.782,	nan	nan	8.000	82.377	-321.000	214.000	-107.000	107.000	1.889	2.000	2.251	
13	2.000	2.000	161.000	1107.000	84.647	86.666	88.458	9,	89.208,	nan	nan	9.000	91.471	-107.000	428.000	-214.000	107.000	1.035	1.793	3.363	
13	2.000	2.000	162.000	1107.000	94.854	96.433	97.203	9,	97.754,	nan	nan	9.000	100.220	-214.000	428.000	-321.000	107.000	0.596	0.770	3.132	
13	2.000	2.000	163.000	1107.000	103.374	105.606	106.275	8,	106.507,	nan	nan	8.000	109.292	-321.000	321.000	-107.000	214.000	1.252	0.669	2.334	
13	2.000	2.000	164.000	1107.000	111.645	113.239	114.043	8,	114.891,	nan	nan	8.000	117.060	-214.000	214.000	-321.000	428.000	0.611	0.804	2.264	
13	2.000	2.000	165.000	1107.000	119.343	121.501	122.729	9,	123.104,	nan	nan	9.000	125.742	-107.000	428.000	-428.000	107.000	1.175	1.228	3.608	
13	2.000	2.000	166.000	1107.000	129.368	131.797	132.581	8,	132.745,	nan	nan	8.000	135.597	-214.000	214.000	-321.000	321.000	1.445	0.785	2.347	
13	2.000	2.000	167.000	1107.000	137.969	139.480	141.186	8,	141.578,	nan	nan	8.000	144.198	-428.000	428.000	-107.000	107.000	0.534	1.706	3.080	
13	2.000	2.000	168.000	1107.000	147.299	149.345	149.956	9,	150.176,	nan	nan	9.000	152.974	-107.000	428.000	-214.000	321.000	1.064	0.611	2.585	
13	2.000	2.000	169.000	1107.000	155.578	158.315	159.138	9,	159.266,	nan	nan	9.000	162.155	-214.000	428.000	-321.000	214.000	1.754	0.823	2.900	
13	2.000	2.000	170.000	1107.000	165.067	166.731	168.234	8,	168.430,	nan	nan	8.000	171.247	321.000	214.000	428.000	214.000	0.674	1.503	3.370	
13	2.000	2.000	171.000	1107.000	174.640	177.599	179.488	8,	179.818,	nan	nan	8.000	182.501	-428.000	214.000	-321.000	321.000	1.981	1.889	2.598	
13	2.000	2.000	172.000	1107.000	185.123	186.915	188.013	8,	188.888,	nan	nan	8.000	191.025	-214.000	107.000	-321.000	321.000	0.814	1.098	2.084	
13	2.000	2.000	173.000	1107.000	193.130	195.127	195.993	9,	196.412,	nan	nan	9.000	199.011	-321.000	214.000	-428.000	107.000	1.016	0.867	3.486	
13	2.000	2.000	174.000	1107.000	202.520	205.465	207.459	8,	208.076,	nan	nan	8.000	210.473	-321.000	321.000	-214.000	428.000	1.966	1.995	3.113	
13	2.000	2.000	175.000	1107.000	213.609	216.153	217.174	8,	217.559,	nan	nan	8.000	220.191	-428.000	214.000	-214.000	321.000	1.566	1.021	3.588	
13	2.000	2.000	176.000	1107.000	223.797	226.492	227.769	8,8,	228.275,228.846,	9.000	230.786	8.000	230.786	-214.000	107.000	-321.000	214.000	1.711	1.277	2.669	
13	2.000	2.000	177.000	1107.000	233.482	236.110	236.754	9,	236.885,	nan	nan	9.000	239.771	-107.000	321.000	-428.000	428.000	1.653	0.645	3.923	
13	2.000	2.000	178.000	1107.000	243.712	245.341	246.511	8,	246.674,	nan	nan	8.000	249.528	-428.000	428.000	-107.000	214.000	0.645	1.170	2.077	
13	2.000	2.000	179.000	1107.000	251.630	253.320	253.834	9,	254.121,	nan	nan	9.000	256.845	-321.000	321.000	-428.000	428.000	0.712	0.514	2.463	
13	2.000	2.000	180.000	1107.000	259.332	261.655	263.042	8,	263.378,	nan	nan	8.000	266.055	-428.000	321.000	-321.000	428.000	1.344	1.387	3.138	
13	2.000	2.000	181.000	1107.000	269.259	270.913	272.116	8,	272.225,	nan	nan	8.000	275.129	-428.000	321.000	-321.000	107.000	0.717	1.204	2.740	
13	2.000	2.000	182.000	1107.000	277.892	279.964	281.781	8,	282.297,	nan	nan	8.000	284.794	-428.000	428.000	-214.000	107.000	1.093	1.817	3.042	
13	2.000	2.000	183.000	1107.000	287.852	289.734	290.740	8,	291.077,	nan	nan	8.000	293.758	-214.000	321.000	-107.000	321.000	0.895	1.006	3.492	
13	2.000	2.000	184.000	1107.000	297.275	299.109	299.608	8,	300.075,	nan	nan	8.000	302.625	-214.000	214.000	-107.000	321.000	0.857	0.500	2.920	
13	2.000	2.000	185.000	1107.000	305.567	308.503	310.459	9,	310.883,	nan	nan	9.000	313.477	-107.000	321.000	-428.000	107.000	1.957	1.957	2.630	
13	2.000	2.000	186.000	1107.000	316.128	318.718	320.491	9,	320.836,	nan	nan	9.000	323.503	-214.000	428.000	-428.000	107.000	1.609	1.773	2.277	
13	2.000	2.000	187.000	1107.000	325.804	327.914	329.055	8,	329.990,	nan	nan	8.000	332.068	-321.000	214.000	-214.000	107.000	1.132	1.141	2.817	
13	2.000	2.000	188.000	1107.000	334.903	336.825	338.343	9,	338.505,	nan	nan	9.000	341.355	-107.000	428.000	-214.000	214.000	0.939	1.518	2.058	
13	2.000	2.000	189.000	1107.000	343.438	345.518	346.895	9,	347.085,	nan	nan	9.000	349.913	-107.000	428.000	-321.000	107.000	1.103	1.378	2.752	
13	2.000	2.000	190.000	1107.000	352.688	355.045	356.230	8,	356.498,	nan	nan	8.000	359.247	-428.000	428.000	-321.000	107.000	1.378	1.185	2.412	
13	2.000	2.000	191.000	1107.000	361.681	364.362	365.947	9,	366.442,	nan	nan	9.000	368.960	-107.000	214.000	-428.000	321.000	1.701	1.585	2.894	
13	2.000	2.000	192.000	1107.000	372.000	374.065	375.139	9,	376.079,	nan	nan	9.000	378.155	-107.000	214.000	-321.000	321.000	1.209	1.074	3.376	
13	2.000	2.000	193.000	1107.000	381.562	383.058	384.710	9,	385.528,	nan	nan	9.000	387.728	-107.000	214.000	-428.000	107.000	0.524	1.653	2.849	
13	2.000	2.000	194.000	1107.000	390.594	392.445	393.919	9,	394.583,	nan	nan	9.000	396.931	-214.000	214.000	-428.000	107.000	0.867	1.474	3.550	
13	2.000	2.000	195.000	1107.000	400.500	402.543	403.399	9,	403.751,	nan	nan	9.000	406.416	-321.000	428.000	-214.000	107.000	1.059	0.857	2.746	
13	2.000	2.000	196.000	1107.000	409.178	412.096	413.980	8,	414.452,	nan	nan	8.000	416.999	-214.000	-321.000	-107.000	-321.000	1.932	1.884	3.125	
13	2.000	2.000	197.000	1107.000	420.145	421.911	422.439	8,	422.777,	nan	nan	8.000	425.456	-321.000	214.000	-107.000	428.000	0.785	0.529	2.842	
13	2.000	2.000	198.000	1107.000	428.316	430.292	431.814	9,	432.142,	nan	nan	9.000	434.827	-214.000	107.000	-428.000	321.000	0.992	1.523	3.068	
13	2.000	2.000	199.000	1107.000	437.907	439.807	441.783	9,	441.814,	nan	nan	9.000	444.799	-214.000	107.000	-428.000	214.000	0.910	1.976	2.090	
13	2.000	2.000	200.000	1107.000	446.907	449.636	451.303	8,	451.563,	nan	nan	8.000	454.316	-321.000	214.000	-214.000	321.000	1.744	1.667	3.936	
13	2.000	2.000	201.000	1107.000	458.269	460.004	460.658	9,	460.685,	nan	nan	9.000	463.676	-214.000	428.000	-321.000	321.000	0.751	0.654	2.206	
13	2.000	2.000	202.000	1107.000	465.900	468.763	469.297	9,	469.484,	nan	nan	9.000	472.309	-107.000	428.000	-428.000	214.000	1.879	0.534	3.974	
13	2.000	2.000	203.000	1107.000	476.319	479.160	479.905	9,	480.125,	nan	nan	9.000	482.918	-107.000	428.000	-321.000	321.000	1.875	0.746	2.373	
13	2.000	2.000	204.000	1107.000	485.314	488.052	488.996	9,	489.221,	nan	nan	9.000	492.007	-214.000	428.000	-428.000	214.000	1.759	0.944	3.949	
13	2.000	2.000	205.000	1107.000	495.974	498.109	499.284	9,	499.518,	nan	nan	9.000	502.297	-321.000	214.000	-428.000	428.000	1.151	1.175	3.659	
13	2.000	2.000	206.000	1107.000	505.980	508.076	508.976	9,	509.106,	nan	nan	9.000	511.988	-107.000	107.000	-214.000	214.000	1.117	0.900	2.785	
13	2.000	2.000	207.000	1107.000	514.796	516.863	518.525	8,	518.980,	nan	nan	8.000	521.538	-428.000	214.000	-107.000	321.000	1.088	1.662	3.788	
13	2.000	2.000	208.000	1107.000	525.346	528.198	528.934	8,	529.072,	nan	nan	8.000	531.950	-214.000	107.000	-107.000	428.000	1.870	0.736	2.772	
13	2.000	2.000	209.000	1107.000	534.749	537.363	538.682	8,	538.774,	nan	nan	8.000	541.695	214.000	-321.000	428.000	-321.000	1.638	1.320	2.006	
13	2.000	2.000	210.000	1107.000	543.725	545.406	546.904	9,	547.293,	nan	nan	9.000	549.917	-214.000	107.000	-428.000	428.000	0.703	1.498	2.714	
13	2.000	2.000	211.000	1107.000	552.655	555.208	556.952	8,8,	557.391,557.839,	nan	nan	8.000	559.970	-428.000	428.000	-214.000	321.000	1.576	1.744	2.502	
13	2.000	2.000	212.000	1107.000	562.488	564.504	566.349	8,	566.369,	nan	nan	8.000	569.362	-214.000	214.000	-107.000	428.000	1.031	1.846	2.810	
13	2.000	2.000	213.000	1107.000	572.190	574.388	575.924	8,	576.089,	nan	nan	8.000	578.942	-428.000	214.000	-214.000	107.000	1.214	1.537	3.968	
13	2.000	2.000	214.000	1107.000	582.925	585.506	587.467	9,	587.966,	nan	nan	9.000	590.486	-107.000	428.000	-321.000	214.000	1.595	1.961	3.916	
13	2.000	2.000	215.000	1107.000	594.520	597.019	598.392	9,	598.513,	nan	nan	9.000	601.404	-321.000	107.000	-428.000	214.000	1.614	1.373	2.296	
13	2.000	2.000	216.000	1107.000	603.732	605.684	606.946	8,	607.338,	nan	nan	8.000	609.958	-428.000	428.000	-321.000	214.000	0.982	1.262	2.540	
13	2.000	2.000	217.000	1107.000	612.526	615.399	616.695	8,	616.882,	nan	nan	8.000	619.708	-107.000	321.000	-214.000	428.000	1.899	1.296	3.749	
13	2.000	2.000	218.000	1107.000	623.487	626.401	628.183	8,	628.296,	9.000	631.197	8.000	631.197	-107.000	321.000	-321.000	107.000	1.942	1.783	3.164	
13	2.000	2.000	219.000	1107.000	634.385	636.172	637.303	8,	637.365,	nan	nan	8.000	640.320	-214.000	107.000	-107.000	321.000	0.809	1.132	3.190	
13	2.000	2.000	220.000	1107.000	643.534	645.533	646.568	9,	646.647,	nan	nan	9.000	649.581	-107.000	214.000	-428.000	428.000	1.021	1.035	2.489	
13	2.000	2.000	221.000	1107.000	652.095	653.639	655.629	8,	655.886,	nan	nan	8.000	658.643	-321.000	214.000	-107.000	321.000	0.568	1.990	2.508	
13	2.000	2.000	222.000	1107.000	661.180	663.888	664.947	8,	664.973,	nan	nan	8.000	667.959	214.000	321.000	428.000	321.000	1.735	1.059	3.621	
13	2.000	2.000	223.000	1107.000	671.602	673.236	673.861	9,	673.940,	nan	nan	9.000	676.878	-214.000	428.000	-428.000	321.000	0.654	0.625	2.270	
13	2.000	2.000	224.000	1107.000	679.164	681.417	682.370	9,	682.860,	nan	nan	9.000	685.381	-321.000	214.000	-428.000	321.000	1.267	0.953	2.797	
13	2.000	2.000	225.000	1107.000	688.198	690.347	691.145	8,	691.417,	nan	nan	8.000	694.163	-428.000	428.000	-214.000	214.000	1.166	0.799	2.154	
13	2.000	2.000	226.000	1107.000	696.332	698.605	699.491	8,	699.699,	nan	nan	8.000	702.502	-428.000	214.000	-321.000	428.000	1.286	0.886	3.781	
13	2.000	2.000	227.000	1107.000	706.304	708.393	710.359	9,	710.454,	nan	nan	9.000	713.376	-107.000	214.000	-214.000	321.000	1.108	1.966	2.527	
13	2.000	2.000	228.000	1107.000	715.924	718.163	719.796	8,	720.072,	nan	nan	8.000	722.813	-428.000	321.000	-214.000	107.000	1.257	1.633	3.151	
13	2.000	2.000	229.000	1107.000	725.986	727.809	729.191	8,	729.604,	nan	nan	8.000	732.209	-428.000	107.000	-107.000	214.000	0.842	1.383	3.350	
13	2.000	2.000	230.000	1107.000	735.576	738.055	739.649	9,8,	739.684,740.111,	nan	nan	8.000	742.667	-214.000	321.000	-321.000	107.000	1.494	1.595	3.929	
13	2.000	2.000	231.000	1107.000	746.618	749.131	751.044	9,	751.356,	nan	nan	9.000	754.061	-321.000	428.000	-428.000	321.000	1.532	1.913	2.199	
13	2.000	2.000	232.000	1107.000	756.282	758.317	759.588	9,	759.654,	nan	nan	9.000	762.601	-107.000	214.000	-321.000	107.000	1.055	1.272	3.891	
13	2.000	2.000	233.000	1107.000	766.509	768.606	769.285	9,	769.570,	nan	nan	9.000	772.296	-214.000	214.000	-428.000	428.000	1.113	0.678	2.727	
13	2.000	2.000	234.000	1107.000	775.046	777.331	778.486	9,	778.721,	nan	nan	9.000	781.499	-107.000	107.000	-428.000	214.000	1.305	1.156	3.498	
13	2.000	2.000	235.000	1107.000	785.074	787.247	788.697	8,	788.866,	nan	nan	8.000	791.710	-321.000	321.000	-107.000	321.000	1.248	1.450	3.093	
13	2.000	2.000	236.000	1107.000	794.845	797.106	798.392	9,	798.729,	nan	nan	9.000	801.408	-321.000	428.000	-428.000	107.000	1.301	1.286	3.061	
13	2.000	2.000	237.000	1107.000	804.483	806.922	808.868	9,	809.865,	nan	nan	9.000	811.886	-321.000	428.000	-107.000	321.000	1.450	1.947	3.460	
13	2.000	2.000	238.000	1107.000	815.370	817.577	819.186	8,	819.611,	nan	nan	8.000	822.203	-428.000	107.000	-214.000	214.000	1.228	1.609	2.553	
13	2.000	2.000	239.000	1107.000	824.776	826.490	827.091	8,	827.317,	nan	nan	8.000	830.108	-428.000	107.000	-214.000	321.000	0.732	0.601	3.698	
13	2.000	2.000	240.000	1107.000	833.829	836.123	837.013	9,	838.469,	nan	nan	9.000	840.030	-214.000	321.000	-321.000	214.000	1.315	0.891	3.910	
13	2.000	2.000	241.000	1107.000	843.957	846.889	848.793	9,	849.155,	nan	nan	9.000	851.811	-107.000	321.000	-428.000	214.000	1.947	1.904	3.048	
13	2.000	2.000	242.000	1107.000	854.880	856.584	857.826	8,	858.145,	nan	nan	8.000	860.843	-321.000	107.000	-107.000	214.000	0.722	1.243	2.096	
13	2.000	2.000	243.000	1107.000	862.964	865.783	867.561	8,	867.693,	nan	nan	8.000	870.574	-214.000	321.000	-107.000	214.000	1.841	1.778	2.572	
13	2.000	2.000	244.000	1107.000	873.162	875.000	875.760	8,	875.999,	nan	nan	8.000	878.772	-107.000	214.000	-321.000	428.000	0.852	0.760	3.100	
13	2.000	2.000	245.000	1107.000	881.893	884.151	885.957	9,9,	886.499,887.189,	nan	nan	9.000	888.975	-321.000	321.000	-428.000	107.000	1.277	1.807	3.601	
13	2.000	2.000	246.000	1107.000	892.590	894.469	895.480	9,	895.635,	nan	nan	9.000	898.498	-214.000	321.000	-428.000	107.000	0.891	1.011	3.286	
13	2.000	2.000	247.000	1107.000	901.799	904.622	906.530	8,	906.686,	nan	nan	8.000	909.543	-321.000	321.000	-107.000	107.000	1.836	1.908	3.293	
13	2.000	2.000	248.000	1107.000	912.853	914.806	915.465	8,	915.739,	nan	nan	8.000	918.477	-321.000	-428.000	-107.000	-428.000	0.968	0.659	3.203	
13	2.000	2.000	249.000	1107.000	921.697	924.281	925.118	9,	925.221,	nan	nan	9.000	928.135	-214.000	321.000	-428.000	214.000	1.600	0.838	3.106	
13	2.000	2.000	250.000	1107.000	931.266	933.230	934.979	8,	935.209,	nan	nan	8.000	937.996	-428.000	214.000	-214.000	428.000	0.987	1.749	2.682	
13	2.000	2.000	251.000	1107.000	940.702	943.082	944.334	8,	944.703,	nan	nan	8.000	947.351	-428.000	321.000	-321.000	214.000	1.402	1.252	2.939	
13	2.000	2.000	252.000	1107.000	950.306	951.956	952.644	8,	953.028,	nan	nan	8.000	955.657	-107.000	321.000	-321.000	428.000	0.664	0.688	3.768	
13	2.000	2.000	253.000	1107.000	959.450	961.883	963.738	8,	963.868,	nan	nan	8.000	966.751	-428.000	107.000	-107.000	321.000	1.455	1.855	2.617	
13	2.000	2.000	254.000	1107.000	969.386	971.989	972.561	9,	972.688,	nan	nan	9.000	975.573	-107.000	428.000	-428.000	321.000	1.619	0.572	3.260	
13	2.000	2.000	255.000	1107.000	978.853	980.611	981.694	8,	981.857,	nan	nan	8.000	984.711	-321.000	214.000	-214.000	428.000	0.775	1.084	2.219	
13	2.000	2.000	256.000	1107.000	986.952	989.315	990.533	8,	990.759,	nan	nan	8.000	993.551	-428.000	428.000	-321.000	321.000	1.383	1.219	3.196	
13	2.000	2.000	257.000	1107.000	996.821	999.517	1000.494	9,	1001.558,	nan	nan	9.000	1003.507	-214.000	107.000	-107.000	214.000	1.768	0.977	2.212	
13	2.000	2.000	258.000	1107.000	1005.744	1007.960	1009.573	8,	1010.224,	nan	nan	8.000	1012.586	-321.000	107.000	-107.000	321.000	1.238	1.614	3.055	
13	2.000	2.000	259.000	1107.000	1015.665	1018.445	1019.195	9,	1019.275,	nan	nan	9.000	1022.213	-107.000	107.000	-321.000	321.000	1.802	0.751	3.170	
13	2.000	2.000	260.000	1107.000	1025.403	1027.213	1028.837	9,	1028.979,	nan	nan	9.000	1031.849	-321.000	428.000	-107.000	214.000	0.828	1.624	3.473	
13	2.000	2.000	261.000	1107.000	1035.346	1037.509	1038.491	8,	1038.855,	nan	nan	8.000	1041.507	214.000	-107.000	321.000	-107.000	1.185	0.982	3.453	
13	2.000	2.000	262.000	1107.000	1044.985	1047.485	1048.178	8,	1048.904,	nan	nan	8.000	1051.195	-214.000	321.000	-107.000	107.000	1.523	0.693	2.701	
13	2.000	2.000	263.000	1107.000	1053.939	1056.131	1057.991	9,8,	1058.152,1059.321,	nan	nan	8.000	1061.008	-214.000	428.000	-107.000	321.000	1.233	1.860	2.971	
13	2.000	2.000	264.000	1107.000	1064.008	1065.776	1067.693	8,	1068.040,	nan	nan	8.000	1070.711	-428.000	321.000	-107.000	107.000	0.794	1.918	3.280	
13	2.000	2.000	265.000	1107.000	1074.015	1076.877	1078.476	8,	1078.756,	nan	nan	8.000	1081.489	-428.000	321.000	-214.000	428.000	1.884	1.600	2.534	
13	2.000	2.000	266.000	1107.000	1084.042	1085.607	1086.329	9,	1086.469,	nan	nan	9.000	1089.346	-321.000	428.000	-107.000	107.000	0.582	0.722	2.868	
13	2.000	2.000	267.000	1107.000	1092.237	1094.724	1096.121	8,	1096.267,	nan	nan	8.000	1099.133	-428.000	428.000	-107.000	321.000	1.508	1.397	3.183	
13	2.000	2.000	268.000	1107.000	1102.344	1104.219	1105.688	9,	1105.770,	nan	nan	9.000	1108.706	-107.000	107.000	-214.000	321.000	0.900	1.469	3.614	
13	2.000	2.000	269.000	1107.000	1112.340	1114.270	1115.416	8,	1115.451,	nan	nan	8.000	1118.434	-428.000	214.000	-321.000	107.000	0.949	1.146	3.254	
13	2.000	2.000	270.000	1107.000	1121.706	1123.773	1125.488	9,	1125.948,	nan	nan	9.000	1128.506	-107.000	321.000	-214.000	107.000	1.084	1.715	2.707	
13	2.000	2.000	271.000	1107.000	1131.239	1133.295	1134.696	9,	1134.839,	nan	nan	9.000	1137.713	-321.000	428.000	-428.000	214.000	1.079	1.402	2.437	
13	2.000	2.000	272.000	1107.000	1140.168	1142.617	1144.048	9,	1144.245,	nan	nan	9.000	1147.065	-321.000	107.000	-214.000	214.000	1.465	1.431	2.141	
13	2.000	2.000	273.000	1107.000	1149.230	1151.345	1153.045	9,	1153.097,	nan	nan	9.000	1156.058	-107.000	107.000	-321.000	214.000	1.137	1.701	2.135	
13	2.000	2.000	274.000	1107.000	1158.223	1160.887	1162.476	8,	1162.688,	nan	nan	8.000	1165.489	214.000	107.000	321.000	107.000	1.691	1.590	3.582	
13	2.000	2.000	275.000	1107.000	1169.134	1171.446	1173.286	8,	1173.790,	nan	nan	8.000	1176.299	-107.000	214.000	-214.000	428.000	1.373	1.841	2.315	
13	2.000	2.000	276.000	1107.000	1178.633	1180.233	1181.952	9,8,	1182.165,1182.963,	nan	nan	8.000	1184.971	-107.000	107.000	-321.000	428.000	0.616	1.720	4.000	
13	2.000	2.000	277.000	1107.000	1188.997	1190.603	1191.995	8,	1193.049,	nan	nan	8.000	1195.013	-214.000	214.000	-321.000	107.000	0.630	1.392	3.010	
13	2.000	2.000	278.000	1107.000	1198.072	1199.843	1200.396	8,	1200.968,	nan	nan	8.000	1203.412	-214.000	321.000	-321.000	428.000	0.818	0.553	2.367	
13	2.000	2.000	279.000	1107.000	1205.798	1208.250	1209.102	9,	1209.437,	nan	nan	9.000	1212.114	-321.000	107.000	-428.000	321.000	1.469	0.852	2.862	
13	2.000	2.000	280.000	1107.000	1215.001	1216.618	1217.392	8,	1217.819,	nan	nan	8.000	1220.410	-321.000	321.000	-107.000	428.000	0.640	0.775	2.257	
13	2.000	2.000	281.000	1107.000	1222.696	1224.358	1225.924	9,	1226.122,	nan	nan	9.000	1228.937	-321.000	321.000	-428.000	214.000	0.688	1.566	3.087	
13	2.000	2.000	282.000	1107.000	1232.044	1234.423	1235.955	9,	1236.015,	nan	nan	9.000	1238.972	-107.000	107.000	-428.000	321.000	1.397	1.532	2.605	
13	2.000	2.000	283.000	1107.000	1241.630	1244.222	1245.730	9,	1245.859,	nan	nan	9.000	1248.742	-321.000	321.000	-214.000	214.000	1.643	1.508	3.801	
13	2.000	2.000	284.000	1107.000	1252.566	1255.309	1257.173	8,	1257.209,	nan	nan	8.000	1260.191	-428.000	321.000	-214.000	214.000	1.764	1.865	3.576	
13	2.000	2.000	285.000	1107.000	1263.791	1265.298	1266.666	8,	1266.794,	nan	nan	8.000	1269.682	-214.000	214.000	-107.000	107.000	0.529	1.368	3.794	
13	2.000	2.000	286.000	1107.000	1273.501	1276.334	1277.436	9,	1277.718,	nan	nan	9.000	1280.454	-214.000	321.000	-428.000	428.000	1.855	1.103	3.267	
13	2.000	2.000	287.000	1107.000	1283.739	1286.453	1288.095	8,9,	1288.420,1289.630,	nan	nan	9.000	1291.114	-321.000	214.000	-214.000	214.000	1.730	1.643	3.357	
13	2.000	2.000	288.000	1107.000	1294.489	1296.735	1298.412	9,	1298.457,	nan	nan	9.000	1301.425	-321.000	428.000	-214.000	321.000	1.262	1.677	3.408	
13	2.000	2.000	289.000	1107.000	1304.985	1306.886	1307.617	8,	1307.852,	nan	nan	8.000	1310.629	-428.000	214.000	-107.000	428.000	1.050	0.732	2.990	
13	2.000	2.000	290.000	1107.000	1313.644	1316.202	1316.798	9,9,	1316.829,1317.214,	nan	nan	9.000	1319.815	-321.000	428.000	-214.000	214.000	1.580	0.596	2.161	
13	2.000	2.000	291.000	1107.000	1321.994	1323.555	1325.357	9,	1325.796,	nan	nan	9.000	1328.370	-321.000	107.000	-428.000	428.000	0.577	1.802	2.418	
13	2.000	2.000	292.000	1107.000	1330.812	1332.295	1333.494	9,8,	1333.556,1333.921,	nan	nan	8.000	1336.512	-107.000	107.000	-214.000	428.000	0.505	1.199	3.987	
13	2.000	2.000	293.000	1107.000	1340.524	1342.889	1344.826	8,9,	1345.248,1346.252,	nan	nan	9.000	1347.844	-214.000	214.000	-428.000	321.000	1.387	1.937	2.405	
13	2.000	2.000	294.000	1107.000	1350.266	1352.793	1354.552	8,	1354.700,	nan	nan	8.000	1357.565	-214.000	321.000	-107.000	428.000	1.542	1.759	2.289	
13	2.000	2.000	295.000	1107.000	1359.871	1362.408	1363.028	9,	1363.228,	nan	nan	9.000	1366.041	-107.000	321.000	-321.000	214.000	1.551	0.621	3.273	
13	2.000	2.000	296.000	1107.000	1369.339	1370.995	1372.980	8,	1373.062,	nan	nan	8.000	1375.997	-214.000	107.000	-321.000	428.000	0.678	1.986	2.566	
13	2.000	2.000	297.000	1107.000	1378.588	1380.335	1381.829	8,	1381.875,	nan	nan	8.000	1384.842	-428.000	107.000	-321.000	428.000	0.770	1.494	2.952	
13	2.000	2.000	298.000	1107.000	1387.813	1390.207	1391.937	8,	1392.172,	nan	nan	8.000	1394.949	-428.000	107.000	-321.000	321.000	1.412	1.730	2.791	
13	2.000	2.000	299.000	1107.000	1397.766	1399.898	1401.768	9,	1401.846,	nan	nan	9.000	1404.780	-107.000	321.000	-214.000	214.000	1.156	1.870	3.756	
13	2.000	2.000	300.000	1107.000	1408.551	1410.848	1412.573	8,9,	1412.601,1413.114,	nan	nan	9.000	1415.591	-321.000	-428.000	-214.000	-428.000	1.310	1.725	3.871	
13	2.000	2.000	301.000	1107.000	1419.479	1422.088	1423.114	9,	1423.312,	nan	nan	9.000	1426.131	-107.000	107.000	-428.000	428.000	1.624	1.026	2.392	
13	2.000	2.000	302.000	1107.000	1428.541	1430.865	1432.281	9,	1432.584,	nan	nan	9.000	1435.293	-321.000	321.000	-214.000	107.000	1.339	1.416	2.379	
13	2.000	2.000	303.000	1107.000	1437.695	1439.999	1441.237	8,	1441.380,	nan	nan	8.000	1444.250	-321.000	107.000	-214.000	428.000	1.325	1.238	3.595	
13	2.000	2.000	304.000	1107.000	1447.865	1449.771	1451.428	8,	1451.651,	nan	nan	8.000	1454.441	-321.000	107.000	-107.000	428.000	0.924	1.658	3.177	
13	2.000	2.000	305.000	1107.000	1457.648	1459.347	1461.241	8,	1461.267,	nan	nan	8.000	1464.254	-428.000	107.000	-107.000	428.000	0.727	1.894	3.672	
13	2.000	2.000	306.000	1107.000	1467.974	1470.349	1471.461	9,	1471.971,	nan	nan	9.000	1474.478	-321.000	107.000	-214.000	321.000	1.421	1.113	2.444	
13	2.000	2.000	307.000	1107.000	1476.939	1479.128	1480.361	8,	1480.688,	nan	nan	8.000	1483.379	-428.000	321.000	-107.000	214.000	1.204	1.233	3.833	
13	2.000	2.000	308.000	1107.000	1487.244	1490.190	1491.230	9,	1491.332,	nan	nan	9.000	1494.242	-107.000	214.000	-214.000	107.000	1.976	1.040	3.569	
13	2.000	2.000	309.000	1107.000	1497.836	1499.719	1500.257	8,	1500.655,	nan	nan	8.000	1503.270	-428.000	107.000	-321.000	214.000	0.905	0.539	3.209	
13	2.000	2.000	310.000	1107.000	1506.541	1508.410	1509.575	8,	1510.041,	nan	nan	8.000	1512.588	-428.000	107.000	-214.000	428.000	0.929	1.166	2.675	
13	2.000	2.000	311.000	1107.000	1515.288	1517.219	1518.090	8,	1518.117,	nan	nan	8.000	1521.102	-428.000	214.000	-107.000	107.000	0.953	0.871	3.016	
13	2.000	2.000	312.000	1107.000	1524.210	1526.898	1528.213	8,	1528.234,	nan	nan	8.000	1531.226	-428.000	321.000	-107.000	428.000	1.778	1.315	3.743	
