subjID	session	Block	trialCount	earnings	Gam1Onset	Gam2Onset	FBOnset	KPs	RT	KPlate	RTlate	KP_Final	SLOnset	Gam1_1	Gam1_2	Gam2_1	Gam2_2	jit1	jit2	jit3	
14	2.000	1.000	1.000	1000.000	82.802	84.972	85.867	8,	86.023,	nan	nan	8.000	88.884	321.000	-107.000	428.000	-107.000	1.170	0.895	2.727	
14	2.000	1.000	2.000	1000.000	91.621	94.260	94.803	8,	94.974,	nan	nan	8.000	97.822	-214.000	214.000	-321.000	428.000	1.648	0.543	3.190	
14	2.000	1.000	3.000	1000.000	101.021	104.013	104.889	9,	105.329,	nan	nan	9.000	107.906	-107.000	321.000	-428.000	428.000	2.000	0.876	3.415	
14	2.000	1.000	4.000	1000.000	111.331	113.962	114.905	9,	115.063,	nan	nan	9.000	117.918	-321.000	321.000	-428.000	428.000	1.638	0.944	2.990	
14	2.000	1.000	5.000	1000.000	120.918	123.612	125.515	8,	126.154,	nan	nan	8.000	128.527	-321.000	214.000	-107.000	107.000	1.701	1.904	3.395	
14	2.000	1.000	6.000	1000.000	131.933	133.956	134.971	9,	135.354,	nan	nan	9.000	137.988	-107.000	214.000	-428.000	107.000	1.031	1.016	2.707	
14	2.000	1.000	7.000	1000.000	140.705	143.360	144.906	8,	145.233,	nan	nan	8.000	147.919	-428.000	428.000	-107.000	214.000	1.662	1.547	2.341	
14	2.000	1.000	8.000	1000.000	150.270	151.810	152.561	8,	152.965,	nan	nan	8.000	155.574	-428.000	428.000	-214.000	107.000	0.548	0.751	2.399	
14	2.000	1.000	9.000	1000.000	157.983	160.179	161.851	9,	162.245,	nan	nan	9.000	164.863	-321.000	214.000	-214.000	107.000	1.204	1.672	3.595	
14	2.000	1.000	10.000	1000.000	168.468	170.524	171.453	8,	171.936,	nan	nan	8.000	174.465	-428.000	321.000	-321.000	107.000	1.064	0.929	3.453	
14	2.000	1.000	11.000	1000.000	177.932	180.877	182.086	8,	182.472,	nan	nan	8.000	185.103	-428.000	428.000	-321.000	107.000	1.957	1.209	3.730	
14	2.000	1.000	12.000	1000.000	188.843	191.160	192.571	9,	193.394,	nan	nan	9.000	195.589	-107.000	428.000	-428.000	107.000	1.325	1.412	2.778	
14	2.000	1.000	13.000	1000.000	198.377	201.075	202.857	8,	203.292,	nan	nan	8.000	205.869	-214.000	107.000	-321.000	214.000	1.706	1.783	2.740	
14	2.000	1.000	14.000	1000.000	208.624	210.482	212.111	8,	212.507,	nan	nan	8.000	215.129	321.000	214.000	428.000	214.000	0.871	1.629	3.749	
14	2.000	1.000	15.000	1000.000	218.890	221.808	223.581	8,	223.940,	nan	nan	8.000	226.599	-214.000	428.000	-107.000	214.000	1.928	1.773	3.177	
14	2.000	1.000	16.000	1000.000	229.787	231.654	232.322	8,	232.910,	nan	nan	8.000	235.339	-214.000	428.000	-107.000	107.000	0.876	0.669	2.354	
14	2.000	1.000	17.000	1000.000	237.744	239.325	240.206	8,	240.932,	nan	nan	8.000	243.222	-428.000	428.000	-107.000	107.000	0.630	0.881	3.068	
14	2.000	1.000	18.000	1000.000	246.305	248.679	249.965	9,	250.378,	nan	nan	9.000	252.983	-107.000	321.000	-428.000	107.000	1.387	1.286	3.447	
14	2.000	1.000	19.000	1000.000	256.442	258.751	260.404	8,	260.816,	nan	nan	8.000	263.421	-214.000	214.000	-321.000	321.000	1.320	1.653	2.129	
14	2.000	1.000	20.000	1000.000	265.567	267.071	269.061	9,	269.383,	nan	nan	9.000	272.073	-321.000	321.000	-107.000	214.000	0.519	1.990	2.090	
14	2.000	1.000	21.000	1000.000	274.210	276.398	277.047	8,	277.460,	nan	nan	8.000	280.059	-428.000	321.000	-321.000	428.000	1.233	0.650	2.521	
14	2.000	1.000	22.000	1000.000	282.591	284.280	285.913	8,	286.281,	nan	nan	8.000	288.925	-321.000	321.000	-214.000	428.000	0.698	1.633	2.881	
14	2.000	1.000	23.000	1000.000	291.821	293.467	295.284	9,	295.640,	nan	nan	9.000	298.302	-214.000	428.000	-321.000	107.000	0.659	1.817	2.392	
14	2.000	1.000	24.000	1000.000	300.710	302.862	304.750	9,	304.787,	nan	nan	9.000	307.768	-107.000	214.000	-428.000	321.000	1.166	1.889	3.350	
14	2.000	1.000	25.000	1000.000	311.136	313.933	315.339	9,	315.786,	nan	nan	9.000	318.356	-321.000	214.000	-428.000	107.000	1.812	1.407	3.061	
14	2.000	1.000	26.000	1000.000	321.427	324.140	326.014	9,	326.398,	nan	nan	9.000	329.031	-107.000	428.000	-321.000	107.000	1.720	1.875	3.633	
14	2.000	1.000	27.000	1000.000	332.682	335.001	336.253	8,	336.665,	nan	nan	8.000	339.266	-214.000	321.000	-107.000	321.000	1.334	1.252	2.251	
14	2.000	1.000	28.000	1000.000	341.566	344.297	345.482	8,	345.886,	nan	nan	8.000	348.493	-214.000	214.000	-107.000	321.000	1.778	1.185	2.045	
14	2.000	1.000	29.000	1000.000	350.555	352.166	352.801	9,	353.177,	nan	nan	9.000	355.814	-214.000	214.000	-428.000	107.000	0.625	0.635	3.814	
14	2.000	1.000	30.000	1000.000	359.675	361.868	363.486	8,	364.275,	nan	nan	8.000	366.499	-214.000	107.000	-321.000	321.000	1.238	1.619	3.794	
14	2.000	1.000	31.000	1000.000	370.331	372.229	374.205	8,	374.570,	nan	nan	8.000	377.217	-428.000	214.000	-214.000	321.000	0.934	1.976	2.219	
14	2.000	1.000	32.000	1000.000	379.452	381.965	382.672	9,	383.062,	nan	nan	9.000	385.684	-107.000	428.000	-214.000	214.000	1.527	0.707	3.048	
14	2.000	1.000	33.000	1000.000	388.786	391.701	393.011	9,	393.395,	nan	nan	9.000	396.023	-107.000	428.000	-214.000	321.000	1.966	1.310	3.055	
14	2.000	1.000	34.000	1000.000	399.091	400.937	402.184	9,	402.564,	nan	nan	9.000	405.201	-321.000	428.000	-214.000	107.000	0.857	1.248	2.630	
14	2.000	1.000	35.000	1000.000	407.882	410.486	411.845	9,	412.259,	nan	nan	9.000	414.857	-214.000	428.000	-321.000	214.000	1.653	1.359	2.810	
14	2.000	1.000	36.000	1000.000	417.684	420.047	421.772	8,	422.122,	nan	nan	8.000	424.784	-428.000	214.000	-321.000	321.000	1.378	1.725	3.884	
14	2.000	1.000	37.000	1000.000	428.704	430.894	432.296	9,	432.710,	nan	nan	9.000	435.313	-214.000	428.000	-428.000	107.000	1.223	1.402	2.939	
14	2.000	1.000	38.000	1000.000	438.291	440.429	441.021	9,	441.393,	nan	nan	9.000	444.033	-107.000	428.000	-214.000	107.000	1.175	0.592	2.682	
14	2.000	1.000	39.000	1000.000	446.731	449.451	450.057	8,	450.567,	nan	nan	8.000	453.070	-107.000	214.000	-321.000	321.000	1.735	0.606	2.772	
14	2.000	1.000	40.000	1000.000	455.857	457.691	459.030	8,	459.521,	nan	nan	8.000	462.041	-214.000	-321.000	-107.000	-321.000	0.847	1.339	3.929	
14	2.000	1.000	41.000	1000.000	465.987	468.963	470.504	9,	470.862,	nan	nan	9.000	473.517	-214.000	428.000	-321.000	321.000	1.990	1.542	3.125	
14	2.000	1.000	42.000	1000.000	476.656	478.743	479.749	9,	480.272,	nan	nan	9.000	482.761	-214.000	107.000	-428.000	214.000	1.098	1.006	2.186	
14	2.000	1.000	43.000	1000.000	484.959	486.517	487.668	9,	488.067,	nan	nan	9.000	490.685	-107.000	321.000	-214.000	428.000	0.568	1.151	3.576	
14	2.000	1.000	44.000	1000.000	494.271	495.902	496.961	9,	497.341,	nan	nan	9.000	499.979	-107.000	321.000	-321.000	107.000	0.640	1.059	2.605	
14	2.000	1.000	45.000	1000.000	502.596	504.935	506.365	8,	506.785,	nan	nan	8.000	509.377	-428.000	107.000	-107.000	214.000	1.349	1.431	2.379	
14	2.000	1.000	46.000	1000.000	511.781	513.668	514.838	8,	515.191,	nan	nan	8.000	517.851	-214.000	107.000	-107.000	321.000	0.910	1.170	3.826	
14	2.000	1.000	47.000	1000.000	521.715	523.773	525.483	9,	525.914,	nan	nan	9.000	528.501	-214.000	321.000	-321.000	107.000	1.093	1.711	2.585	
14	2.000	1.000	48.000	1000.000	531.116	532.709	533.734	9,	534.049,	nan	nan	9.000	536.746	-107.000	107.000	-428.000	214.000	0.621	1.026	3.601	
14	2.000	1.000	49.000	1000.000	540.363	542.655	543.376	9,	543.754,	nan	nan	9.000	546.394	-107.000	214.000	-321.000	107.000	1.305	0.722	3.183	
14	2.000	1.000	50.000	1000.000	549.608	552.011	553.904	9,	554.207,	nan	nan	9.000	556.923	-214.000	428.000	-428.000	214.000	1.431	1.894	3.807	
14	2.000	1.000	51.000	1000.000	560.746	562.347	563.141	9,	563.542,	nan	nan	9.000	566.159	-214.000	214.000	-428.000	428.000	0.616	0.794	2.469	
14	2.000	1.000	52.000	1000.000	568.647	571.568	573.432	8,	573.935,	nan	nan	8.000	576.445	-428.000	214.000	-321.000	428.000	1.937	1.865	3.016	
14	2.000	1.000	53.000	1000.000	579.472	581.600	582.244	8,	582.653,	nan	nan	8.000	585.256	214.000	-107.000	428.000	-107.000	1.137	0.645	2.264	
14	2.000	1.000	54.000	1000.000	587.536	590.102	591.373	8,	591.745,	nan	nan	8.000	594.386	-214.000	214.000	-107.000	428.000	1.580	1.272	3.119	
14	2.000	1.000	55.000	1000.000	597.548	599.175	600.432	9,	600.524,	nan	nan	9.000	603.449	-214.000	428.000	-428.000	321.000	0.669	1.257	2.084	
14	2.000	1.000	56.000	1000.000	605.548	608.081	609.589	8,	609.999,	nan	nan	8.000	612.601	-321.000	214.000	-107.000	321.000	1.547	1.508	2.270	
14	2.000	1.000	57.000	1000.000	614.889	616.692	618.542	9,	618.788,	nan	nan	9.000	621.555	-107.000	214.000	-428.000	428.000	0.818	1.850	2.688	
14	2.000	1.000	58.000	1000.000	624.265	627.019	628.512	8,	628.837,	nan	nan	8.000	631.525	-428.000	428.000	-214.000	214.000	1.773	1.494	2.180	
14	2.000	1.000	59.000	1000.000	633.722	636.630	637.327	9,	637.738,	nan	nan	9.000	640.339	-107.000	428.000	-321.000	214.000	1.923	0.698	3.408	
14	2.000	1.000	60.000	1000.000	643.772	646.730	647.886	9,	648.200,	nan	nan	9.000	650.898	-214.000	107.000	-428.000	321.000	1.981	1.156	2.559	
14	2.000	1.000	61.000	1000.000	653.472	655.302	656.506	8,	656.810,	nan	nan	8.000	659.519	-321.000	214.000	-107.000	428.000	0.842	1.204	3.543	
14	2.000	1.000	62.000	1000.000	663.095	664.771	665.985	9,	666.354,	nan	nan	9.000	669.002	-214.000	107.000	-428.000	428.000	0.707	1.214	2.437	
14	2.000	1.000	63.000	1000.000	671.470	673.091	673.648	8,	674.126,	nan	nan	8.000	676.661	-214.000	107.000	-107.000	428.000	0.650	0.558	3.839	
14	2.000	1.000	64.000	1000.000	680.517	682.812	684.783	8,	685.094,	nan	nan	8.000	687.795	-428.000	321.000	-214.000	107.000	1.310	1.971	2.322	
14	2.000	1.000	65.000	1000.000	690.155	692.077	693.812	8,	694.196,	nan	nan	8.000	696.829	-428.000	428.000	-321.000	214.000	0.958	1.735	3.891	
14	2.000	1.000	66.000	1000.000	700.750	703.176	703.729	8,	704.668,	nan	nan	8.000	706.742	214.000	107.000	428.000	107.000	1.455	0.553	3.974	
14	2.000	1.000	67.000	1000.000	710.733	713.574	715.366	9,	715.719,	nan	nan	9.000	718.384	-107.000	107.000	-214.000	214.000	1.855	1.793	2.174	
14	2.000	1.000	68.000	1000.000	720.613	723.458	724.821	9,	725.173,	nan	nan	9.000	727.834	-107.000	214.000	-214.000	321.000	1.899	1.363	3.801	
14	2.000	1.000	69.000	1000.000	731.709	733.600	734.972	9,	735.310,	nan	nan	9.000	737.984	-321.000	214.000	-428.000	428.000	0.963	1.373	3.936	
14	2.000	1.000	70.000	1000.000	741.960	744.285	745.113	9,	745.274,	nan	nan	9.000	748.125	-321.000	107.000	-428.000	214.000	1.363	0.828	3.293	
14	2.000	1.000	71.000	1000.000	751.437	752.973	754.046	9,	754.560,	nan	nan	9.000	757.064	-107.000	428.000	-321.000	321.000	0.553	1.074	2.206	
14	2.000	1.000	72.000	1000.000	759.334	761.071	762.106	8,	762.550,	nan	nan	8.000	765.119	-321.000	214.000	-214.000	321.000	0.799	1.035	3.010	
14	2.000	1.000	73.000	1000.000	768.186	770.045	770.815	8,	771.139,	nan	nan	8.000	773.827	-428.000	428.000	-214.000	321.000	0.915	0.770	2.791	
14	2.000	1.000	74.000	1000.000	776.630	779.244	780.940	8,	781.317,	nan	nan	8.000	783.952	-428.000	214.000	-107.000	321.000	1.624	1.696	3.273	
14	2.000	1.000	75.000	1000.000	787.242	789.360	791.128	9,	791.449,	nan	nan	9.000	794.141	-321.000	214.000	-428.000	321.000	1.132	1.768	2.006	
14	2.000	1.000	76.000	1000.000	796.165	798.503	799.123	9,	799.190,	nan	nan	9.000	802.141	-321.000	428.000	-428.000	321.000	1.354	0.621	2.907	
14	2.000	1.000	77.000	1000.000	805.060	807.809	809.630	9,	810.002,	nan	nan	9.000	812.643	-107.000	428.000	-428.000	214.000	1.759	1.822	2.064	
14	2.000	1.000	78.000	1000.000	814.730	817.232	817.895	8,	818.462,	nan	nan	8.000	820.907	-428.000	214.000	-214.000	107.000	1.523	0.664	3.537	
14	2.000	1.000	79.000	1000.000	824.479	826.241	827.126	8,	827.452,	nan	nan	8.000	830.143	-321.000	107.000	-107.000	107.000	0.794	0.886	3.904	
14	2.000	1.000	80.000	1000.000	834.065	836.363	837.504	8,	837.855,	nan	nan	8.000	840.522	-428.000	107.000	-214.000	321.000	1.315	1.141	3.235	
14	2.000	1.000	81.000	1000.000	843.779	846.151	846.940	8,	847.786,	nan	nan	8.000	849.956	-214.000	321.000	-107.000	107.000	1.392	0.789	2.855	
14	2.000	1.000	82.000	1000.000	852.881	855.075	856.988	8,	857.295,	nan	nan	8.000	860.000	-428.000	214.000	-214.000	428.000	1.262	1.913	2.367	
14	2.000	1.000	83.000	1000.000	862.381	865.330	866.930	9,	867.295,	nan	nan	9.000	869.942	-214.000	321.000	-428.000	107.000	1.961	1.600	2.373	
14	2.000	1.000	84.000	1000.000	872.348	874.000	875.455	9,	875.953,	nan	nan	9.000	878.468	-107.000	321.000	-428.000	214.000	0.683	1.455	3.473	
14	2.000	1.000	85.000	1000.000	881.967	884.846	886.040	9,	886.385,	nan	nan	9.000	889.057	-321.000	428.000	-428.000	107.000	1.904	1.195	3.248	
14	2.000	1.000	86.000	1000.000	892.331	895.051	896.197	8,	896.629,	nan	nan	8.000	899.214	-428.000	107.000	-107.000	321.000	1.744	1.146	2.302	
14	2.000	1.000	87.000	1000.000	901.528	903.125	904.324	8,	904.664,	nan	nan	8.000	907.336	-321.000	107.000	-107.000	321.000	0.606	1.199	3.093	
14	2.000	1.000	88.000	1000.000	910.512	912.689	913.623	8,	914.024,	nan	nan	8.000	916.635	-107.000	107.000	-321.000	321.000	1.257	0.934	2.019	
14	2.000	1.000	89.000	1000.000	918.709	920.817	921.944	9,	922.277,	nan	nan	9.000	924.957	-107.000	321.000	-321.000	428.000	1.161	1.127	3.685	
14	2.000	1.000	90.000	1000.000	928.818	930.322	931.102	9,	931.433,	nan	nan	9.000	934.115	-107.000	428.000	-428.000	321.000	0.678	0.780	2.868	
14	2.000	1.000	91.000	1000.000	937.000	939.020	939.587	8,	940.216,	nan	nan	8.000	942.599	-214.000	321.000	-107.000	214.000	1.035	0.568	2.785	
14	2.000	1.000	92.000	1000.000	945.463	947.542	948.625	8,	949.832,	nan	nan	8.000	951.638	-321.000	-428.000	-107.000	-428.000	1.156	1.084	3.305	
14	2.000	1.000	93.000	1000.000	954.962	957.521	958.870	9,	959.463,	nan	nan	9.000	961.887	-214.000	321.000	-321.000	214.000	1.576	1.349	3.942	
14	2.000	1.000	94.000	1000.000	965.851	967.856	968.665	9,	970.435,	nan	nan	9.000	971.683	-107.000	214.000	-321.000	428.000	1.026	0.809	3.402	
14	2.000	1.000	95.000	1000.000	975.124	976.910	977.627	9,	978.133,	nan	nan	9.000	980.644	-321.000	321.000	-428.000	107.000	0.823	0.717	3.003	
14	2.000	1.000	96.000	1000.000	983.687	985.863	987.260	8,	987.559,	nan	nan	8.000	990.277	-321.000	107.000	-107.000	214.000	1.214	1.397	3.524	
14	2.000	1.000	97.000	1000.000	993.873	996.779	997.886	8,	998.228,	nan	nan	8.000	1000.900	-428.000	321.000	-321.000	214.000	1.976	1.108	3.087	
14	2.000	1.000	98.000	1000.000	1004.030	1005.522	1006.659	9,	1006.982,	nan	nan	9.000	1009.671	-107.000	107.000	-321.000	214.000	0.534	1.137	2.444	
14	2.000	1.000	99.000	1000.000	1012.126	1014.963	1016.027	8,	1016.609,	nan	nan	8.000	1019.040	-214.000	428.000	-107.000	321.000	1.846	1.064	3.312	
14	2.000	1.000	100.000	1000.000	1022.370	1024.799	1025.395	8,	1025.790,	nan	nan	8.000	1028.408	-428.000	107.000	-214.000	214.000	1.445	0.596	3.203	
14	2.000	1.000	101.000	1000.000	1031.664	1033.325	1035.074	8,	1035.349,	nan	nan	8.000	1038.087	-321.000	214.000	-214.000	428.000	0.712	1.749	3.723	
14	2.000	1.000	102.000	1000.000	1041.823	1044.272	1044.791	8,	1045.157,	nan	nan	8.000	1047.808	-428.000	321.000	-107.000	107.000	1.460	0.519	2.161	
14	2.000	1.000	103.000	1000.000	1049.985	1052.247	1054.083	8,	1054.382,	nan	nan	8.000	1057.095	-321.000	428.000	-107.000	214.000	1.277	1.836	2.463	
14	2.000	1.000	104.000	1000.000	1059.583	1061.224	1063.190	8,	1063.427,	nan	nan	8.000	1066.203	-321.000	107.000	-214.000	214.000	0.664	1.966	2.624	
14	2.000	1.000	105.000	1000.000	1068.874	1071.645	1073.505	8,	1073.886,	nan	nan	8.000	1076.518	214.000	-428.000	321.000	-428.000	1.817	1.860	3.820	
14	2.000	1.000	106.000	1000.000	1080.354	1082.534	1084.085	9,	1084.417,	nan	nan	9.000	1087.104	-321.000	428.000	-428.000	214.000	1.195	1.551	2.900	
14	2.000	1.000	107.000	1000.000	1090.032	1092.153	1093.597	8,	1094.013,	nan	nan	8.000	1096.610	-214.000	107.000	-107.000	214.000	1.146	1.445	3.711	
14	2.000	1.000	108.000	1000.000	1100.340	1102.918	1104.599	8,	1105.384,	nan	nan	8.000	1107.617	-428.000	428.000	-107.000	321.000	1.595	1.682	2.765	
14	2.000	1.000	109.000	1000.000	1110.395	1112.174	1113.981	8,	1114.277,	nan	nan	8.000	1116.993	-321.000	321.000	-107.000	107.000	0.789	1.807	3.582	
14	2.000	1.000	110.000	1000.000	1120.597	1122.386	1123.706	8,	1123.988,	nan	nan	8.000	1126.719	-321.000	428.000	-107.000	321.000	0.809	1.320	2.212	
14	2.000	1.000	111.000	1000.000	1129.006	1131.696	1133.214	9,	1133.440,	nan	nan	9.000	1136.232	-107.000	321.000	-214.000	107.000	1.764	1.518	2.849	
14	2.000	1.000	112.000	1000.000	1139.120	1141.331	1143.094	8,	1143.476,	nan	nan	8.000	1146.106	-428.000	214.000	-321.000	107.000	1.248	1.764	2.489	
14	2.000	1.000	113.000	1000.000	1148.650	1151.351	1151.889	9,	1152.797,	nan	nan	9.000	1154.902	-321.000	428.000	-107.000	107.000	1.754	0.539	3.164	
14	2.000	1.000	114.000	1000.000	1158.102	1159.597	1160.198	8,	1161.034,	nan	nan	8.000	1163.211	-428.000	428.000	-321.000	321.000	0.529	0.601	2.238	
14	2.000	1.000	115.000	1000.000	1165.466	1168.398	1169.264	8,	1169.593,	nan	nan	8.000	1172.282	-428.000	321.000	-214.000	428.000	1.947	0.867	2.913	
14	2.000	1.000	116.000	1000.000	1175.269	1177.305	1179.044	9,	1179.441,	nan	nan	9.000	1182.062	-214.000	321.000	-428.000	214.000	1.108	1.740	3.254	
14	2.000	1.000	117.000	1000.000	1185.359	1186.963	1187.935	8,	1188.353,	nan	nan	8.000	1190.952	-107.000	107.000	-214.000	321.000	0.645	0.973	3.222	
14	2.000	1.000	118.000	1000.000	1194.203	1196.583	1197.405	8,	1197.818,	nan	nan	8.000	1200.422	214.000	107.000	321.000	107.000	1.407	0.823	3.145	
14	2.000	1.000	119.000	1000.000	1203.579	1206.458	1207.922	9,	1208.274,	nan	nan	9.000	1210.935	-107.000	107.000	-428.000	428.000	1.889	1.465	2.875	
14	2.000	1.000	120.000	1000.000	1213.863	1216.599	1217.432	8,	1217.805,	nan	nan	8.000	1220.448	-428.000	321.000	-107.000	428.000	1.788	0.833	3.357	
14	2.000	1.000	121.000	1000.000	1223.832	1225.867	1226.709	8,	1227.124,	nan	nan	8.000	1229.726	-321.000	321.000	-107.000	428.000	1.059	0.842	2.013	
14	2.000	1.000	122.000	1000.000	1231.923	1233.719	1235.588	9,	1236.257,	nan	nan	9.000	1238.600	-107.000	214.000	-214.000	107.000	0.977	1.870	3.421	
14	2.000	1.000	123.000	1000.000	1242.056	1244.753	1245.330	9,	1245.766,	nan	nan	9.000	1248.347	-107.000	107.000	-428.000	321.000	1.730	0.577	3.228	
14	2.000	1.000	124.000	1000.000	1251.767	1254.462	1256.293	9,	1256.630,	nan	nan	9.000	1259.305	-214.000	214.000	-428.000	321.000	1.884	1.831	2.476	
14	2.000	1.000	125.000	1000.000	1261.821	1264.272	1266.113	8,	1266.847,	nan	nan	8.000	1269.130	-428.000	107.000	-214.000	428.000	1.489	1.841	2.039	
14	2.000	1.000	126.000	1000.000	1271.188	1273.245	1275.182	8,	1275.572,	nan	nan	8.000	1278.199	-321.000	107.000	-214.000	321.000	1.074	1.937	2.566	
14	2.000	1.000	127.000	1000.000	1280.786	1282.581	1283.746	8,	1284.221,	nan	nan	8.000	1286.763	-428.000	107.000	-107.000	428.000	0.814	1.166	2.823	
14	2.000	1.000	128.000	1000.000	1289.616	1291.392	1292.760	8,	1293.157,	nan	nan	8.000	1295.773	-321.000	107.000	-214.000	428.000	0.804	1.368	3.318	
14	2.000	1.000	129.000	1000.000	1299.162	1301.592	1303.229	9,	1303.624,	nan	nan	9.000	1306.242	-321.000	428.000	-214.000	321.000	1.498	1.638	3.460	
14	2.000	1.000	130.000	1000.000	1309.720	1312.245	1313.729	8,	1314.165,	nan	nan	8.000	1316.741	-214.000	321.000	-321.000	428.000	1.542	1.484	2.592	
14	2.000	1.000	131.000	1000.000	1319.372	1321.534	1322.622	8,	1323.192,	nan	nan	8.000	1325.639	-321.000	321.000	-214.000	321.000	1.199	1.088	2.103	
14	2.000	1.000	132.000	1000.000	1327.780	1329.259	1330.033	8,	1330.394,	nan	nan	8.000	1333.045	-214.000	107.000	-321.000	428.000	0.514	0.775	3.170	
14	2.000	1.000	133.000	1000.000	1336.233	1338.147	1339.814	9,	1340.160,	nan	nan	9.000	1342.831	-321.000	321.000	-214.000	214.000	0.929	1.667	2.431	
14	2.000	1.000	134.000	1000.000	1345.302	1348.125	1350.105	8,	1350.453,	nan	nan	8.000	1353.122	-428.000	321.000	-107.000	214.000	1.860	1.981	2.926	
14	2.000	1.000	135.000	1000.000	1356.094	1358.032	1359.564	9,	1359.851,	nan	nan	9.000	1362.576	-321.000	107.000	-428.000	428.000	0.982	1.532	2.289	
14	2.000	1.000	136.000	1000.000	1364.888	1367.332	1368.980	8,	1369.290,	nan	nan	8.000	1371.992	-428.000	107.000	-321.000	428.000	1.465	1.648	3.846	
14	2.000	1.000	137.000	1000.000	1375.868	1377.861	1379.036	8,	1379.364,	nan	nan	8.000	1382.053	-107.000	214.000	-214.000	428.000	1.021	1.175	3.698	
14	2.000	1.000	138.000	1000.000	1385.777	1388.593	1389.551	8,	1390.743,	nan	nan	8.000	1392.569	-428.000	107.000	-321.000	214.000	1.841	0.958	2.804	
14	2.000	1.000	139.000	1000.000	1395.387	1397.641	1399.641	8,	1399.979,	nan	nan	8.000	1402.654	-321.000	107.000	-107.000	428.000	1.267	2.000	2.617	
14	2.000	1.000	140.000	1000.000	1405.315	1407.463	1409.458	9,	1409.852,	nan	nan	9.000	1412.471	-214.000	321.000	-428.000	428.000	1.190	1.995	2.277	
14	2.000	1.000	141.000	1000.000	1414.760	1416.332	1417.203	9,	1417.777,	nan	nan	9.000	1420.215	-321.000	321.000	-214.000	107.000	0.582	0.871	2.141	
14	2.000	1.000	142.000	1000.000	1422.387	1424.346	1426.297	8,	1426.644,	nan	nan	8.000	1429.310	-214.000	321.000	-107.000	428.000	0.987	1.952	3.434	
14	2.000	1.000	143.000	1000.000	1432.789	1434.290	1434.838	8,	1435.228,	nan	nan	8.000	1437.850	-428.000	107.000	-321.000	321.000	0.543	0.548	3.961	
14	2.000	1.000	144.000	1000.000	1441.853	1443.415	1444.759	8,	1445.305,	nan	nan	8.000	1447.778	-321.000	-107.000	-214.000	-107.000	0.601	1.344	3.949	
14	2.000	1.000	145.000	1000.000	1451.743	1453.301	1455.184	9,	1455.490,	nan	nan	9.000	1458.203	-321.000	428.000	-214.000	214.000	0.572	1.884	2.071	
14	2.000	1.000	146.000	1000.000	1460.318	1462.658	1463.819	8,	1464.163,	nan	nan	8.000	1466.832	-428.000	321.000	-214.000	214.000	1.383	1.161	2.154	
14	2.000	1.000	147.000	1000.000	1469.011	1471.207	1472.985	9,	1473.357,	nan	nan	9.000	1475.997	-321.000	107.000	-428.000	321.000	1.219	1.778	3.035	
14	2.000	1.000	148.000	1000.000	1479.063	1480.723	1482.621	8,	1482.960,	nan	nan	8.000	1485.638	-214.000	214.000	-107.000	107.000	0.688	1.899	2.000	
14	2.000	1.000	149.000	1000.000	1487.656	1489.492	1491.193	8,	1491.517,	nan	nan	8.000	1494.206	-428.000	214.000	-107.000	428.000	0.852	1.701	3.781	
14	2.000	1.000	150.000	1000.000	1498.031	1500.290	1500.794	8,	1501.354,	nan	nan	8.000	1503.812	-107.000	107.000	-214.000	428.000	1.301	0.505	2.534	
14	2.000	1.000	151.000	1000.000	1506.357	1508.359	1509.915	8,	1510.282,	nan	nan	8.000	1512.927	-428.000	214.000	-107.000	107.000	1.011	1.556	3.987	
14	2.000	1.000	152.000	1000.000	1517.014	1518.590	1520.266	9,	1520.619,	nan	nan	9.000	1523.280	-107.000	321.000	-321.000	214.000	0.674	1.677	2.643	
14	2.000	1.000	153.000	1000.000	1525.957	1528.409	1529.362	8,	1529.878,	nan	nan	8.000	1532.375	-107.000	107.000	-321.000	428.000	1.484	0.953	2.296	
14	2.000	1.000	154.000	1000.000	1534.685	1536.250	1537.965	9,	1538.233,	nan	nan	9.000	1540.978	-321.000	321.000	-428.000	214.000	0.577	1.715	3.376	
14	2.000	1.000	155.000	1000.000	1544.365	1546.088	1547.209	9,	1547.633,	nan	nan	9.000	1550.227	-214.000	214.000	-321.000	107.000	0.732	1.122	2.971	
14	2.000	1.000	156.000	1000.000	1553.247	1555.028	1556.006	9,	1556.367,	nan	nan	9.000	1559.022	-107.000	321.000	-214.000	214.000	0.828	0.977	3.717	
14	2.000	2.000	157.000	1000.000	43.168	45.271	46.566	8,	46.974,	nan	nan	8.000	49.581	321.000	-321.000	428.000	-321.000	1.103	1.296	2.836	
14	2.000	2.000	158.000	1000.000	52.445	55.226	55.851	8,	56.270,	nan	nan	8.000	58.864	-214.000	107.000	-321.000	321.000	1.807	0.625	3.646	
14	2.000	2.000	159.000	1000.000	62.545	65.146	65.959	9,	66.293,	nan	nan	9.000	68.971	-107.000	214.000	-428.000	107.000	1.633	0.814	2.862	
14	2.000	2.000	160.000	1000.000	71.853	73.952	74.635	8,	74.989,	nan	nan	8.000	77.652	-321.000	214.000	-107.000	107.000	1.117	0.683	2.502	
14	2.000	2.000	161.000	1000.000	80.198	82.659	84.485	9,	84.802,	nan	nan	9.000	87.502	-107.000	428.000	-214.000	107.000	1.503	1.826	2.547	
14	2.000	2.000	162.000	1000.000	90.088	92.332	93.512	9,	93.870,	nan	nan	9.000	96.525	-107.000	321.000	-428.000	428.000	1.281	1.180	3.441	
14	2.000	2.000	163.000	1000.000	100.008	102.109	102.681	9,	103.044,	nan	nan	9.000	105.693	-107.000	321.000	-428.000	107.000	1.141	0.572	3.852	
14	2.000	2.000	164.000	1000.000	109.589	112.176	113.269	9,	113.698,	nan	nan	9.000	116.282	-107.000	214.000	-428.000	321.000	1.629	1.093	3.640	
14	2.000	2.000	165.000	1000.000	119.969	122.036	123.698	8,	124.113,	nan	nan	8.000	126.711	-428.000	428.000	-214.000	107.000	1.113	1.662	3.531	
14	2.000	2.000	166.000	1000.000	130.289	132.795	134.380	9,	134.764,	nan	nan	9.000	137.398	-107.000	428.000	-214.000	321.000	1.551	1.585	3.550	
14	2.000	2.000	167.000	1000.000	140.994	143.646	144.160	9,	144.596,	nan	nan	9.000	147.173	-321.000	321.000	-428.000	428.000	1.696	0.514	3.588	
14	2.000	2.000	168.000	1000.000	150.809	152.509	153.728	8,	155.027,	nan	nan	8.000	156.745	-214.000	214.000	-321.000	321.000	0.746	1.219	3.968	
14	2.000	2.000	169.000	1000.000	160.847	162.581	164.016	8,	164.322,	nan	nan	8.000	167.029	-428.000	428.000	-321.000	107.000	0.867	1.436	2.109	
14	2.000	2.000	170.000	1000.000	169.181	171.856	172.857	8,	173.320,	nan	nan	8.000	175.874	321.000	214.000	428.000	214.000	1.715	1.002	2.598	
14	2.000	2.000	171.000	1000.000	178.506	181.012	182.698	8,	182.800,	nan	nan	8.000	185.715	-214.000	428.000	-107.000	214.000	1.537	1.686	2.386	
14	2.000	2.000	172.000	1000.000	188.121	189.887	190.725	9,	191.037,	nan	nan	9.000	193.741	-214.000	428.000	-321.000	214.000	0.785	0.838	3.762	
14	2.000	2.000	173.000	1000.000	197.520	199.006	200.595	9,	200.979,	nan	nan	9.000	203.613	-107.000	428.000	-428.000	107.000	0.500	1.590	2.096	
14	2.000	2.000	174.000	1000.000	205.744	208.423	209.077	9,	209.448,	nan	nan	9.000	212.089	-321.000	214.000	-428.000	107.000	1.711	0.654	3.608	
14	2.000	2.000	175.000	1000.000	215.735	218.067	219.493	8,	219.925,	nan	nan	8.000	222.506	-214.000	214.000	-321.000	428.000	1.368	1.426	3.132	
14	2.000	2.000	176.000	1000.000	225.658	228.321	229.588	9,	229.923,	nan	nan	9.000	232.601	-214.000	428.000	-321.000	107.000	1.682	1.267	3.029	
14	2.000	2.000	177.000	1000.000	235.650	238.058	239.672	8,	239.972,	nan	nan	8.000	242.689	-321.000	321.000	-214.000	428.000	1.426	1.614	2.315	
14	2.000	2.000	178.000	1000.000	245.032	247.259	248.748	8,	249.050,	nan	nan	8.000	251.760	-428.000	321.000	-321.000	107.000	1.252	1.489	2.611	
14	2.000	2.000	179.000	1000.000	254.389	256.978	257.796	8,	258.133,	nan	nan	8.000	260.809	-214.000	107.000	-321.000	214.000	1.605	0.818	2.997	
14	2.000	2.000	180.000	1000.000	263.853	266.721	267.910	8,	268.707,	nan	nan	8.000	270.928	-214.000	214.000	-107.000	321.000	1.913	1.190	2.418	
14	2.000	2.000	181.000	1000.000	273.380	275.842	277.147	8,	277.399,	nan	nan	8.000	280.160	-428.000	428.000	-107.000	107.000	1.494	1.305	2.457	
14	2.000	2.000	182.000	1000.000	282.663	285.440	287.145	9,	287.496,	nan	nan	9.000	290.162	-214.000	214.000	-428.000	107.000	1.822	1.706	2.701	
14	2.000	2.000	183.000	1000.000	292.876	295.451	296.727	8,	297.110,	nan	nan	8.000	299.745	-214.000	321.000	-107.000	321.000	1.585	1.277	2.077	
14	2.000	2.000	184.000	1000.000	301.855	303.908	305.695	9,	305.970,	nan	nan	9.000	308.708	-214.000	428.000	-428.000	107.000	1.084	1.788	3.833	
14	2.000	2.000	185.000	1000.000	312.560	315.460	316.573	8,	316.929,	nan	nan	8.000	319.590	-428.000	214.000	-214.000	321.000	1.918	1.113	2.328	
14	2.000	2.000	186.000	1000.000	321.936	324.433	326.234	9,	326.468,	nan	nan	9.000	329.247	-107.000	428.000	-321.000	107.000	1.513	1.802	2.637	
14	2.000	2.000	187.000	1000.000	331.964	333.772	335.429	9,	335.787,	nan	nan	9.000	338.441	-107.000	428.000	-214.000	214.000	0.886	1.658	2.669	
14	2.000	2.000	188.000	1000.000	341.161	343.944	344.506	8,	344.895,	nan	nan	8.000	347.519	-428.000	428.000	-107.000	214.000	1.831	0.563	2.334	
14	2.000	2.000	189.000	1000.000	349.875	352.788	353.519	9,	353.908,	nan	nan	9.000	356.531	-321.000	428.000	-214.000	107.000	1.932	0.732	2.695	
14	2.000	2.000	190.000	1000.000	359.300	361.847	363.075	8,	363.445,	nan	nan	8.000	366.088	-428.000	321.000	-321.000	428.000	1.619	1.228	3.666	
14	2.000	2.000	191.000	1000.000	369.786	372.625	373.477	8,	374.309,	nan	nan	8.000	376.494	-214.000	428.000	-107.000	107.000	1.870	0.852	2.360	
14	2.000	2.000	192.000	1000.000	378.897	380.593	381.922	9,	382.396,	nan	nan	9.000	384.934	-107.000	214.000	-321.000	321.000	0.736	1.330	2.412	
14	2.000	2.000	193.000	1000.000	387.364	388.910	389.989	8,	390.379,	nan	nan	8.000	393.001	-321.000	321.000	-107.000	214.000	0.563	1.079	3.389	
14	2.000	2.000	194.000	1000.000	396.411	398.288	399.212	8,	399.590,	nan	nan	8.000	402.230	-428.000	214.000	-321.000	321.000	0.895	0.924	2.347	
14	2.000	2.000	195.000	1000.000	404.590	406.359	407.871	9,	408.256,	nan	nan	9.000	410.884	-321.000	214.000	-214.000	107.000	0.780	1.513	3.775	
14	2.000	2.000	196.000	1000.000	414.711	417.101	418.392	8,	418.778,	nan	nan	8.000	421.405	-214.000	-321.000	-107.000	-321.000	1.441	1.291	2.553	
14	2.000	2.000	197.000	1000.000	424.002	425.687	427.127	9,	427.441,	nan	nan	9.000	430.140	-214.000	214.000	-428.000	428.000	0.727	1.441	3.736	
14	2.000	2.000	198.000	1000.000	433.892	435.466	436.747	9,	437.098,	nan	nan	9.000	439.765	-107.000	107.000	-428.000	214.000	0.587	1.281	2.920	
14	2.000	2.000	199.000	1000.000	442.727	444.915	446.230	8,	446.580,	nan	nan	8.000	449.248	-321.000	214.000	-214.000	321.000	1.228	1.315	2.257	
14	2.000	2.000	200.000	1000.000	451.546	453.905	454.404	8,	454.818,	nan	nan	8.000	457.421	-428.000	214.000	-107.000	321.000	1.397	0.500	2.714	
14	2.000	2.000	201.000	1000.000	460.147	462.510	463.120	9,	463.473,	nan	nan	9.000	466.133	-107.000	428.000	-428.000	214.000	1.373	0.611	3.756	
14	2.000	2.000	202.000	1000.000	469.905	471.979	472.884	9,	473.296,	nan	nan	9.000	475.901	-321.000	107.000	-428.000	214.000	1.088	0.905	3.331	
14	2.000	2.000	203.000	1000.000	479.249	482.003	482.618	8,	482.971,	nan	nan	8.000	485.630	-214.000	214.000	-107.000	428.000	1.768	0.616	2.193	
14	2.000	2.000	204.000	1000.000	487.834	489.764	491.359	8,	491.718,	nan	nan	8.000	494.372	-428.000	214.000	-214.000	107.000	0.939	1.595	3.267	
14	2.000	2.000	205.000	1000.000	497.657	499.642	500.692	9,	501.008,	nan	nan	9.000	503.704	-107.000	214.000	-321.000	107.000	1.002	1.050	2.508	
14	2.000	2.000	206.000	1000.000	506.255	508.683	510.205	8,	510.602,	nan	nan	8.000	513.217	-428.000	428.000	-214.000	214.000	1.469	1.523	2.945	
14	2.000	2.000	207.000	1000.000	516.181	518.219	519.790	9,	520.094,	nan	nan	9.000	522.809	-321.000	214.000	-428.000	321.000	1.055	1.571	2.116	
14	2.000	2.000	208.000	1000.000	524.936	527.806	529.791	9,	530.175,	nan	nan	9.000	532.804	-107.000	107.000	-214.000	214.000	1.879	1.986	2.527	
14	2.000	2.000	209.000	1000.000	535.349	536.872	537.763	8,	538.112,	nan	nan	8.000	540.776	214.000	-214.000	428.000	-214.000	0.539	0.891	3.865	
14	2.000	2.000	210.000	1000.000	544.688	546.934	548.576	9,	548.912,	nan	nan	9.000	551.593	-214.000	107.000	-428.000	428.000	1.291	1.643	3.383	
14	2.000	2.000	211.000	1000.000	555.105	556.482	557.715	9,	558.492,	nan	nan	9.000	560.728	-107.000	428.000	-321.000	321.000	0.505	1.233	2.225	
14	2.000	2.000	212.000	1000.000	563.005	564.788	565.370	9,	565.726,	nan	nan	9.000	568.382	-321.000	428.000	-428.000	321.000	0.833	0.582	3.498	
14	2.000	2.000	213.000	1000.000	571.900	574.034	575.961	9,	576.288,	nan	nan	9.000	578.980	-321.000	214.000	-428.000	428.000	1.151	1.928	3.215	
14	2.000	2.000	214.000	1000.000	582.207	584.493	585.533	8,	585.898,	nan	nan	8.000	588.551	-428.000	214.000	-321.000	428.000	1.296	1.040	2.656	
14	2.000	2.000	215.000	1000.000	591.244	592.912	593.898	9,	594.241,	nan	nan	9.000	596.911	-214.000	428.000	-428.000	214.000	0.703	0.987	3.042	
14	2.000	2.000	216.000	1000.000	599.978	602.941	603.740	9,	604.141,	nan	nan	9.000	606.757	-214.000	107.000	-428.000	321.000	1.986	0.799	2.309	
14	2.000	2.000	217.000	1000.000	609.077	611.518	612.321	9,	612.673,	nan	nan	9.000	615.333	-214.000	107.000	-428.000	214.000	1.450	0.804	2.032	
14	2.000	2.000	218.000	1000.000	617.433	619.205	620.655	8,	620.982,	nan	nan	8.000	623.667	-214.000	107.000	-107.000	428.000	0.838	1.450	3.653	
14	2.000	2.000	219.000	1000.000	627.363	628.832	630.069	9,	630.381,	nan	nan	9.000	633.087	-107.000	321.000	-321.000	107.000	0.510	1.238	3.897	
14	2.000	2.000	220.000	1000.000	637.004	638.727	639.314	9,	639.797,	nan	nan	9.000	642.330	-107.000	214.000	-214.000	321.000	0.741	0.587	3.621	
14	2.000	2.000	221.000	1000.000	645.982	648.828	650.408	8,	650.758,	nan	nan	8.000	653.425	-214.000	107.000	-107.000	321.000	1.875	1.580	2.733	
14	2.000	2.000	222.000	1000.000	656.209	658.760	659.679	8,	660.046,	nan	nan	8.000	662.691	214.000	321.000	428.000	321.000	1.600	0.920	3.158	
14	2.000	2.000	223.000	1000.000	665.891	668.060	668.748	9,	669.144,	nan	nan	9.000	671.764	-214.000	321.000	-321.000	107.000	1.209	0.688	2.405	
14	2.000	2.000	224.000	1000.000	674.188	676.357	677.401	9,	677.737,	nan	nan	9.000	680.413	-107.000	428.000	-321.000	214.000	1.185	1.045	2.759	
14	2.000	2.000	225.000	1000.000	683.216	685.220	686.597	9,	686.959,	nan	nan	9.000	689.610	-107.000	214.000	-428.000	428.000	1.045	1.378	3.209	
14	2.000	2.000	226.000	1000.000	692.883	694.837	696.412	8,	696.787,	nan	nan	8.000	699.425	-107.000	321.000	-214.000	428.000	1.016	1.576	3.672	
14	2.000	2.000	227.000	1000.000	703.145	705.438	706.435	8,	706.839,	nan	nan	8.000	709.453	-428.000	107.000	-107.000	214.000	1.339	0.997	2.830	
14	2.000	2.000	228.000	1000.000	712.332	715.280	716.614	8,	716.984,	nan	nan	8.000	719.626	-428.000	321.000	-214.000	107.000	1.995	1.334	3.080	
14	2.000	2.000	229.000	1000.000	722.723	724.459	726.217	8,	726.544,	nan	nan	8.000	729.235	-321.000	214.000	-107.000	321.000	0.751	1.759	2.932	
14	2.000	2.000	230.000	1000.000	732.210	735.112	736.909	9,	737.254,	nan	nan	9.000	739.922	-214.000	428.000	-321.000	321.000	1.942	1.797	3.106	
14	2.000	2.000	231.000	1000.000	743.049	746.001	747.813	8,	748.208,	nan	nan	8.000	750.832	-428.000	428.000	-214.000	321.000	1.971	1.812	3.151	
14	2.000	2.000	232.000	1000.000	754.026	756.271	757.301	9,	757.689,	nan	nan	9.000	760.318	-214.000	428.000	-428.000	321.000	1.286	1.031	2.842	
14	2.000	2.000	233.000	1000.000	763.187	764.759	765.741	8,	766.155,	nan	nan	8.000	768.754	-428.000	428.000	-321.000	214.000	0.596	0.982	3.678	
14	2.000	2.000	234.000	1000.000	772.499	775.159	777.038	8,	777.399,	nan	nan	8.000	780.051	-321.000	214.000	-107.000	428.000	1.725	1.879	2.675	
14	2.000	2.000	235.000	1000.000	782.738	785.246	787.169	8,	787.497,	nan	nan	8.000	790.181	-321.000	321.000	-107.000	321.000	1.518	1.923	3.511	
14	2.000	2.000	236.000	1000.000	793.720	796.203	798.164	8,	798.558,	nan	nan	8.000	801.181	-321.000	321.000	-107.000	107.000	1.508	1.961	3.955	
14	2.000	2.000	237.000	1000.000	805.152	807.540	809.019	8,	809.491,	nan	nan	8.000	812.036	-214.000	428.000	-107.000	321.000	1.402	1.479	3.627	
14	2.000	2.000	238.000	1000.000	815.717	818.309	819.069	8,	820.007,	nan	nan	8.000	822.080	-321.000	107.000	-107.000	321.000	1.643	0.760	2.232	
14	2.000	2.000	239.000	1000.000	824.325	826.880	827.664	9,	828.059,	nan	nan	9.000	830.682	-321.000	321.000	-428.000	107.000	1.566	0.785	3.074	
14	2.000	2.000	240.000	1000.000	833.805	835.480	836.206	8,	837.062,	nan	nan	8.000	839.218	-428.000	214.000	-321.000	107.000	0.722	0.727	2.122	
14	2.000	2.000	241.000	1000.000	841.359	843.422	844.052	8,	844.400,	nan	nan	8.000	847.068	-428.000	428.000	-107.000	321.000	1.079	0.630	3.505	
14	2.000	2.000	242.000	1000.000	850.589	852.698	853.434	8,	853.744,	nan	nan	8.000	856.447	-214.000	107.000	-107.000	214.000	1.122	0.736	2.148	
14	2.000	2.000	243.000	1000.000	858.638	861.433	862.135	9,	862.412,	nan	nan	9.000	865.152	-214.000	321.000	-428.000	107.000	1.836	0.703	3.556	
14	2.000	2.000	244.000	1000.000	868.750	871.662	872.759	8,	873.122,	nan	nan	8.000	875.772	-428.000	428.000	-321.000	321.000	1.952	1.098	3.023	
14	2.000	2.000	245.000	1000.000	878.828	881.039	882.981	8,	883.322,	nan	nan	8.000	885.994	-214.000	321.000	-107.000	214.000	1.243	1.942	2.026	
14	2.000	2.000	246.000	1000.000	888.060	889.975	891.540	8,	891.902,	nan	nan	8.000	894.554	-428.000	214.000	-214.000	428.000	0.953	1.566	2.958	
14	2.000	2.000	247.000	1000.000	897.534	899.169	901.023	9,	901.390,	nan	nan	9.000	904.041	-107.000	107.000	-214.000	321.000	0.654	1.855	3.479	
14	2.000	2.000	248.000	1000.000	907.539	909.403	910.645	8,	911.333,	nan	nan	8.000	913.661	-321.000	-428.000	-107.000	-428.000	0.881	1.243	2.495	
14	2.000	2.000	249.000	1000.000	916.188	918.199	919.099	9,	919.498,	nan	nan	9.000	922.110	-321.000	428.000	-428.000	107.000	1.040	0.900	3.659	
14	2.000	2.000	250.000	1000.000	925.804	927.489	928.022	8,	929.547,	nan	nan	8.000	931.039	-428.000	321.000	-321.000	214.000	0.717	0.534	2.424	
14	2.000	2.000	251.000	1000.000	933.511	936.138	937.641	8,	937.661,	nan	nan	8.000	940.653	-428.000	107.000	-214.000	321.000	1.672	1.503	3.286	
14	2.000	2.000	252.000	1000.000	943.993	945.890	946.602	9,	947.051,	nan	nan	9.000	949.614	-214.000	321.000	-107.000	107.000	0.949	0.712	2.482	
14	2.000	2.000	253.000	1000.000	952.128	954.891	955.994	8,	956.273,	nan	nan	8.000	959.005	-321.000	428.000	-107.000	214.000	1.793	1.103	3.691	
14	2.000	2.000	254.000	1000.000	962.739	964.459	965.398	9,	965.898,	nan	nan	9.000	968.415	-107.000	107.000	-321.000	214.000	0.760	0.939	3.569	
14	2.000	2.000	255.000	1000.000	972.002	973.756	974.502	9,	974.869,	nan	nan	9.000	977.519	-107.000	321.000	-214.000	107.000	0.770	0.746	2.752	
14	2.000	2.000	256.000	1000.000	980.311	982.941	984.873	8,	985.202,	nan	nan	8.000	987.890	-428.000	321.000	-214.000	428.000	1.667	1.932	3.859	
14	2.000	2.000	257.000	1000.000	991.799	994.229	995.616	8,	995.960,	nan	nan	8.000	998.628	-321.000	214.000	-214.000	428.000	1.479	1.387	3.871	
14	2.000	2.000	258.000	1000.000	1002.521	1004.918	1006.455	9,	1006.902,	nan	nan	9.000	1009.468	-214.000	321.000	-321.000	214.000	1.416	1.537	2.450	
14	2.000	2.000	259.000	1000.000	1011.964	1013.685	1014.532	9,	1014.874,	nan	nan	9.000	1017.544	-107.000	428.000	-428.000	321.000	0.765	0.847	3.981	
14	2.000	2.000	260.000	1000.000	1021.577	1024.098	1025.852	8,	1026.148,	nan	nan	8.000	1028.864	-321.000	107.000	-214.000	214.000	1.571	1.754	2.952	
14	2.000	2.000	261.000	1000.000	1031.851	1034.712	1035.660	8,	1036.512,	nan	nan	8.000	1038.677	214.000	-214.000	321.000	-214.000	1.894	0.949	3.923	
14	2.000	2.000	262.000	1000.000	1042.648	1045.023	1045.986	9,	1046.693,	nan	nan	9.000	1049.003	-107.000	214.000	-321.000	428.000	1.421	0.963	2.283	
14	2.000	2.000	263.000	1000.000	1051.336	1053.724	1055.468	9,	1055.834,	nan	nan	9.000	1058.480	-321.000	428.000	-428.000	214.000	1.436	1.744	2.887	
14	2.000	2.000	264.000	1000.000	1061.413	1063.714	1065.096	9,	1065.433,	nan	nan	9.000	1068.109	-107.000	321.000	-428.000	214.000	1.344	1.383	2.977	
14	2.000	2.000	265.000	1000.000	1071.119	1072.844	1074.145	8,	1074.456,	nan	nan	8.000	1077.158	-428.000	321.000	-107.000	107.000	0.756	1.301	3.138	
14	2.000	2.000	266.000	1000.000	1080.311	1083.125	1084.816	9,	1085.252,	nan	nan	9.000	1087.828	-107.000	321.000	-321.000	428.000	1.826	1.691	2.817	
14	2.000	2.000	267.000	1000.000	1090.673	1092.538	1094.147	8,	1094.580,	nan	nan	8.000	1097.164	-321.000	107.000	-107.000	214.000	0.891	1.609	2.135	
14	2.000	2.000	268.000	1000.000	1099.378	1101.351	1102.092	8,	1102.473,	nan	nan	8.000	1105.109	-428.000	107.000	-107.000	321.000	1.050	0.741	2.572	
14	2.000	2.000	269.000	1000.000	1107.695	1110.433	1111.424	9,	1111.489,	nan	nan	9.000	1114.441	-214.000	321.000	-428.000	214.000	1.749	0.992	3.994	
14	2.000	2.000	270.000	1000.000	1118.498	1120.564	1121.618	8,	1121.941,	nan	nan	8.000	1124.630	-428.000	107.000	-214.000	214.000	1.127	1.055	2.662	
14	2.000	2.000	271.000	1000.000	1127.334	1130.097	1131.658	8,	1131.976,	nan	nan	8.000	1134.674	-321.000	428.000	-107.000	321.000	1.802	1.561	3.338	
14	2.000	2.000	272.000	1000.000	1138.037	1139.789	1141.697	8,	1142.070,	nan	nan	8.000	1144.709	-321.000	428.000	-107.000	107.000	0.775	1.908	3.241	
14	2.000	2.000	273.000	1000.000	1147.991	1150.132	1151.143	9,	1151.465,	nan	nan	9.000	1154.156	-107.000	107.000	-321.000	321.000	1.180	1.011	3.280	
14	2.000	2.000	274.000	1000.000	1157.477	1160.178	1161.087	8,	1161.452,	nan	nan	8.000	1164.099	214.000	107.000	321.000	107.000	1.740	0.910	4.000	
14	2.000	2.000	275.000	1000.000	1168.154	1170.108	1171.635	8,	1171.924,	nan	nan	8.000	1174.647	-214.000	107.000	-321.000	428.000	1.006	1.527	3.768	
14	2.000	2.000	276.000	1000.000	1178.451	1180.829	1181.961	9,	1182.200,	nan	nan	9.000	1184.978	-107.000	214.000	-214.000	107.000	1.412	1.132	3.910	
14	2.000	2.000	277.000	1000.000	1188.931	1190.501	1191.893	9,	1192.217,	nan	nan	9.000	1194.910	-321.000	321.000	-214.000	107.000	0.611	1.392	3.100	
14	2.000	2.000	278.000	1000.000	1198.054	1199.936	1201.666	9,	1201.994,	nan	nan	9.000	1204.682	-107.000	321.000	-214.000	214.000	0.924	1.730	3.704	
14	2.000	2.000	279.000	1000.000	1208.421	1210.718	1212.665	9,	1212.999,	nan	nan	9.000	1215.682	-214.000	214.000	-428.000	321.000	1.330	1.947	3.916	
14	2.000	2.000	280.000	1000.000	1219.611	1222.075	1223.544	8,	1223.871,	nan	nan	8.000	1226.556	-428.000	107.000	-107.000	428.000	1.474	1.469	3.363	
14	2.000	2.000	281.000	1000.000	1229.938	1232.613	1233.937	8,	1234.296,	nan	nan	8.000	1236.954	-428.000	321.000	-107.000	214.000	1.691	1.325	3.614	
14	2.000	2.000	282.000	1000.000	1240.587	1242.563	1243.583	9,	1243.881,	nan	nan	9.000	1246.600	-107.000	107.000	-428.000	321.000	0.992	1.021	3.518	
14	2.000	2.000	283.000	1000.000	1250.170	1252.806	1254.724	9,	1255.137,	nan	nan	9.000	1257.736	-107.000	107.000	-428.000	428.000	1.686	1.918	3.325	
14	2.000	2.000	284.000	1000.000	1261.111	1263.421	1264.094	9,	1264.522,	nan	nan	9.000	1267.108	-107.000	321.000	-321.000	214.000	1.359	0.674	2.514	
14	2.000	2.000	285.000	1000.000	1269.650	1271.693	1273.167	8,	1273.536,	nan	nan	8.000	1276.179	-214.000	321.000	-107.000	428.000	1.069	1.474	2.199	
14	2.000	2.000	286.000	1000.000	1278.390	1280.324	1281.740	8,	1281.838,	nan	nan	8.000	1284.757	-428.000	107.000	-321.000	214.000	0.944	1.416	2.051	
14	2.000	2.000	287.000	1000.000	1286.827	1288.369	1289.133	8,	1289.947,	nan	nan	8.000	1292.146	-321.000	321.000	-214.000	321.000	0.558	0.765	2.579	
14	2.000	2.000	288.000	1000.000	1294.745	1296.646	1298.106	9,	1298.431,	nan	nan	9.000	1301.118	-321.000	321.000	-428.000	214.000	0.920	1.460	3.370	
14	2.000	2.000	289.000	1000.000	1304.532	1306.761	1308.182	9,	1308.319,	nan	nan	9.000	1311.200	-321.000	428.000	-214.000	321.000	1.272	1.421	3.196	
14	2.000	2.000	290.000	1000.000	1314.449	1317.195	1317.719	8,	1317.855,	nan	nan	8.000	1320.731	-428.000	107.000	-321.000	321.000	1.797	0.524	2.244	
14	2.000	2.000	291.000	1000.000	1323.022	1324.878	1326.139	8,	1326.274,	nan	nan	8.000	1329.152	-428.000	321.000	-107.000	428.000	0.900	1.262	2.650	
14	2.000	2.000	292.000	1000.000	1331.846	1333.438	1334.507	8,	1334.734,	nan	nan	8.000	1337.520	-428.000	321.000	-214.000	214.000	0.635	1.069	2.540	
14	2.000	2.000	293.000	1000.000	1340.096	1341.968	1342.477	8,	1342.929,	nan	nan	8.000	1345.489	-428.000	107.000	-321.000	428.000	0.905	0.510	3.563	
14	2.000	2.000	294.000	1000.000	1349.098	1351.731	1352.260	8,	1352.621,	nan	nan	8.000	1355.277	-428.000	107.000	-214.000	428.000	1.677	0.529	3.113	
14	2.000	2.000	295.000	1000.000	1358.436	1361.001	1362.355	8,	1362.635,	nan	nan	8.000	1365.373	-428.000	214.000	-107.000	428.000	1.609	1.354	2.058	
14	2.000	2.000	296.000	1000.000	1367.472	1369.994	1370.687	9,	1370.895,	nan	nan	9.000	1373.700	-321.000	107.000	-428.000	321.000	1.561	0.693	3.428	
14	2.000	2.000	297.000	1000.000	1377.146	1378.991	1380.711	8,	1381.080,	nan	nan	8.000	1383.728	-321.000	321.000	-107.000	428.000	0.862	1.720	2.894	
14	2.000	2.000	298.000	1000.000	1386.781	1389.214	1391.059	9,	1391.392,	nan	nan	9.000	1394.077	-321.000	107.000	-428.000	428.000	1.590	1.846	3.344	
14	2.000	2.000	299.000	1000.000	1397.456	1399.420	1400.060	8,	1400.498,	nan	nan	8.000	1403.072	-321.000	107.000	-107.000	428.000	0.997	0.640	2.720	
14	2.000	2.000	300.000	1000.000	1405.855	1407.386	1408.990	8,	1409.075,	nan	nan	8.000	1412.009	-321.000	-428.000	-214.000	-428.000	0.592	1.605	3.878	
14	2.000	2.000	301.000	1000.000	1415.915	1418.754	1420.252	8,	1420.343,	nan	nan	8.000	1423.269	-321.000	107.000	-214.000	321.000	1.865	1.498	2.746	
14	2.000	2.000	302.000	1000.000	1426.058	1428.550	1430.506	8,	1431.007,	nan	nan	8.000	1433.524	-214.000	214.000	-107.000	107.000	1.532	1.957	3.260	
14	2.000	2.000	303.000	1000.000	1436.807	1439.444	1440.305	9,	1440.677,	nan	nan	9.000	1443.323	-214.000	321.000	-428.000	428.000	1.658	0.862	3.299	
14	2.000	2.000	304.000	1000.000	1446.660	1448.597	1449.714	9,	1449.882,	nan	nan	9.000	1452.727	-214.000	214.000	-321.000	107.000	0.973	1.117	2.797	
14	2.000	2.000	305.000	1000.000	1455.542	1458.435	1459.291	8,	1459.576,	nan	nan	8.000	1462.304	-321.000	107.000	-214.000	428.000	1.908	0.857	3.788	
14	2.000	2.000	306.000	1000.000	1466.127	1468.708	1469.367	8,	1469.699,	nan	nan	8.000	1472.385	-321.000	321.000	-214.000	214.000	1.614	0.659	2.167	
14	2.000	2.000	307.000	1000.000	1474.596	1477.405	1478.160	8,	1478.678,	nan	nan	8.000	1481.172	-107.000	214.000	-214.000	428.000	1.850	0.756	2.984	
14	2.000	2.000	308.000	1000.000	1484.174	1486.126	1486.804	8,	1487.099,	nan	nan	8.000	1489.822	-428.000	214.000	-107.000	107.000	0.968	0.678	3.492	
14	2.000	2.000	309.000	1000.000	1493.350	1494.840	1496.463	8,	1496.856,	nan	nan	8.000	1499.480	-321.000	428.000	-214.000	214.000	0.524	1.624	3.466	
14	2.000	2.000	310.000	1000.000	1502.994	1505.505	1506.419	8,	1506.716,	nan	nan	8.000	1509.436	-107.000	107.000	-214.000	428.000	1.556	0.915	3.486	
14	2.000	2.000	311.000	1000.000	1512.942	1515.707	1516.930	9,	1517.218,	nan	nan	9.000	1519.947	-214.000	321.000	-321.000	428.000	1.783	1.223	2.965	
14	2.000	2.000	312.000	1000.000	1522.931	1524.607	1525.574	9,	1526.231,	nan	nan	9.000	1528.591	-107.000	107.000	-321.000	428.000	0.693	0.968	3.743	
