subjID	session	Block	trialCount	earnings	Gam1Onset	Gam2Onset	FBOnset	KPs	RT	KPlate	RTlate	KP_Final	SLOnset	Gam1_1	Gam1_2	Gam2_1	Gam2_2	jit1	jit2	jit3	
15	2.000	1.000	1.000	1000.000	84.562	87.046	87.700	8,	88.257,	nan	nan	8.000	90.715	321.000	-321.000	428.000	-321.000	1.484	0.654	2.797	
15	2.000	1.000	2.000	1000.000	93.523	96.003	96.908	8,	97.001,	nan	nan	8.000	99.920	-428.000	321.000	-321.000	428.000	1.489	0.905	3.698	
15	2.000	1.000	3.000	1000.000	103.628	106.552	107.472	8,9,8,	107.884,108.629,109.169,	nan	nan	8.000	110.489	-214.000	428.000	-107.000	214.000	1.932	0.920	3.897	
15	2.000	1.000	4.000	1000.000	114.396	117.137	118.857	8,	118.895,	nan	nan	8.000	121.874	-214.000	214.000	-107.000	321.000	1.749	1.720	2.309	
15	2.000	1.000	5.000	1000.000	124.192	126.105	128.013	9,8,	128.891,129.043,	nan	nan	8.000	131.026	-428.000	321.000	-321.000	107.000	0.920	1.908	2.476	
15	2.000	1.000	6.000	1000.000	133.527	135.728	136.266	8,	136.795,	nan	nan	8.000	139.278	-107.000	428.000	-214.000	321.000	1.223	0.539	2.585	
15	2.000	1.000	7.000	1000.000	141.873	144.205	145.553	8,	145.915,	nan	nan	8.000	148.566	-107.000	214.000	-321.000	321.000	1.339	1.349	2.823	
15	2.000	1.000	8.000	1000.000	151.399	154.126	154.968	9,	155.207,	nan	nan	9.000	157.985	-107.000	214.000	-428.000	321.000	1.735	0.842	4.000	
15	2.000	1.000	9.000	1000.000	161.996	164.293	165.091	9,	165.375,	nan	nan	9.000	168.109	-214.000	214.000	-428.000	107.000	1.305	0.799	3.704	
15	2.000	1.000	10.000	1000.000	171.829	174.149	175.358	9,	175.451,	nan	nan	9.000	178.374	-321.000	214.000	-214.000	107.000	1.334	1.209	3.357	
15	2.000	1.000	11.000	1000.000	181.743	183.301	184.929	9,	185.144,	nan	nan	9.000	187.942	-107.000	321.000	-428.000	107.000	0.568	1.629	2.862	
15	2.000	1.000	12.000	1000.000	190.822	193.391	195.164	8,	195.558,	nan	nan	8.000	198.177	-321.000	321.000	-214.000	428.000	1.585	1.773	2.662	
15	2.000	1.000	13.000	1000.000	200.860	202.346	203.367	9,	203.821,	nan	nan	9.000	206.378	-428.000	428.000	-107.000	214.000	0.505	1.021	3.087	
15	2.000	1.000	14.000	1000.000	209.479	211.888	212.533	8,	213.030,	nan	nan	8.000	215.550	321.000	214.000	428.000	214.000	1.421	0.645	2.547	
15	2.000	1.000	15.000	1000.000	218.118	219.931	221.613	9,	221.867,	nan	nan	9.000	224.630	-321.000	428.000	-214.000	107.000	0.833	1.682	2.006	
15	2.000	1.000	16.000	1000.000	226.651	229.243	229.839	9,	230.515,	nan	nan	9.000	232.851	-107.000	428.000	-214.000	107.000	1.605	0.596	3.968	
15	2.000	1.000	17.000	1000.000	236.832	239.411	241.106	8,	241.339,	nan	nan	8.000	244.119	-214.000	107.000	-321.000	321.000	1.590	1.696	3.248	
15	2.000	1.000	18.000	1000.000	247.384	250.084	251.886	9,	252.182,	nan	nan	9.000	254.902	-321.000	214.000	-428.000	107.000	1.715	1.802	2.212	
15	2.000	1.000	19.000	1000.000	257.140	259.779	260.549	8,	261.004,	nan	nan	8.000	263.561	-214.000	214.000	-321.000	321.000	1.662	0.770	3.730	
15	2.000	1.000	20.000	1000.000	267.335	269.362	270.059	9,	270.933,	nan	nan	9.000	273.072	-214.000	428.000	-321.000	214.000	1.069	0.698	3.614	
15	2.000	1.000	21.000	1000.000	276.708	279.337	281.143	9,	281.612,	nan	nan	9.000	284.162	-321.000	321.000	-107.000	214.000	1.648	1.807	3.113	
15	2.000	1.000	22.000	1000.000	287.296	290.156	291.567	9,	293.286,	nan	nan	9.000	294.584	-214.000	428.000	-107.000	107.000	1.879	1.412	2.559	
15	2.000	1.000	23.000	1000.000	297.165	298.858	299.931	9,	300.664,	nan	nan	9.000	302.944	-214.000	428.000	-428.000	107.000	0.712	1.074	2.965	
15	2.000	1.000	24.000	1000.000	305.929	308.269	309.410	9,	309.770,	nan	nan	9.000	312.422	-428.000	428.000	-321.000	107.000	1.359	1.141	3.003	
15	2.000	1.000	25.000	1000.000	315.447	317.072	318.416	9,	319.031,	nan	nan	9.000	321.429	-107.000	214.000	-428.000	107.000	0.645	1.344	2.116	
15	2.000	1.000	26.000	1000.000	323.565	325.321	326.954	8,9,	327.694,328.106,	8.000	329.972	9.000	329.972	-214.000	107.000	-321.000	214.000	0.775	1.633	3.421	
15	2.000	1.000	27.000	1000.000	333.415	335.648	336.258	9,8,	337.491,337.903,	nan	nan	8.000	339.275	-214.000	428.000	-107.000	428.000	1.252	0.611	2.579	
15	2.000	1.000	28.000	1000.000	341.879	344.262	345.075	9,8,	345.342,346.694,	nan	nan	8.000	348.088	-214.000	214.000	-321.000	428.000	1.407	0.814	2.521	
15	2.000	1.000	29.000	1000.000	350.631	352.859	354.328	9,	354.646,	nan	nan	9.000	357.345	-321.000	214.000	-107.000	107.000	1.248	1.469	2.064	
15	2.000	1.000	30.000	1000.000	359.433	361.138	362.891	8,8,	362.944,363.259,	nan	nan	8.000	365.904	-428.000	214.000	-321.000	321.000	0.727	1.754	3.543	
15	2.000	1.000	31.000	1000.000	369.469	371.118	372.607	8,	372.836,	nan	nan	8.000	375.623	-428.000	428.000	-107.000	107.000	0.669	1.489	3.222	
15	2.000	1.000	32.000	1000.000	378.867	380.926	381.995	8,	382.301,	nan	nan	8.000	385.007	-428.000	214.000	-214.000	321.000	1.079	1.069	2.379	
15	2.000	1.000	33.000	1000.000	387.407	388.985	390.753	9,	390.890,	nan	nan	9.000	393.765	-214.000	428.000	-321.000	107.000	0.596	1.768	3.196	
15	2.000	1.000	34.000	1000.000	396.983	398.526	400.521	nan	nan	8.000	403.562	nan	nan	-321.000	321.000	-428.000	428.000	0.563	1.995	3.286	
15	2.000	1.000	35.000	1000.000	406.870	408.910	410.427	9,	410.529,	nan	nan	9.000	413.445	-107.000	428.000	-214.000	214.000	1.059	1.518	2.463	
15	2.000	1.000	36.000	1000.000	415.930	417.454	418.874	8,9,	419.051,420.358,	nan	nan	9.000	421.887	-107.000	321.000	-428.000	428.000	0.543	1.421	2.367	
15	2.000	1.000	37.000	1000.000	424.275	426.084	427.683	9,	428.000,	nan	nan	9.000	430.696	-428.000	428.000	-214.000	107.000	0.828	1.600	3.363	
15	2.000	1.000	38.000	1000.000	434.081	436.753	438.531	9,	438.920,	nan	nan	9.000	441.549	-107.000	428.000	-321.000	107.000	1.691	1.778	3.595	
15	2.000	1.000	39.000	1000.000	445.195	447.032	447.672	9,	448.314,	nan	nan	9.000	450.685	-107.000	428.000	-428.000	107.000	0.886	0.640	2.283	
15	2.000	1.000	40.000	1000.000	452.989	455.888	456.518	8,	458.153,	9.000	459.530	8.000	459.530	-214.000	-321.000	-107.000	-321.000	1.918	0.630	2.360	
15	2.000	1.000	41.000	1000.000	461.912	463.865	464.548	8,	465.920,	nan	nan	8.000	467.564	-214.000	214.000	-428.000	428.000	0.973	0.683	2.553	
15	2.000	1.000	42.000	1000.000	470.139	472.878	473.749	8,	473.964,	nan	nan	8.000	476.766	-321.000	214.000	-107.000	321.000	1.759	0.871	3.273	
15	2.000	1.000	43.000	1000.000	480.062	481.619	483.575	8,	483.989,	nan	nan	8.000	486.594	-107.000	214.000	-428.000	428.000	0.577	1.957	3.035	
15	2.000	1.000	44.000	1000.000	489.651	491.252	491.988	8,	493.410,	nan	nan	8.000	495.005	-214.000	107.000	-428.000	428.000	0.621	0.736	3.383	
15	2.000	1.000	45.000	1000.000	498.409	500.647	501.474	9,	502.698,	nan	nan	9.000	504.492	-107.000	214.000	-321.000	107.000	1.257	0.828	2.032	
15	2.000	1.000	46.000	1000.000	506.545	508.890	509.925	9,	510.694,	8.000	512.943	9.000	512.943	-428.000	214.000	-214.000	107.000	1.363	1.035	2.225	
15	2.000	1.000	47.000	1000.000	515.189	516.685	517.435	8,	518.230,	nan	nan	8.000	520.453	-214.000	214.000	-107.000	428.000	0.514	0.751	2.881	
15	2.000	1.000	48.000	1000.000	523.356	526.298	528.119	8,8,	528.539,528.845,	nan	nan	8.000	531.132	-428.000	107.000	-107.000	214.000	1.961	1.822	3.209	
15	2.000	1.000	49.000	1000.000	534.356	537.015	538.629	9,	538.661,	nan	nan	9.000	541.647	-428.000	428.000	-321.000	214.000	1.672	1.614	3.055	
15	2.000	1.000	50.000	1000.000	544.723	546.854	548.796	9,	549.585,	nan	nan	9.000	551.809	-214.000	107.000	-428.000	321.000	1.151	1.942	2.887	
15	2.000	1.000	51.000	1000.000	554.711	557.130	559.004	9,	559.409,	nan	nan	9.000	562.021	-214.000	428.000	-321.000	321.000	1.431	1.875	3.537	
15	2.000	1.000	52.000	1000.000	565.573	567.889	568.780	9,	569.885,	nan	nan	9.000	571.792	-107.000	321.000	-321.000	107.000	1.330	0.891	3.633	
15	2.000	1.000	53.000	1000.000	575.440	577.974	578.580	8,	579.270,	nan	nan	8.000	581.597	214.000	-214.000	428.000	-214.000	1.547	0.606	3.685	
15	2.000	1.000	54.000	1000.000	585.304	588.125	589.864	8,	590.123,	nan	nan	8.000	592.882	-214.000	107.000	-107.000	321.000	1.841	1.740	3.961	
15	2.000	1.000	55.000	1000.000	596.865	598.794	599.356	9,	599.870,	nan	nan	9.000	602.373	-107.000	428.000	-321.000	214.000	0.949	0.563	3.061	
15	2.000	1.000	56.000	1000.000	605.456	607.940	609.115	8,	609.406,	nan	nan	8.000	612.131	-214.000	107.000	-107.000	428.000	1.503	1.175	2.842	
15	2.000	1.000	57.000	1000.000	614.995	617.652	618.325	8,	618.841,	nan	nan	8.000	621.338	-321.000	214.000	-214.000	321.000	1.677	0.674	2.875	
15	2.000	1.000	58.000	1000.000	624.228	626.120	628.023	8,	628.089,	nan	nan	8.000	631.036	-428.000	214.000	-107.000	321.000	0.905	1.904	3.016	
15	2.000	1.000	59.000	1000.000	634.074	635.747	636.406	9,	637.672,	8.000	639.423	9.000	639.423	-321.000	214.000	-428.000	321.000	0.693	0.659	2.289	
15	2.000	1.000	60.000	1000.000	641.734	644.493	645.595	9,	646.412,	nan	nan	9.000	648.612	-321.000	214.000	-428.000	428.000	1.778	1.103	2.772	
15	2.000	1.000	61.000	1000.000	651.406	653.084	654.693	9,	654.923,	nan	nan	9.000	657.706	-107.000	428.000	-428.000	214.000	0.698	1.609	2.836	
15	2.000	1.000	62.000	1000.000	660.558	662.425	663.807	9,	664.395,	nan	nan	9.000	666.820	-321.000	428.000	-428.000	321.000	0.881	1.383	3.170	
15	2.000	1.000	63.000	1000.000	670.004	671.796	673.709	9,9,	673.774,674.205,	nan	nan	9.000	676.727	-214.000	428.000	-428.000	214.000	0.804	1.913	3.820	
15	2.000	1.000	64.000	1000.000	680.562	682.233	684.122	8,	684.294,	nan	nan	8.000	687.139	-428.000	214.000	-321.000	428.000	0.683	1.889	3.106	
15	2.000	1.000	65.000	1000.000	690.267	692.008	693.993	9,	694.230,	nan	nan	9.000	697.005	-107.000	428.000	-321.000	321.000	0.760	1.986	3.138	
15	2.000	1.000	66.000	1000.000	700.165	702.846	703.573	8,	704.172,	nan	nan	8.000	706.589	214.000	107.000	428.000	107.000	1.701	0.727	2.502	
15	2.000	1.000	67.000	1000.000	709.113	711.635	712.955	8,	713.698,	nan	nan	8.000	715.967	-321.000	107.000	-428.000	214.000	1.542	1.320	2.180	
15	2.000	1.000	68.000	1000.000	718.169	720.980	722.493	9,	722.640,	nan	nan	9.000	725.505	-428.000	428.000	-214.000	321.000	1.831	1.513	3.762	
15	2.000	1.000	69.000	1000.000	729.289	731.276	731.843	8,	733.179,	nan	nan	8.000	734.856	-214.000	107.000	-428.000	214.000	1.006	0.568	2.013	
15	2.000	1.000	70.000	1000.000	736.890	738.573	740.028	9,	740.788,	nan	nan	9.000	743.040	-214.000	428.000	-428.000	321.000	0.703	1.455	2.688	
15	2.000	1.000	71.000	1000.000	745.750	748.518	750.049	9,	750.840,	8.000	753.067	9.000	753.068	-428.000	321.000	-214.000	107.000	1.788	1.532	2.219	
15	2.000	1.000	72.000	1000.000	755.308	757.386	758.759	8,9,	759.390,760.119,	nan	nan	9.000	761.776	-107.000	107.000	-214.000	214.000	1.098	1.373	2.785	
15	2.000	1.000	73.000	1000.000	764.582	767.515	769.134	8,	769.463,	nan	nan	8.000	772.152	-107.000	321.000	-214.000	428.000	1.952	1.619	2.167	
15	2.000	1.000	74.000	1000.000	774.333	775.961	777.884	9,	779.153,	nan	nan	9.000	780.902	-107.000	107.000	-428.000	214.000	0.640	1.923	3.531	
15	2.000	1.000	75.000	1000.000	784.448	786.721	787.481	8,	789.437,	nan	nan	8.000	790.497	-428.000	428.000	-214.000	214.000	1.286	0.760	2.997	
15	2.000	1.000	76.000	1000.000	793.508	796.240	796.952	9,	797.681,	nan	nan	9.000	799.969	-214.000	321.000	-321.000	107.000	1.744	0.712	3.023	
15	2.000	1.000	77.000	1000.000	803.013	805.371	807.347	8,	808.106,	nan	nan	8.000	810.360	-321.000	214.000	-107.000	428.000	1.378	1.976	2.624	
15	2.000	1.000	78.000	1000.000	813.006	815.716	817.026	8,	817.565,	nan	nan	8.000	820.038	-107.000	214.000	-214.000	321.000	1.730	1.310	2.071	
15	2.000	1.000	79.000	1000.000	822.130	823.765	824.482	8,	825.012,	nan	nan	8.000	827.498	-321.000	321.000	-107.000	321.000	0.654	0.717	2.244	
15	2.000	1.000	80.000	1000.000	829.764	832.065	832.854	9,	833.412,	nan	nan	9.000	835.871	-214.000	321.000	-107.000	214.000	1.320	0.789	3.576	
15	2.000	1.000	81.000	1000.000	839.468	842.000	843.223	8,9,	843.417,844.096,	nan	nan	9.000	846.240	-428.000	428.000	-321.000	321.000	1.551	1.223	2.945	
15	2.000	1.000	82.000	1000.000	849.246	852.182	852.711	8,	853.390,	nan	nan	8.000	855.728	-321.000	107.000	-107.000	321.000	1.995	0.529	2.527	
15	2.000	1.000	83.000	1000.000	858.269	860.789	862.736	9,	862.980,	nan	nan	9.000	865.749	-107.000	321.000	-428.000	214.000	1.532	1.947	3.350	
15	2.000	1.000	84.000	1000.000	869.114	871.870	873.518	8,	873.668,	nan	nan	8.000	876.535	-428.000	107.000	-107.000	321.000	1.768	1.648	2.752	
15	2.000	1.000	85.000	1000.000	879.302	881.827	883.166	8,	883.304,	nan	nan	8.000	886.178	-428.000	214.000	-321.000	107.000	1.537	1.339	3.736	
15	2.000	1.000	86.000	1000.000	889.938	891.706	893.107	9,	893.315,	nan	nan	9.000	896.120	-107.000	428.000	-428.000	321.000	0.789	1.402	2.971	
15	2.000	1.000	87.000	1000.000	899.113	901.259	902.144	8,9,	902.823,903.243,	nan	nan	9.000	905.161	-214.000	321.000	-107.000	107.000	1.166	0.886	3.621	
15	2.000	1.000	88.000	1000.000	908.807	911.417	911.950	9,9,	913.066,913.660,	nan	nan	9.000	914.968	-321.000	321.000	-428.000	107.000	1.633	0.534	2.277	
15	2.000	1.000	89.000	1000.000	917.266	919.335	920.423	8,	920.958,	nan	nan	8.000	923.435	-107.000	214.000	-321.000	428.000	1.088	1.088	2.958	
15	2.000	1.000	90.000	1000.000	926.408	928.194	928.988	9,	929.495,	nan	nan	9.000	932.001	-214.000	321.000	-428.000	107.000	0.799	0.794	2.791	
15	2.000	1.000	91.000	1000.000	934.815	937.591	938.925	8,	938.945,	nan	nan	8.000	941.938	-107.000	107.000	-321.000	321.000	1.797	1.334	3.466	
15	2.000	1.000	92.000	1000.000	945.431	947.624	949.489	8,9,	950.045,950.802,	8.000	952.506	9.000	952.506	-321.000	-214.000	-107.000	-214.000	1.219	1.865	2.418	
15	2.000	1.000	93.000	1000.000	954.946	956.532	957.813	8,	958.161,	nan	nan	8.000	960.830	-214.000	107.000	-107.000	214.000	0.606	1.281	3.910	
15	2.000	1.000	94.000	1000.000	964.755	966.783	967.808	9,8,9,	968.369,968.755,969.228,	nan	nan	9.000	970.820	-321.000	428.000	-107.000	214.000	1.040	1.026	3.158	
15	2.000	1.000	95.000	1000.000	973.993	976.063	976.838	8,	977.591,	nan	nan	8.000	979.856	-428.000	107.000	-214.000	321.000	1.084	0.775	3.865	
15	2.000	1.000	96.000	1000.000	983.736	986.448	988.419	8,	988.828,	nan	nan	8.000	991.431	-321.000	428.000	-107.000	321.000	1.725	1.971	2.495	
15	2.000	1.000	97.000	1000.000	993.948	996.320	997.196	9,	997.508,	nan	nan	9.000	1000.209	-321.000	428.000	-428.000	214.000	1.392	0.876	2.019	
15	2.000	1.000	98.000	1000.000	1002.251	1005.120	1005.942	9,9,	1006.682,1007.248,	nan	nan	9.000	1008.955	-107.000	107.000	-321.000	214.000	1.889	0.823	2.457	
15	2.000	1.000	99.000	1000.000	1011.433	1013.859	1015.029	9,8,	1015.412,1016.580,	nan	nan	8.000	1018.046	-428.000	321.000	-321.000	214.000	1.445	1.170	2.251	
15	2.000	1.000	100.000	1000.000	1020.319	1022.166	1023.664	8,	1024.374,	nan	nan	8.000	1026.676	-321.000	107.000	-214.000	214.000	0.867	1.498	3.588	
15	2.000	1.000	101.000	1000.000	1030.286	1032.331	1033.269	8,	1033.352,	nan	nan	8.000	1036.287	-428.000	321.000	-214.000	428.000	1.064	0.939	2.334	
15	2.000	1.000	102.000	1000.000	1038.643	1040.403	1041.568	9,	1042.014,	nan	nan	9.000	1044.580	-214.000	321.000	-428.000	214.000	0.780	1.166	3.190	
15	2.000	1.000	103.000	1000.000	1047.792	1049.962	1051.464	9,	1052.144,	nan	nan	9.000	1054.481	-321.000	428.000	-107.000	107.000	1.190	1.503	3.042	
15	2.000	1.000	104.000	1000.000	1057.545	1059.753	1060.653	8,9,	1060.817,1062.273,	nan	nan	9.000	1063.671	-214.000	428.000	-107.000	321.000	1.228	0.900	3.942	
15	2.000	1.000	105.000	1000.000	1067.635	1069.332	1070.874	8,	1072.185,	nan	nan	8.000	1073.886	214.000	-107.000	321.000	-107.000	0.717	1.542	3.749	
15	2.000	1.000	106.000	1000.000	1077.650	1079.745	1080.992	8,	1081.858,	nan	nan	8.000	1084.010	-428.000	214.000	-214.000	428.000	1.108	1.248	2.617	
15	2.000	1.000	107.000	1000.000	1086.642	1089.403	1090.592	8,	1091.327,	nan	nan	8.000	1093.605	-428.000	428.000	-107.000	321.000	1.773	1.190	3.235	
15	2.000	1.000	108.000	1000.000	1096.854	1098.650	1099.353	9,	1101.281,	nan	nan	9.000	1102.370	-107.000	321.000	-321.000	428.000	0.809	0.703	3.395	
15	2.000	1.000	109.000	1000.000	1105.787	1107.605	1108.274	8,	1109.237,	nan	nan	8.000	1111.290	-321.000	214.000	-214.000	428.000	0.838	0.669	2.701	
15	2.000	1.000	110.000	1000.000	1114.013	1116.887	1117.898	9,	1118.196,	nan	nan	9.000	1120.910	-107.000	321.000	-214.000	107.000	1.894	1.011	2.637	
15	2.000	1.000	111.000	1000.000	1123.568	1125.058	1126.653	9,	1126.947,	nan	nan	9.000	1129.666	-214.000	321.000	-321.000	214.000	0.510	1.595	2.675	
15	2.000	1.000	112.000	1000.000	1132.363	1134.002	1134.584	9,	1135.204,	nan	nan	9.000	1137.595	-321.000	428.000	-428.000	107.000	0.659	0.582	3.293	
15	2.000	1.000	113.000	1000.000	1140.917	1143.765	1144.356	8,	1144.911,	nan	nan	8.000	1147.368	-428.000	321.000	-107.000	107.000	1.875	0.592	3.524	
15	2.000	1.000	114.000	1000.000	1150.915	1152.968	1154.105	8,	1154.289,	nan	nan	8.000	1157.123	-107.000	107.000	-214.000	321.000	1.074	1.137	3.640	
15	2.000	1.000	115.000	1000.000	1160.778	1163.162	1164.959	8,	1165.463,	nan	nan	8.000	1167.976	-321.000	107.000	-107.000	214.000	1.397	1.797	3.093	
15	2.000	1.000	116.000	1000.000	1171.085	1172.837	1173.790	8,9,	1174.614,1175.260,	nan	nan	9.000	1176.808	-321.000	321.000	-107.000	107.000	0.765	0.953	2.855	
15	2.000	1.000	117.000	1000.000	1179.677	1182.593	1184.448	8,	1184.822,	nan	nan	8.000	1187.464	-428.000	107.000	-214.000	214.000	1.928	1.855	2.328	
15	2.000	1.000	118.000	1000.000	1189.815	1191.796	1192.662	8,	1193.312,	nan	nan	8.000	1195.675	214.000	428.000	321.000	428.000	1.002	0.867	2.347	
15	2.000	1.000	119.000	1000.000	1198.044	1200.060	1200.878	8,	1201.256,	nan	nan	8.000	1203.890	-428.000	107.000	-107.000	428.000	1.035	0.818	2.129	
15	2.000	1.000	120.000	1000.000	1206.042	1208.934	1210.610	8,	1210.851,	nan	nan	8.000	1213.624	-428.000	214.000	-107.000	428.000	1.913	1.677	3.164	
15	2.000	1.000	121.000	1000.000	1216.803	1219.028	1220.174	9,	1220.451,	nan	nan	9.000	1223.192	-107.000	214.000	-214.000	107.000	1.238	1.146	2.765	
15	2.000	1.000	122.000	1000.000	1225.973	1227.802	1229.208	nan	nan	nan	nan	nan	nan	-321.000	428.000	-214.000	321.000	0.842	1.407	3.826	
15	2.000	1.000	123.000	1000.000	1236.093	1237.804	1238.801	8,	1239.770,	nan	nan	8.000	1241.819	-107.000	107.000	-321.000	428.000	0.732	0.997	3.659	
15	2.000	1.000	124.000	1000.000	1245.523	1247.231	1248.816	9,	1249.000,	nan	nan	9.000	1251.829	-214.000	214.000	-321.000	107.000	0.751	1.585	2.656	
15	2.000	1.000	125.000	1000.000	1254.507	1257.193	1258.941	8,8,8,8,	1259.241,1259.564,1259.956,1260.299,	nan	nan	8.000	1261.954	-428.000	107.000	-321.000	428.000	1.706	1.749	2.984	
15	2.000	1.000	126.000	1000.000	1264.955	1267.906	1268.816	8,	1269.047,	nan	nan	8.000	1271.832	-428.000	107.000	-214.000	428.000	1.966	0.910	2.148	
15	2.000	1.000	127.000	1000.000	1274.002	1276.500	1277.564	9,	1278.004,	nan	nan	9.000	1280.582	-107.000	321.000	-214.000	214.000	1.518	1.064	2.450	
15	2.000	1.000	128.000	1000.000	1283.048	1285.180	1286.394	9,	1286.777,	nan	nan	9.000	1289.410	-214.000	214.000	-428.000	321.000	1.146	1.214	3.775	
15	2.000	1.000	129.000	1000.000	1293.207	1295.483	1296.899	8,9,8,	1296.928,1297.219,1297.621,	nan	nan	8.000	1299.916	-107.000	107.000	-428.000	428.000	1.296	1.416	3.955	
15	2.000	1.000	130.000	1000.000	1303.893	1306.525	1308.409	8,	1308.566,	nan	nan	8.000	1311.422	-321.000	107.000	-107.000	428.000	1.653	1.884	2.894	
15	2.000	1.000	131.000	1000.000	1314.339	1315.953	1316.467	8,	1317.456,	nan	nan	8.000	1319.480	-321.000	107.000	-214.000	107.000	0.635	0.514	2.232	
15	2.000	1.000	132.000	1000.000	1321.733	1323.242	1325.179	9,	1325.793,	nan	nan	9.000	1328.196	-107.000	107.000	-428.000	321.000	0.529	1.937	3.402	
15	2.000	1.000	133.000	1000.000	1331.621	1334.069	1334.627	nan	nan	8.000	1337.662	nan	nan	-321.000	107.000	-428.000	321.000	1.469	0.558	2.386	
15	2.000	1.000	134.000	1000.000	1340.070	1342.394	1343.491	8,	1343.831,	nan	nan	8.000	1346.510	-107.000	107.000	-214.000	428.000	1.344	1.098	3.080	
15	2.000	1.000	135.000	1000.000	1349.613	1351.488	1353.034	8,	1353.186,	nan	nan	8.000	1356.047	-214.000	321.000	-107.000	428.000	0.895	1.547	2.952	
15	2.000	1.000	136.000	1000.000	1359.021	1360.611	1361.415	8,	1361.585,	nan	nan	8.000	1364.427	-321.000	107.000	-214.000	321.000	0.611	0.804	2.238	
15	2.000	1.000	137.000	1000.000	1366.686	1369.353	1371.015	9,8,	1371.319,1372.038,	nan	nan	8.000	1374.028	-214.000	214.000	-107.000	107.000	1.686	1.662	2.199	
15	2.000	1.000	138.000	1000.000	1376.241	1377.985	1378.764	8,	1379.861,	nan	nan	8.000	1381.777	-214.000	107.000	-321.000	428.000	0.756	0.780	2.643	
15	2.000	1.000	139.000	1000.000	1384.435	1387.032	1388.843	8,	1388.932,	nan	nan	8.000	1391.857	-428.000	321.000	-107.000	214.000	1.609	1.812	3.563	
15	2.000	1.000	140.000	1000.000	1395.435	1397.554	1398.671	8,	1399.037,	nan	nan	8.000	1401.688	-321.000	107.000	-214.000	428.000	1.132	1.117	3.473	
15	2.000	1.000	141.000	1000.000	1405.184	1407.371	1408.344	8,	1408.479,	nan	nan	8.000	1411.361	-428.000	214.000	-107.000	107.000	1.209	0.973	2.412	
15	2.000	1.000	142.000	1000.000	1413.788	1416.398	1418.398	9,	1418.892,	nan	nan	9.000	1421.411	-321.000	321.000	-214.000	107.000	1.624	2.000	3.280	
15	2.000	1.000	143.000	1000.000	1424.713	1426.994	1428.637	9,	1429.058,	nan	nan	9.000	1431.654	-428.000	321.000	-214.000	214.000	1.301	1.643	2.727	
15	2.000	1.000	144.000	1000.000	1434.404	1436.800	1437.386	8,	1438.206,	nan	nan	8.000	1440.398	-321.000	-107.000	-214.000	-107.000	1.416	0.587	2.778	
15	2.000	1.000	145.000	1000.000	1443.243	1444.915	1446.765	9,	1447.084,	nan	nan	9.000	1449.778	-214.000	321.000	-428.000	428.000	0.736	1.850	3.717	
15	2.000	1.000	146.000	1000.000	1453.518	1456.024	1457.590	8,	1457.801,	nan	nan	8.000	1460.603	-428.000	107.000	-321.000	214.000	1.527	1.566	3.666	
15	2.000	1.000	147.000	1000.000	1464.284	1466.654	1468.229	8,	1468.755,	nan	nan	8.000	1471.246	-214.000	321.000	-321.000	428.000	1.383	1.576	3.376	
15	2.000	1.000	148.000	1000.000	1474.638	1476.602	1477.926	9,	1478.356,	nan	nan	9.000	1480.938	-321.000	321.000	-428.000	214.000	0.977	1.325	3.859	
15	2.000	1.000	149.000	1000.000	1484.821	1486.569	1487.232	9,9,9,9,	1487.560,1488.186,1488.589,1488.936,	9.000	1490.250	9.000	1490.250	-107.000	321.000	-321.000	214.000	0.770	0.664	3.492	
15	2.000	1.000	150.000	1000.000	1493.766	1496.243	1497.977	8,	1498.213,	nan	nan	8.000	1500.990	-107.000	214.000	-214.000	428.000	1.498	1.735	2.913	
15	2.000	1.000	151.000	1000.000	1503.917	1506.761	1508.741	8,8,	1509.179,1509.450,	nan	nan	8.000	1511.754	-321.000	321.000	-107.000	428.000	1.855	1.981	2.489	
15	2.000	1.000	152.000	1000.000	1514.269	1517.216	1517.792	9,9,	1518.510,1518.874,	nan	nan	9.000	1520.810	-321.000	428.000	-214.000	214.000	1.971	0.577	2.482	
15	2.000	1.000	153.000	1000.000	1523.308	1526.131	1527.957	8,	1528.401,	nan	nan	8.000	1530.973	-321.000	321.000	-214.000	214.000	1.836	1.826	3.203	
15	2.000	1.000	154.000	1000.000	1534.191	1535.856	1536.969	8,	1537.623,	nan	nan	8.000	1539.985	-321.000	107.000	-428.000	428.000	0.678	1.113	2.900	
15	2.000	1.000	155.000	1000.000	1542.948	1545.130	1546.489	8,	1546.804,	nan	nan	8.000	1549.506	-428.000	107.000	-321.000	321.000	1.243	1.359	3.177	
15	2.000	1.000	156.000	1000.000	1552.706	1554.301	1554.854	8,	1555.566,	nan	nan	8.000	1557.870	-428.000	321.000	-107.000	428.000	0.616	0.553	2.264	
15	2.000	2.000	157.000	1000.000	45.220	47.120	47.952	8,	48.014,	nan	nan	8.000	50.968	321.000	-321.000	428.000	-321.000	0.900	0.833	3.839	
15	2.000	2.000	158.000	1000.000	54.830	57.756	59.428	8,8,	59.735,60.115,	nan	nan	8.000	62.440	-428.000	214.000	-214.000	321.000	1.947	1.672	2.135	
15	2.000	2.000	159.000	1000.000	64.598	67.486	68.135	8,9,	68.827,69.314,	nan	nan	9.000	71.152	-428.000	321.000	-321.000	107.000	1.908	0.650	3.100	
15	2.000	2.000	160.000	1000.000	74.273	76.468	77.209	9,	77.313,	nan	nan	9.000	80.221	-107.000	214.000	-428.000	107.000	1.214	0.741	2.682	
15	2.000	2.000	161.000	1000.000	82.925	85.061	86.298	9,	86.785,	nan	nan	9.000	89.316	-214.000	428.000	-107.000	107.000	1.156	1.238	3.453	
15	2.000	2.000	162.000	1000.000	92.798	94.898	95.441	8,	95.945,	nan	nan	8.000	98.453	-428.000	214.000	-321.000	321.000	1.127	0.543	2.630	
15	2.000	2.000	163.000	1000.000	101.106	103.024	104.807	9,	105.008,	nan	nan	9.000	107.819	-428.000	428.000	-214.000	107.000	0.939	1.783	2.868	
15	2.000	2.000	164.000	1000.000	110.711	112.291	113.576	9,	114.024,	nan	nan	9.000	116.589	-428.000	428.000	-321.000	107.000	0.601	1.286	3.151	
15	2.000	2.000	165.000	1000.000	119.771	121.537	122.495	9,	123.054,	nan	nan	9.000	125.507	-107.000	321.000	-428.000	428.000	0.794	0.958	3.891	
15	2.000	2.000	166.000	1000.000	129.422	132.385	133.700	8,	133.776,	nan	nan	8.000	136.713	-321.000	214.000	-107.000	107.000	1.986	1.315	3.074	
15	2.000	2.000	167.000	1000.000	139.811	142.114	143.168	9,9,	143.629,143.999,	nan	nan	9.000	146.181	-107.000	428.000	-321.000	107.000	1.325	1.055	2.206	
15	2.000	2.000	168.000	1000.000	148.411	151.388	152.785	9,	152.882,	nan	nan	9.000	155.798	-214.000	428.000	-321.000	214.000	2.000	1.397	2.810	
15	2.000	2.000	169.000	1000.000	158.631	161.586	163.079	8,	163.420,	nan	nan	8.000	166.097	-214.000	107.000	-321.000	321.000	1.976	1.494	2.270	
15	2.000	2.000	170.000	1000.000	168.382	171.254	171.773	8,	172.710,	nan	nan	8.000	174.789	321.000	214.000	428.000	214.000	1.884	0.519	2.746	
15	2.000	2.000	171.000	1000.000	177.560	179.742	181.182	8,	181.677,	nan	nan	8.000	184.199	-321.000	321.000	-107.000	214.000	1.204	1.441	3.627	
15	2.000	2.000	172.000	1000.000	187.856	190.269	192.259	9,	192.403,	nan	nan	9.000	195.272	-107.000	428.000	-214.000	107.000	1.441	1.990	3.048	
15	2.000	2.000	173.000	1000.000	198.343	200.309	201.880	8,	202.513,	nan	nan	8.000	204.898	-428.000	428.000	-107.000	214.000	0.987	1.571	3.871	
15	2.000	2.000	174.000	1000.000	208.794	211.332	212.536	9,	212.902,	nan	nan	9.000	215.553	-107.000	428.000	-214.000	214.000	1.561	1.204	2.469	
15	2.000	2.000	175.000	1000.000	218.047	219.901	221.558	8,	221.783,	nan	nan	8.000	224.570	-214.000	214.000	-107.000	321.000	0.876	1.658	3.852	
15	2.000	2.000	176.000	1000.000	228.448	231.164	232.648	9,	232.969,	nan	nan	9.000	235.664	-214.000	107.000	-321.000	214.000	1.740	1.484	3.582	
15	2.000	2.000	177.000	1000.000	239.262	240.874	242.126	8,	242.839,	nan	nan	8.000	245.138	-428.000	321.000	-321.000	428.000	0.625	1.252	3.344	
15	2.000	2.000	178.000	1000.000	248.506	250.886	252.047	9,	252.126,	nan	nan	9.000	255.060	-321.000	214.000	-428.000	107.000	1.402	1.161	3.711	
15	2.000	2.000	179.000	1000.000	258.795	261.339	262.610	8,	262.964,	nan	nan	8.000	265.623	-321.000	321.000	-428.000	428.000	1.566	1.272	2.611	
15	2.000	2.000	180.000	1000.000	268.256	271.173	271.929	9,	272.161,	nan	nan	9.000	274.946	-214.000	214.000	-428.000	107.000	1.937	0.756	3.267	
15	2.000	2.000	181.000	1000.000	278.237	280.241	281.792	9,	281.822,	nan	nan	9.000	284.804	-107.000	214.000	-321.000	321.000	1.026	1.551	2.759	
15	2.000	2.000	182.000	1000.000	287.588	289.489	291.248	8,	291.320,	nan	nan	8.000	294.265	-214.000	214.000	-321.000	428.000	0.924	1.759	2.920	
15	2.000	2.000	183.000	1000.000	297.208	299.357	301.144	8,	301.523,	nan	nan	8.000	304.162	-214.000	428.000	-107.000	428.000	1.170	1.788	2.161	
15	2.000	2.000	184.000	1000.000	306.346	308.370	309.612	9,	309.761,	nan	nan	9.000	312.625	-107.000	214.000	-428.000	321.000	1.045	1.243	3.878	
15	2.000	2.000	185.000	1000.000	316.532	319.124	320.713	9,	320.872,	nan	nan	9.000	323.731	-214.000	428.000	-428.000	107.000	1.619	1.590	3.183	
15	2.000	2.000	186.000	1000.000	326.930	328.884	330.570	9,	330.729,	nan	nan	9.000	333.589	-107.000	428.000	-428.000	107.000	0.968	1.686	2.392	
15	2.000	2.000	187.000	1000.000	336.004	337.975	339.483	9,	340.316,	nan	nan	9.000	342.496	-321.000	428.000	-214.000	107.000	0.992	1.508	2.939	
15	2.000	2.000	188.000	1000.000	345.458	348.263	348.994	9,	349.480,	nan	nan	9.000	352.006	-214.000	428.000	-321.000	107.000	1.826	0.732	3.498	
15	2.000	2.000	189.000	1000.000	355.534	357.229	358.881	nan	nan	8.000	361.908	nan	nan	-321.000	321.000	-214.000	428.000	0.722	1.653	3.312	
15	2.000	2.000	190.000	1000.000	365.250	367.735	369.098	9,9,9,9,	369.347,369.628,369.911,370.180,	nan	nan	9.000	372.112	-107.000	428.000	-214.000	321.000	1.513	1.363	3.691	
15	2.000	2.000	191.000	1000.000	375.833	378.284	380.236	9,	380.327,	nan	nan	9.000	383.254	-214.000	428.000	-107.000	214.000	1.479	1.952	3.756	
15	2.000	2.000	192.000	1000.000	387.033	389.322	390.579	8,	390.706,	nan	nan	8.000	393.596	-214.000	214.000	-321.000	321.000	1.310	1.257	3.608	
15	2.000	2.000	193.000	1000.000	397.228	399.405	400.329	8,9,	400.855,401.896,	nan	nan	9.000	403.341	-428.000	428.000	-107.000	107.000	1.199	0.924	2.669	
15	2.000	2.000	194.000	1000.000	406.034	407.700	408.205	9,	409.204,	8.000	411.222	9.000	411.222	-321.000	214.000	-214.000	107.000	0.688	0.505	3.794	
15	2.000	2.000	195.000	1000.000	415.040	417.526	418.827	9,9,	418.877,419.118,	nan	nan	9.000	421.840	-107.000	321.000	-428.000	107.000	1.508	1.301	3.029	
15	2.000	2.000	196.000	1000.000	424.892	426.882	428.318	8,	428.948,	nan	nan	8.000	431.335	-214.000	-428.000	-107.000	-428.000	1.011	1.436	2.566	
15	2.000	2.000	197.000	1000.000	433.923	436.893	438.020	8,	439.438,	nan	nan	8.000	441.037	-214.000	214.000	-428.000	428.000	1.990	1.127	2.720	
15	2.000	2.000	198.000	1000.000	443.780	446.663	448.353	8,	448.666,	nan	nan	8.000	451.371	-214.000	107.000	-428.000	321.000	1.904	1.691	2.437	
15	2.000	2.000	199.000	1000.000	453.832	455.913	456.953	9,8,	457.579,458.840,	9.000	459.966	8.000	459.966	-214.000	107.000	-428.000	214.000	1.103	1.040	2.540	
15	2.000	2.000	200.000	1000.000	462.531	464.042	465.757	8,9,	466.176,467.470,	nan	nan	9.000	468.769	-321.000	107.000	-428.000	214.000	0.534	1.715	3.486	
15	2.000	2.000	201.000	1000.000	472.277	474.707	476.374	9,9,	476.421,476.644,	nan	nan	9.000	479.391	-321.000	428.000	-428.000	321.000	1.450	1.667	3.068	
15	2.000	2.000	202.000	1000.000	482.484	484.603	485.532	8,	485.895,	nan	nan	8.000	488.549	-321.000	214.000	-214.000	321.000	1.141	0.929	3.215	
15	2.000	2.000	203.000	1000.000	491.789	493.879	495.710	8,	495.843,	nan	nan	8.000	498.722	-214.000	214.000	-107.000	428.000	1.113	1.831	2.257	
15	2.000	2.000	204.000	1000.000	501.004	502.540	504.178	8,	504.517,	nan	nan	8.000	507.195	-214.000	107.000	-107.000	428.000	0.558	1.638	2.514	
15	2.000	2.000	205.000	1000.000	509.734	512.354	513.322	9,	513.634,	nan	nan	9.000	516.333	-214.000	428.000	-428.000	214.000	1.643	0.968	2.084	
15	2.000	2.000	206.000	1000.000	518.443	521.077	521.923	9,	522.316,	nan	nan	9.000	524.935	-107.000	428.000	-321.000	321.000	1.658	0.847	3.125	
15	2.000	2.000	207.000	1000.000	528.084	530.826	531.832	8,	532.183,	nan	nan	8.000	534.849	-107.000	107.000	-214.000	214.000	1.764	1.006	3.788	
15	2.000	2.000	208.000	1000.000	538.662	541.446	542.230	8,	542.600,	nan	nan	8.000	545.247	-214.000	107.000	-107.000	321.000	1.807	0.785	2.026	
15	2.000	2.000	209.000	1000.000	547.298	548.847	550.765	8,	550.861,	nan	nan	8.000	553.778	214.000	-321.000	428.000	-321.000	0.572	1.918	2.849	
15	2.000	2.000	210.000	1000.000	556.652	558.573	559.960	8,	560.840,	nan	nan	8.000	562.972	-321.000	214.000	-107.000	321.000	0.944	1.387	3.781	
15	2.000	2.000	211.000	1000.000	566.779	569.191	570.390	8,8,	570.422,570.712,	nan	nan	8.000	573.407	-428.000	107.000	-107.000	214.000	1.436	1.199	3.518	
15	2.000	2.000	212.000	1000.000	576.951	579.242	580.947	9,	580.994,	nan	nan	9.000	583.960	-428.000	428.000	-321.000	214.000	1.315	1.706	3.974	
15	2.000	2.000	213.000	1000.000	587.959	590.290	592.256	8,	592.858,	nan	nan	8.000	595.274	-428.000	214.000	-214.000	107.000	1.354	1.966	3.119	
15	2.000	2.000	214.000	1000.000	598.424	600.257	601.171	9,	602.150,	nan	nan	9.000	604.184	-107.000	107.000	-428.000	214.000	0.862	0.915	3.678	
15	2.000	2.000	215.000	1000.000	607.888	610.213	611.543	8,9,	612.018,612.636,	nan	nan	9.000	614.560	-107.000	214.000	-428.000	428.000	1.349	1.330	3.916	
15	2.000	2.000	216.000	1000.000	618.502	620.335	621.703	9,	621.784,	nan	nan	9.000	624.720	-214.000	428.000	-321.000	321.000	0.857	1.368	3.145	
15	2.000	2.000	217.000	1000.000	627.889	630.562	632.263	8,	632.372,	nan	nan	8.000	635.281	-107.000	321.000	-214.000	428.000	1.696	1.701	2.122	
15	2.000	2.000	218.000	1000.000	637.428	639.320	640.268	8,	640.398,	nan	nan	8.000	643.281	-428.000	214.000	-107.000	321.000	0.915	0.949	2.926	
15	2.000	2.000	219.000	1000.000	646.230	648.394	649.202	8,	649.657,	nan	nan	8.000	652.215	-321.000	214.000	-428.000	428.000	1.185	0.809	2.707	
15	2.000	2.000	220.000	1000.000	654.946	656.743	657.734	8,	657.941,	nan	nan	8.000	660.747	-321.000	214.000	-107.000	428.000	0.818	0.992	3.318	
15	2.000	2.000	221.000	1000.000	664.089	666.532	667.514	9,	667.848,	nan	nan	9.000	670.531	-214.000	428.000	-428.000	321.000	1.465	0.982	3.241	
15	2.000	2.000	222.000	1000.000	673.795	676.297	677.563	8,	677.726,	nan	nan	8.000	680.581	214.000	107.000	428.000	107.000	1.523	1.267	2.096	
15	2.000	2.000	223.000	1000.000	682.700	684.613	686.574	8,	687.546,	nan	nan	8.000	689.587	-428.000	321.000	-214.000	107.000	0.934	1.961	3.228	
15	2.000	2.000	224.000	1000.000	692.842	694.848	695.463	9,	696.849,	nan	nan	9.000	698.481	-428.000	428.000	-214.000	214.000	1.031	0.616	2.405	
15	2.000	2.000	225.000	1000.000	700.911	703.261	704.113	9,9,	705.134,705.526,	nan	nan	9.000	707.125	-214.000	321.000	-321.000	107.000	1.373	0.852	3.132	
15	2.000	2.000	226.000	1000.000	710.280	712.526	713.604	9,	713.994,	nan	nan	9.000	716.621	-428.000	428.000	-214.000	321.000	1.267	1.079	3.505	
15	2.000	2.000	227.000	1000.000	720.150	721.975	722.523	9,	722.603,	nan	nan	9.000	725.540	-107.000	428.000	-428.000	214.000	0.847	0.548	3.646	
15	2.000	2.000	228.000	1000.000	729.214	732.111	732.968	9,	733.242,	nan	nan	9.000	735.984	-107.000	321.000	-321.000	107.000	1.923	0.857	3.331	
15	2.000	2.000	229.000	1000.000	739.381	741.189	742.340	8,8,8,8,8,	742.602,743.051,743.656,743.989,744.240,	nan	nan	8.000	745.352	-214.000	107.000	-428.000	428.000	0.871	1.151	2.141	
15	2.000	2.000	230.000	1000.000	747.521	750.313	751.435	9,9,	751.637,752.007,	nan	nan	9.000	754.446	-107.000	214.000	-321.000	107.000	1.817	1.122	2.077	
15	2.000	2.000	231.000	1000.000	756.546	758.894	760.320	8,	760.644,	nan	nan	8.000	763.333	-321.000	214.000	-428.000	321.000	1.368	1.426	2.103	
15	2.000	2.000	232.000	1000.000	765.463	767.892	769.685	8,	770.141,	nan	nan	8.000	772.698	-107.000	214.000	-214.000	321.000	1.455	1.793	2.315	
15	2.000	2.000	233.000	1000.000	775.037	777.837	779.031	9,	779.458,	nan	nan	9.000	782.044	-107.000	428.000	-321.000	214.000	1.822	1.195	2.650	
15	2.000	2.000	234.000	1000.000	784.710	787.324	787.925	8,	788.324,	nan	nan	8.000	790.937	-428.000	214.000	-321.000	428.000	1.629	0.601	2.424	
15	2.000	2.000	235.000	1000.000	793.385	795.775	796.738	8,	796.777,	nan	nan	8.000	799.750	-321.000	321.000	-107.000	321.000	1.412	0.963	2.977	
15	2.000	2.000	236.000	1000.000	802.751	804.379	805.100	8,	805.290,	nan	nan	8.000	808.118	-214.000	428.000	-107.000	321.000	0.650	0.722	2.695	
15	2.000	2.000	237.000	1000.000	810.835	813.482	814.174	8,	815.034,	nan	nan	8.000	817.186	-428.000	214.000	-214.000	428.000	1.667	0.693	2.341	
15	2.000	2.000	238.000	1000.000	819.550	822.129	823.665	8,	823.915,	nan	nan	8.000	826.678	-321.000	107.000	-214.000	214.000	1.600	1.537	3.299	
15	2.000	2.000	239.000	1000.000	830.041	832.560	833.194	8,	833.779,	nan	nan	8.000	836.206	-321.000	214.000	-214.000	428.000	1.580	0.635	3.010	
15	2.000	2.000	240.000	1000.000	839.241	841.413	842.400	8,	842.567,	nan	nan	8.000	845.417	-428.000	321.000	-214.000	428.000	1.195	0.987	3.338	
15	2.000	2.000	241.000	1000.000	848.779	850.807	852.536	nan	nan	9.000	855.573	nan	nan	-107.000	107.000	-321.000	214.000	1.050	1.730	3.415	
15	2.000	2.000	242.000	1000.000	859.013	860.732	862.254	9,	862.446,	nan	nan	9.000	865.271	-321.000	428.000	-428.000	107.000	0.741	1.523	3.846	
15	2.000	2.000	243.000	1000.000	869.141	872.100	872.725	9,	873.728,	nan	nan	9.000	875.742	-321.000	428.000	-107.000	214.000	1.981	0.625	3.936	
15	2.000	2.000	244.000	1000.000	879.704	881.797	883.175	8,8,	883.190,883.544,	nan	nan	8.000	886.187	-321.000	107.000	-107.000	321.000	1.117	1.378	2.907	
15	2.000	2.000	245.000	1000.000	889.120	890.842	892.702	8,9,	893.488,893.958,	nan	nan	9.000	895.715	-321.000	428.000	-107.000	107.000	0.746	1.860	2.039	
15	2.000	2.000	246.000	1000.000	897.779	899.646	900.874	9,	901.057,	nan	nan	9.000	903.887	-107.000	321.000	-214.000	107.000	0.891	1.228	3.305	
15	2.000	2.000	247.000	1000.000	907.219	909.148	909.913	8,	910.162,	nan	nan	8.000	912.930	-321.000	107.000	-107.000	214.000	0.953	0.765	3.325	
15	2.000	2.000	248.000	1000.000	916.281	918.253	919.438	8,	919.841,	nan	nan	8.000	922.454	-321.000	-428.000	-107.000	-428.000	0.997	1.185	2.990	
15	2.000	2.000	249.000	1000.000	925.471	927.154	928.213	8,9,8,9,	928.703,929.493,929.861,930.084,	nan	nan	9.000	931.227	-214.000	321.000	-107.000	214.000	0.707	1.059	3.768	
15	2.000	2.000	250.000	1000.000	935.014	937.279	938.222	8,8,	939.195,939.756,	nan	nan	8.000	941.235	-428.000	321.000	-107.000	107.000	1.281	0.944	3.884	
15	2.000	2.000	251.000	1000.000	945.144	946.974	948.843	8,	949.110,	nan	nan	8.000	951.860	-107.000	107.000	-321.000	321.000	0.852	1.870	2.804	
15	2.000	2.000	252.000	1000.000	954.688	957.517	958.195	9,	958.242,	nan	nan	9.000	961.211	-107.000	428.000	-428.000	321.000	1.850	0.678	2.830	
15	2.000	2.000	253.000	1000.000	964.066	966.764	967.779	9,	968.040,	nan	nan	9.000	970.791	-214.000	321.000	-428.000	107.000	1.720	1.016	3.428	
15	2.000	2.000	254.000	1000.000	974.237	977.004	978.299	8,	978.849,	nan	nan	8.000	981.317	-428.000	107.000	-107.000	321.000	1.783	1.296	3.460	
15	2.000	2.000	255.000	1000.000	984.811	987.051	987.796	9,	987.838,	nan	nan	9.000	990.809	-107.000	321.000	-428.000	214.000	1.272	0.746	3.447	
15	2.000	2.000	256.000	1000.000	994.281	995.922	997.155	9,8,	997.745,998.514,	9.000	1000.171	8.000	1000.171	-428.000	214.000	-321.000	107.000	0.664	1.233	3.833	
15	2.000	2.000	257.000	1000.000	1004.031	1005.969	1007.361	9,	1008.211,	nan	nan	9.000	1010.380	-214.000	321.000	-107.000	107.000	0.963	1.392	2.154	
15	2.000	2.000	258.000	1000.000	1012.559	1015.493	1016.648	8,	1017.019,	nan	nan	8.000	1019.661	-107.000	214.000	-321.000	428.000	1.957	1.156	3.814	
15	2.000	2.000	259.000	1000.000	1023.505	1025.638	1026.721	9,	1026.908,	nan	nan	9.000	1029.738	-321.000	428.000	-428.000	214.000	1.161	1.084	3.556	
15	2.000	2.000	260.000	1000.000	1033.359	1035.110	1036.005	9,	1037.420,	nan	nan	9.000	1039.018	-107.000	321.000	-321.000	428.000	0.814	0.895	3.743	
15	2.000	2.000	261.000	1000.000	1042.785	1045.357	1047.198	8,	1047.480,	nan	nan	8.000	1050.216	214.000	-428.000	321.000	-428.000	1.595	1.841	2.058	
15	2.000	2.000	262.000	1000.000	1052.298	1054.957	1056.219	8,	1056.400,	nan	nan	8.000	1059.236	-107.000	107.000	-214.000	321.000	1.682	1.262	3.672	
15	2.000	2.000	263.000	1000.000	1062.933	1065.756	1067.519	9,	1067.540,	nan	nan	9.000	1070.536	-428.000	321.000	-321.000	214.000	1.846	1.764	2.740	
15	2.000	2.000	264.000	1000.000	1073.301	1075.236	1076.763	8,9,	1077.165,1077.818,	nan	nan	9.000	1079.775	-214.000	321.000	-321.000	214.000	0.958	1.527	2.605	
15	2.000	2.000	265.000	1000.000	1082.404	1085.242	1087.121	9,	1087.251,	nan	nan	9.000	1090.140	-214.000	321.000	-428.000	214.000	1.860	1.879	3.949	
15	2.000	2.000	266.000	1000.000	1094.113	1096.801	1098.362	9,	1098.898,	nan	nan	9.000	1101.374	-321.000	321.000	-107.000	107.000	1.711	1.561	2.296	
15	2.000	2.000	267.000	1000.000	1103.695	1106.484	1107.056	8,	1107.483,	nan	nan	8.000	1110.068	-214.000	107.000	-107.000	214.000	1.812	0.572	3.434	
15	2.000	2.000	268.000	1000.000	1113.528	1115.930	1117.394	8,	1117.551,	nan	nan	8.000	1120.410	-428.000	107.000	-214.000	214.000	1.426	1.465	2.534	
15	2.000	2.000	269.000	1000.000	1122.968	1125.739	1127.632	8,	1127.793,	nan	nan	8.000	1130.646	-428.000	107.000	-214.000	321.000	1.793	1.894	2.354	
15	2.000	2.000	270.000	1000.000	1133.024	1135.389	1136.863	9,	1136.975,	nan	nan	9.000	1139.882	-321.000	321.000	-428.000	107.000	1.387	1.474	2.508	
15	2.000	2.000	271.000	1000.000	1142.452	1144.654	1145.491	8,	1145.919,	nan	nan	8.000	1148.503	-321.000	428.000	-107.000	321.000	1.262	0.838	3.987	
15	2.000	2.000	272.000	1000.000	1152.516	1155.063	1156.990	9,9,	1157.006,1157.268,	nan	nan	9.000	1160.003	-428.000	428.000	-321.000	321.000	1.571	1.928	2.302	
15	2.000	2.000	273.000	1000.000	1162.330	1164.092	1165.025	8,	1165.663,	nan	nan	8.000	1168.037	-428.000	428.000	-107.000	321.000	0.785	0.934	3.550	
15	2.000	2.000	274.000	1000.000	1171.612	1174.145	1175.624	8,	1175.829,	nan	nan	8.000	1178.636	214.000	428.000	321.000	428.000	1.556	1.479	2.090	
15	2.000	2.000	275.000	1000.000	1180.753	1182.909	1184.127	8,	1184.161,	nan	nan	8.000	1187.140	-107.000	107.000	-214.000	428.000	1.180	1.219	3.389	
15	2.000	2.000	276.000	1000.000	1190.555	1193.107	1193.794	8,	1194.294,	nan	nan	8.000	1196.812	-107.000	107.000	-321.000	428.000	1.576	0.688	2.373	
15	2.000	2.000	277.000	1000.000	1199.208	1200.818	1202.398	8,	1202.661,	nan	nan	8.000	1205.411	-321.000	107.000	-214.000	321.000	0.630	1.580	2.572	
15	2.000	2.000	278.000	1000.000	1208.006	1210.623	1211.731	9,	1212.031,	nan	nan	9.000	1214.748	-107.000	321.000	-321.000	214.000	1.638	1.108	3.479	
15	2.000	2.000	279.000	1000.000	1218.250	1219.903	1221.835	9,	1221.904,	nan	nan	9.000	1224.853	-321.000	321.000	-214.000	214.000	0.674	1.932	3.923	
15	2.000	2.000	280.000	1000.000	1228.799	1230.914	1232.268	9,	1232.513,	nan	nan	9.000	1235.285	-321.000	321.000	-214.000	107.000	1.137	1.354	3.723	
15	2.000	2.000	281.000	1000.000	1239.027	1240.564	1241.088	8,	1241.792,	nan	nan	8.000	1244.105	-214.000	321.000	-107.000	428.000	0.553	0.524	2.399	
15	2.000	2.000	282.000	1000.000	1246.527	1248.054	1249.779	8,	1249.836,	nan	nan	8.000	1252.797	-107.000	214.000	-214.000	428.000	0.548	1.725	3.511	
15	2.000	2.000	283.000	1000.000	1256.334	1259.252	1260.543	8,	1260.711,	nan	nan	8.000	1263.560	-428.000	321.000	-107.000	428.000	1.942	1.291	3.408	
15	2.000	2.000	284.000	1000.000	1266.992	1269.772	1270.803	8,	1271.108,	nan	nan	8.000	1273.819	-428.000	107.000	-107.000	428.000	1.802	1.031	3.260	
15	2.000	2.000	285.000	1000.000	1277.103	1279.315	1279.815	9,	1280.827,	nan	nan	9.000	1282.827	-214.000	214.000	-321.000	107.000	1.233	0.500	3.370	
15	2.000	2.000	286.000	1000.000	1286.220	1288.219	1289.930	9,	1290.301,	nan	nan	9.000	1292.947	-107.000	321.000	-214.000	214.000	1.021	1.711	2.174	
15	2.000	2.000	287.000	1000.000	1295.144	1296.714	1297.334	8,	1298.483,	nan	nan	8.000	1300.347	-321.000	214.000	-214.000	214.000	0.592	0.621	2.444	
15	2.000	2.000	288.000	1000.000	1302.814	1305.691	1307.527	8,	1307.731,	nan	nan	8.000	1310.545	-321.000	107.000	-214.000	428.000	1.899	1.836	3.254	
15	2.000	2.000	289.000	1000.000	1313.822	1315.320	1316.201	8,9,	1317.135,1317.490,	nan	nan	9.000	1319.217	-107.000	107.000	-428.000	321.000	0.519	0.881	3.981	
15	2.000	2.000	290.000	1000.000	1323.225	1324.724	1325.855	8,	1325.994,	nan	nan	8.000	1328.873	-428.000	107.000	-321.000	214.000	0.524	1.132	2.051	
15	2.000	2.000	291.000	1000.000	1330.950	1333.401	1335.145	8,	1335.338,	nan	nan	8.000	1338.163	-428.000	321.000	-107.000	214.000	1.474	1.744	3.441	
15	2.000	2.000	292.000	1000.000	1341.675	1343.535	1344.840	9,	1344.888,	nan	nan	9.000	1347.852	-321.000	428.000	-214.000	214.000	0.929	1.305	2.733	
15	2.000	2.000	293.000	1000.000	1350.612	1352.710	1354.608	8,	1355.084,	nan	nan	8.000	1357.621	-428.000	321.000	-214.000	214.000	1.122	1.899	2.109	
15	2.000	2.000	294.000	1000.000	1359.755	1362.487	1363.194	8,	1363.913,	nan	nan	8.000	1366.206	-428.000	214.000	-107.000	107.000	1.754	0.707	2.932	
15	2.000	2.000	295.000	1000.000	1369.167	1371.316	1372.592	9,9,9,	1372.810,1373.433,1373.885,	nan	nan	9.000	1375.608	-214.000	214.000	-428.000	321.000	1.175	1.277	2.193	
15	2.000	2.000	296.000	1000.000	1377.827	1380.079	1381.635	8,	1381.918,	nan	nan	8.000	1384.648	-214.000	107.000	-321.000	428.000	1.277	1.556	3.601	
15	2.000	2.000	297.000	1000.000	1388.278	1390.161	1391.162	8,	1391.607,	nan	nan	8.000	1394.175	-321.000	107.000	-107.000	428.000	0.910	1.002	3.801	
15	2.000	2.000	298.000	1000.000	1398.003	1400.438	1401.487	8,	1401.620,	nan	nan	8.000	1404.504	-428.000	107.000	-321.000	428.000	1.460	1.050	3.807	
15	2.000	2.000	299.000	1000.000	1408.339	1410.296	1411.157	8,	1411.860,	nan	nan	8.000	1414.175	-321.000	107.000	-428.000	428.000	0.982	0.862	3.994	
15	2.000	2.000	300.000	1000.000	1418.193	1420.225	1421.685	8,	1422.051,	nan	nan	8.000	1424.702	-321.000	-428.000	-214.000	-428.000	1.055	1.460	2.817	
15	2.000	2.000	301.000	1000.000	1427.542	1429.020	1430.065	9,8,	1430.696,1431.202,	nan	nan	8.000	1433.078	-321.000	107.000	-428.000	321.000	0.500	1.045	3.904	
15	2.000	2.000	302.000	1000.000	1437.008	1438.523	1440.339	8,	1440.634,	nan	nan	8.000	1443.357	-321.000	321.000	-107.000	428.000	0.539	1.817	2.592	
15	2.000	2.000	303.000	1000.000	1446.015	1448.816	1450.265	8,9,	1450.556,1451.218,	nan	nan	9.000	1453.283	-214.000	214.000	-107.000	107.000	1.865	1.450	2.431	
15	2.000	2.000	304.000	1000.000	1455.738	1457.810	1459.255	9,	1459.491,	nan	nan	9.000	1462.267	-321.000	321.000	-428.000	214.000	1.093	1.445	2.000	
15	2.000	2.000	305.000	1000.000	1464.290	1466.884	1467.393	8,	1467.593,	nan	nan	8.000	1470.405	-428.000	107.000	-214.000	428.000	1.614	0.510	3.929	
15	2.000	2.000	306.000	1000.000	1474.359	1477.207	1479.052	8,	1479.125,	nan	nan	8.000	1482.065	-107.000	107.000	-428.000	428.000	1.870	1.846	2.186	
15	2.000	2.000	307.000	1000.000	1484.283	1486.747	1487.927	8,	1488.057,	nan	nan	8.000	1490.939	-428.000	107.000	-321.000	321.000	1.494	1.180	3.569	
15	2.000	2.000	308.000	1000.000	1494.532	1496.527	1497.620	9,	1498.129,	nan	nan	9.000	1500.637	-321.000	428.000	-214.000	321.000	1.016	1.093	2.045	
15	2.000	2.000	309.000	1000.000	1502.705	1504.507	1505.938	9,	1505.956,	nan	nan	9.000	1508.956	-107.000	214.000	-214.000	107.000	0.823	1.431	2.322	
15	2.000	2.000	310.000	1000.000	1511.301	1512.867	1513.844	8,8,	1515.191,1515.388,	nan	nan	8.000	1516.856	-428.000	214.000	-107.000	428.000	0.587	0.977	2.598	
15	2.000	2.000	311.000	1000.000	1519.478	1521.038	1522.642	8,	1522.990,	nan	nan	8.000	1525.659	-214.000	321.000	-321.000	428.000	0.582	1.605	3.653	
15	2.000	2.000	312.000	1000.000	1529.336	1531.605	1533.229	8,9,	1533.380,1534.251,	nan	nan	9.000	1536.241	-214.000	321.000	-428.000	428.000	1.291	1.624	2.714	
