subjID	session	Block	trialCount	earnings	Gam1Onset	Gam2Onset	FBOnset	KPs	RT	KPlate	RTlate	KP_Final	SLOnset	Gam1_1	Gam1_2	Gam2_1	Gam2_2	jit1	jit2	jit3	
16	2.000	1.000	1.000	786.000	70.968	73.803	75.055	8,	75.850,	nan	nan	8.000	78.070	321.000	-214.000	428.000	-214.000	1.836	1.252	3.736	
16	2.000	1.000	2.000	786.000	81.818	84.712	85.651	8,	86.207,	nan	nan	8.000	88.667	-428.000	321.000	-321.000	428.000	1.904	0.939	3.820	
16	2.000	1.000	3.000	786.000	92.499	94.414	96.201	9,	96.556,	nan	nan	9.000	99.219	-107.000	214.000	-321.000	321.000	0.924	1.788	3.627	
16	2.000	1.000	4.000	786.000	102.856	104.879	105.894	8,	106.218,	nan	nan	8.000	108.912	-428.000	214.000	-214.000	321.000	1.031	1.016	3.055	
16	2.000	1.000	5.000	786.000	111.976	114.028	115.275	9,	116.456,	nan	nan	9.000	118.288	-321.000	321.000	-428.000	428.000	1.059	1.248	3.119	
16	2.000	1.000	6.000	786.000	121.418	123.979	125.955	8,	126.584,	nan	nan	8.000	128.972	-428.000	214.000	-321.000	321.000	1.571	1.976	2.540	
16	2.000	1.000	7.000	786.000	131.522	133.217	133.933	9,	134.701,	nan	nan	9.000	136.946	-214.000	107.000	-321.000	214.000	0.703	0.717	3.370	
16	2.000	1.000	8.000	786.000	140.326	141.996	142.829	9,	143.885,	nan	nan	9.000	145.841	-107.000	428.000	-214.000	107.000	0.678	0.833	3.460	
16	2.000	1.000	9.000	786.000	149.311	151.111	152.238	8,	152.526,	nan	nan	8.000	155.255	-214.000	214.000	-321.000	428.000	0.809	1.127	3.582	
16	2.000	1.000	10.000	786.000	158.848	160.349	162.213	9,9,9,	162.247,162.792,163.629,	nan	nan	9.000	165.231	-428.000	428.000	-321.000	107.000	0.510	1.865	2.733	
16	2.000	1.000	11.000	786.000	168.002	169.659	170.868	8,	171.479,	nan	nan	8.000	173.880	-321.000	214.000	-107.000	107.000	0.693	1.209	3.768	
16	2.000	1.000	12.000	786.000	177.668	180.641	182.477	9,	182.641,	nan	nan	9.000	185.493	-321.000	214.000	-428.000	107.000	1.990	1.836	3.325	
16	2.000	1.000	13.000	786.000	188.831	190.740	192.735	9,	193.133,	nan	nan	9.000	195.752	-214.000	428.000	-107.000	107.000	0.920	1.995	3.987	
16	2.000	1.000	14.000	786.000	199.768	202.374	203.679	8,	204.108,	nan	nan	8.000	206.692	321.000	107.000	428.000	107.000	1.633	1.305	3.473	
16	2.000	1.000	15.000	786.000	210.179	211.898	213.459	8,	214.200,	nan	nan	8.000	216.476	-428.000	428.000	-214.000	107.000	0.732	1.561	2.759	
16	2.000	1.000	16.000	786.000	219.245	221.865	223.199	8,	223.537,	nan	nan	8.000	226.216	-428.000	428.000	-107.000	107.000	1.629	1.334	3.466	
16	2.000	1.000	17.000	786.000	229.694	231.908	232.721	8,	233.023,	nan	nan	8.000	235.738	-321.000	321.000	-214.000	428.000	1.223	0.814	2.785	
16	2.000	1.000	18.000	786.000	238.537	240.681	242.405	8,	243.107,	nan	nan	8.000	245.418	-214.000	214.000	-321.000	321.000	1.156	1.725	3.865	
16	2.000	1.000	19.000	786.000	249.309	250.828	252.809	9,	253.139,	nan	nan	9.000	255.826	-107.000	214.000	-428.000	321.000	0.543	1.981	2.688	
16	2.000	1.000	20.000	786.000	258.540	260.031	261.201	8,	261.696,	nan	nan	8.000	264.219	-214.000	214.000	-107.000	321.000	0.514	1.170	2.444	
16	2.000	1.000	21.000	786.000	266.677	268.237	269.788	9,	270.174,	nan	nan	9.000	272.805	-214.000	428.000	-107.000	214.000	0.572	1.551	3.106	
16	2.000	1.000	22.000	786.000	275.927	278.827	280.450	8,	280.927,	nan	nan	8.000	283.462	-321.000	214.000	-214.000	107.000	1.913	1.624	2.302	
16	2.000	1.000	23.000	786.000	285.778	287.431	288.692	9,	289.013,	nan	nan	9.000	291.705	-107.000	214.000	-428.000	107.000	0.664	1.262	3.563	
16	2.000	1.000	24.000	786.000	295.291	297.363	299.025	9,	299.369,	nan	nan	9.000	302.037	-214.000	428.000	-321.000	107.000	1.093	1.662	3.588	
16	2.000	1.000	25.000	786.000	305.651	307.229	308.939	9,	309.376,	nan	nan	9.000	311.956	-107.000	428.000	-428.000	107.000	0.601	1.711	2.952	
16	2.000	1.000	26.000	786.000	314.924	316.989	317.918	9,	318.355,	nan	nan	9.000	320.930	-214.000	214.000	-428.000	107.000	1.079	0.929	2.238	
16	2.000	1.000	27.000	786.000	323.182	325.297	326.486	8,	326.810,	nan	nan	8.000	329.498	-214.000	428.000	-107.000	428.000	1.127	1.190	2.418	
16	2.000	1.000	28.000	786.000	331.936	334.118	335.789	9,	336.103,	nan	nan	9.000	338.802	-107.000	428.000	-214.000	214.000	1.199	1.672	3.190	
16	2.000	1.000	29.000	786.000	342.007	343.904	344.640	8,	346.274,	nan	nan	8.000	347.657	-214.000	107.000	-321.000	321.000	0.910	0.736	2.373	
16	2.000	1.000	30.000	786.000	350.045	352.801	354.289	9,	355.060,	nan	nan	9.000	357.307	-321.000	428.000	-214.000	107.000	1.768	1.489	3.492	
16	2.000	1.000	31.000	786.000	361.018	362.585	363.958	9,	364.431,	nan	nan	9.000	366.971	-107.000	321.000	-428.000	428.000	0.785	1.373	3.518	
16	2.000	1.000	32.000	786.000	370.511	372.120	373.840	9,	374.460,	nan	nan	9.000	376.857	-428.000	321.000	-321.000	107.000	0.630	1.720	3.781	
16	2.000	1.000	33.000	786.000	380.658	382.777	383.725	8,	384.136,	nan	nan	8.000	386.738	-428.000	428.000	-107.000	214.000	1.137	0.949	3.003	
16	2.000	1.000	34.000	786.000	389.755	392.569	394.453	9,	394.853,	nan	nan	9.000	397.471	-107.000	321.000	-428.000	107.000	1.826	1.884	2.920	
16	2.000	1.000	35.000	786.000	400.405	402.891	404.746	9,	405.066,	nan	nan	9.000	407.760	-214.000	428.000	-321.000	214.000	1.498	1.855	3.235	
16	2.000	1.000	36.000	786.000	411.008	413.866	414.573	9,	414.941,	nan	nan	9.000	417.590	-107.000	428.000	-214.000	321.000	1.870	0.707	2.116	
16	2.000	1.000	37.000	786.000	419.719	421.772	423.000	9,	423.311,	nan	nan	9.000	426.012	-107.000	428.000	-321.000	107.000	1.064	1.228	3.215	
16	2.000	1.000	38.000	786.000	429.241	431.906	433.298	9,	433.688,	nan	nan	9.000	436.316	-214.000	428.000	-428.000	107.000	1.677	1.392	2.765	
16	2.000	1.000	39.000	786.000	439.095	441.683	442.742	8,	443.055,	nan	nan	8.000	445.755	-321.000	321.000	-107.000	214.000	1.600	1.059	2.071	
16	2.000	1.000	40.000	786.000	447.840	450.355	452.302	8,	452.741,	nan	nan	8.000	455.315	-214.000	-428.000	-107.000	-428.000	1.527	1.947	3.042	
16	2.000	1.000	41.000	786.000	458.371	460.611	461.125	9,	461.458,	nan	nan	9.000	464.143	-107.000	428.000	-321.000	321.000	1.252	0.514	3.633	
16	2.000	1.000	42.000	786.000	467.802	469.428	470.173	9,	470.432,	nan	nan	9.000	473.186	-214.000	428.000	-428.000	214.000	0.650	0.746	3.338	
16	2.000	1.000	43.000	786.000	476.556	478.243	480.151	8,	481.178,	nan	nan	8.000	483.169	-428.000	428.000	-214.000	321.000	0.717	1.908	2.463	
16	2.000	1.000	44.000	786.000	485.657	487.506	488.410	9,	488.867,	nan	nan	9.000	491.423	-107.000	321.000	-321.000	107.000	0.871	0.905	3.936	
16	2.000	1.000	45.000	786.000	495.371	498.327	499.550	8,	500.135,	nan	nan	8.000	502.567	-428.000	321.000	-214.000	107.000	1.966	1.223	3.762	
16	2.000	1.000	46.000	786.000	506.350	509.033	510.043	8,	511.062,	nan	nan	8.000	513.061	-107.000	107.000	-214.000	214.000	1.701	1.011	2.566	
16	2.000	1.000	47.000	786.000	515.642	517.399	519.332	9,	519.720,	nan	nan	9.000	522.348	-214.000	428.000	-428.000	321.000	0.770	1.932	3.794	
16	2.000	1.000	48.000	786.000	526.171	528.807	529.586	9,	530.390,	nan	nan	9.000	532.598	-428.000	428.000	-321.000	214.000	1.662	0.780	3.801	
16	2.000	1.000	49.000	786.000	536.423	538.388	539.582	8,	540.458,	nan	nan	8.000	542.600	-214.000	107.000	-428.000	428.000	0.987	1.195	2.469	
16	2.000	1.000	50.000	786.000	545.083	548.009	548.629	8,	549.210,	nan	nan	8.000	551.645	-428.000	214.000	-107.000	321.000	1.937	0.621	3.331	
16	2.000	1.000	51.000	786.000	555.000	556.502	557.832	9,	558.640,	nan	nan	9.000	560.849	-214.000	107.000	-428.000	321.000	0.524	1.330	2.315	
16	2.000	1.000	52.000	786.000	563.189	565.317	567.129	9,	567.443,	nan	nan	9.000	570.141	-107.000	428.000	-428.000	214.000	1.151	1.812	2.559	
16	2.000	1.000	53.000	786.000	572.725	574.940	576.265	8,	576.594,	nan	nan	8.000	579.282	214.000	-428.000	428.000	-428.000	1.238	1.325	2.521	
16	2.000	1.000	54.000	786.000	581.817	584.617	585.444	8,	585.788,	nan	nan	8.000	588.456	-214.000	107.000	-107.000	428.000	1.812	0.828	3.569	
16	2.000	1.000	55.000	786.000	592.040	594.531	596.371	9,	596.698,	nan	nan	9.000	599.388	-214.000	214.000	-428.000	428.000	1.503	1.841	3.158	
16	2.000	1.000	56.000	786.000	602.560	604.820	605.700	8,	605.985,	nan	nan	8.000	608.718	-321.000	214.000	-214.000	321.000	1.272	0.881	3.614	
16	2.000	1.000	57.000	786.000	612.359	613.863	615.270	9,	615.648,	nan	nan	9.000	618.287	-107.000	428.000	-321.000	214.000	0.529	1.407	2.817	
16	2.000	1.000	58.000	786.000	621.117	622.871	623.511	8,	624.177,	nan	nan	8.000	626.528	-428.000	428.000	-214.000	214.000	0.765	0.640	2.971	
16	2.000	1.000	59.000	786.000	629.513	631.556	633.097	9,	633.762,	nan	nan	9.000	636.114	-107.000	214.000	-428.000	428.000	1.055	1.542	3.646	
16	2.000	1.000	60.000	786.000	639.780	641.383	643.189	8,	643.534,	nan	nan	8.000	646.202	-214.000	214.000	-107.000	428.000	0.621	1.807	2.392	
16	2.000	1.000	61.000	786.000	648.621	650.419	652.159	9,	652.496,	nan	nan	9.000	655.171	-214.000	321.000	-321.000	107.000	0.823	1.740	3.595	
16	2.000	1.000	62.000	786.000	658.782	661.648	663.131	8,	663.532,	nan	nan	8.000	666.149	-428.000	214.000	-214.000	107.000	1.879	1.484	3.228	
16	2.000	1.000	63.000	786.000	669.401	671.989	673.810	9,	674.171,	nan	nan	9.000	676.827	-321.000	107.000	-428.000	214.000	1.609	1.822	2.199	
16	2.000	1.000	64.000	786.000	679.050	681.488	683.285	8,	683.765,	nan	nan	8.000	686.303	-321.000	214.000	-428.000	428.000	1.460	1.797	2.186	
16	2.000	1.000	65.000	786.000	688.504	690.459	692.372	9,	692.746,	nan	nan	9.000	695.384	-214.000	428.000	-321.000	321.000	0.968	1.913	3.859	
16	2.000	1.000	66.000	786.000	699.278	701.526	702.817	8,	702.912,	nan	nan	8.000	705.835	214.000	321.000	428.000	321.000	1.281	1.291	3.164	
16	2.000	1.000	67.000	786.000	709.015	710.583	711.864	8,	712.204,	nan	nan	8.000	714.881	-428.000	214.000	-321.000	428.000	0.582	1.281	3.350	
16	2.000	1.000	68.000	786.000	718.248	721.123	722.390	9,	722.732,	nan	nan	9.000	725.407	-107.000	214.000	-321.000	107.000	1.889	1.267	2.322	
16	2.000	1.000	69.000	786.000	727.743	729.713	731.365	8,	732.011,	nan	nan	8.000	734.378	-214.000	107.000	-107.000	321.000	0.982	1.653	2.592	
16	2.000	1.000	70.000	786.000	736.984	739.349	740.109	8,	740.458,	nan	nan	8.000	743.126	-321.000	214.000	-107.000	428.000	1.378	0.760	3.666	
16	2.000	1.000	71.000	786.000	746.807	748.506	749.044	8,	750.028,	nan	nan	8.000	752.060	-428.000	107.000	-107.000	214.000	0.712	0.539	2.045	
16	2.000	1.000	72.000	786.000	754.120	756.509	757.795	9,	758.144,	nan	nan	9.000	760.808	-107.000	107.000	-428.000	214.000	1.402	1.286	3.775	
16	2.000	1.000	73.000	786.000	764.607	767.209	767.805	9,	768.160,	nan	nan	9.000	770.824	-321.000	428.000	-428.000	321.000	1.624	0.596	2.084	
16	2.000	1.000	74.000	786.000	772.932	774.684	775.295	8,	775.632,	nan	nan	8.000	778.308	-107.000	321.000	-214.000	428.000	0.775	0.611	3.023	
16	2.000	1.000	75.000	786.000	781.344	783.416	784.591	9,	785.505,	nan	nan	9.000	787.604	-321.000	214.000	-428.000	321.000	1.084	1.175	2.502	
16	2.000	1.000	76.000	786.000	790.122	792.794	794.229	8,	794.494,	nan	nan	8.000	797.247	-321.000	214.000	-107.000	321.000	1.686	1.436	2.264	
16	2.000	1.000	77.000	786.000	799.522	801.687	803.330	9,	803.716,	nan	nan	9.000	806.343	-214.000	107.000	-428.000	214.000	1.175	1.643	2.849	
16	2.000	1.000	78.000	786.000	809.215	811.952	812.973	9,	813.541,	nan	nan	9.000	815.989	-107.000	214.000	-214.000	321.000	1.759	1.021	2.611	
16	2.000	1.000	79.000	786.000	818.615	821.545	823.530	8,	823.819,	nan	nan	8.000	826.543	-321.000	428.000	-107.000	428.000	1.942	1.986	3.035	
16	2.000	1.000	80.000	786.000	829.593	832.146	833.712	8,	834.119,	nan	nan	8.000	836.729	-214.000	321.000	-107.000	214.000	1.566	1.566	3.428	
16	2.000	1.000	81.000	786.000	840.187	842.324	843.750	8,	844.022,	nan	nan	8.000	846.767	-428.000	107.000	-214.000	321.000	1.166	1.426	2.804	
16	2.000	1.000	82.000	786.000	849.589	851.956	852.812	9,	853.412,	nan	nan	9.000	855.824	-428.000	107.000	-214.000	214.000	1.383	0.857	3.576	
16	2.000	1.000	83.000	786.000	859.423	861.949	863.485	9,	863.941,	nan	nan	9.000	866.497	-214.000	321.000	-428.000	214.000	1.547	1.537	2.527	
16	2.000	1.000	84.000	786.000	869.054	871.356	872.280	8,	872.918,	nan	nan	8.000	875.292	-428.000	214.000	-321.000	107.000	1.330	0.924	3.537	
16	2.000	1.000	85.000	786.000	878.861	880.804	881.912	8,	882.214,	nan	nan	8.000	884.928	-107.000	107.000	-214.000	321.000	0.973	1.108	2.431	
16	2.000	1.000	86.000	786.000	887.373	889.295	890.070	9,	890.407,	nan	nan	9.000	893.087	-214.000	321.000	-321.000	214.000	0.934	0.775	2.232	
16	2.000	1.000	87.000	786.000	895.333	896.931	898.675	9,	899.302,	nan	nan	9.000	901.688	-107.000	214.000	-321.000	428.000	0.611	1.744	2.637	
16	2.000	1.000	88.000	786.000	904.340	906.334	907.417	8,	907.745,	nan	nan	8.000	910.434	-428.000	321.000	-214.000	428.000	1.006	1.084	3.511	
16	2.000	1.000	89.000	786.000	913.969	916.764	918.624	9,	919.006,	nan	nan	9.000	921.641	-107.000	107.000	-321.000	214.000	1.817	1.860	3.415	
16	2.000	1.000	90.000	786.000	925.069	927.286	928.562	8,	928.852,	nan	nan	8.000	931.579	-428.000	214.000	-214.000	428.000	1.228	1.277	2.746	
16	2.000	1.000	91.000	786.000	934.341	937.303	939.134	9,	939.478,	nan	nan	9.000	942.146	-107.000	321.000	-214.000	107.000	1.976	1.831	3.280	
16	2.000	1.000	92.000	786.000	945.447	946.986	947.683	8,	948.629,	nan	nan	8.000	950.700	-321.000	-428.000	-107.000	-428.000	0.558	0.698	3.029	
16	2.000	1.000	93.000	786.000	953.747	956.065	957.578	9,	958.711,	nan	nan	9.000	960.591	-107.000	107.000	-321.000	321.000	1.334	1.513	3.910	
16	2.000	1.000	94.000	786.000	964.519	967.122	967.727	8,	968.740,	nan	nan	8.000	970.744	-428.000	321.000	-107.000	107.000	1.619	0.606	3.891	
16	2.000	1.000	95.000	786.000	974.660	976.831	978.030	8,	978.717,	nan	nan	8.000	981.047	-214.000	107.000	-107.000	214.000	1.195	1.199	2.900	
16	2.000	1.000	96.000	786.000	983.973	986.949	988.269	9,	988.912,	nan	nan	9.000	991.286	-321.000	428.000	-428.000	214.000	2.000	1.320	3.479	
16	2.000	1.000	97.000	786.000	994.781	996.730	998.417	9,	998.787,	nan	nan	9.000	1001.434	-214.000	321.000	-107.000	107.000	0.963	1.686	3.749	
16	2.000	1.000	98.000	786.000	1005.203	1006.777	1007.480	8,	1007.785,	nan	nan	8.000	1010.496	-428.000	107.000	-107.000	321.000	0.592	0.703	2.109	
16	2.000	1.000	99.000	786.000	1012.624	1014.315	1016.286	8,	1017.108,	nan	nan	8.000	1019.303	-321.000	428.000	-107.000	214.000	0.707	1.971	2.836	
16	2.000	1.000	100.000	786.000	1022.153	1023.708	1024.676	9,	1025.305,	nan	nan	9.000	1027.688	-214.000	428.000	-107.000	321.000	0.568	0.968	3.010	
16	2.000	1.000	101.000	786.000	1030.735	1032.239	1033.843	8,	1034.116,	nan	nan	8.000	1036.860	-428.000	428.000	-107.000	321.000	0.539	1.605	2.650	
16	2.000	1.000	102.000	786.000	1039.525	1041.310	1042.760	9,	1043.136,	nan	nan	9.000	1045.772	-107.000	321.000	-321.000	428.000	0.799	1.450	2.997	
16	2.000	1.000	103.000	786.000	1048.784	1050.508	1052.358	8,	1052.719,	nan	nan	8.000	1055.376	-321.000	214.000	-214.000	428.000	0.736	1.850	3.949	
16	2.000	1.000	104.000	786.000	1059.338	1062.052	1062.947	9,	1063.350,	nan	nan	9.000	1065.964	-107.000	321.000	-428.000	214.000	1.725	0.895	2.379	
16	2.000	1.000	105.000	786.000	1068.366	1071.211	1073.211	8,	1073.522,	nan	nan	8.000	1076.224	214.000	-214.000	321.000	-214.000	1.865	2.000	2.977	
16	2.000	1.000	106.000	786.000	1079.229	1081.152	1081.700	9,	1082.088,	nan	nan	9.000	1084.717	-107.000	428.000	-428.000	321.000	0.949	0.548	2.752	
16	2.000	1.000	107.000	786.000	1087.486	1090.178	1090.677	8,	1091.129,	nan	nan	8.000	1093.690	-321.000	107.000	-214.000	214.000	1.706	0.500	3.145	
16	2.000	1.000	108.000	786.000	1096.853	1098.684	1100.071	8,	1100.372,	nan	nan	8.000	1103.083	-321.000	107.000	-107.000	321.000	0.847	1.387	3.068	
16	2.000	1.000	109.000	786.000	1106.163	1108.844	1110.834	9,	1111.075,	nan	nan	9.000	1113.847	-321.000	321.000	-428.000	107.000	1.691	1.990	3.260	
16	2.000	1.000	110.000	786.000	1117.131	1119.328	1119.987	8,	1120.714,	nan	nan	8.000	1123.003	-428.000	428.000	-321.000	321.000	1.219	0.659	3.807	
16	2.000	1.000	111.000	786.000	1126.827	1128.428	1129.338	9,	1129.851,	nan	nan	9.000	1132.355	-428.000	321.000	-321.000	214.000	0.616	0.910	2.990	
16	2.000	1.000	112.000	786.000	1135.359	1137.508	1138.095	9,	1138.480,	nan	nan	9.000	1141.107	-321.000	428.000	-428.000	107.000	1.161	0.587	2.907	
16	2.000	1.000	113.000	786.000	1144.044	1146.119	1147.120	8,	1147.552,	nan	nan	8.000	1150.137	-321.000	428.000	-107.000	321.000	1.103	1.002	3.486	
16	2.000	1.000	114.000	786.000	1153.638	1156.499	1157.843	9,	1158.786,	nan	nan	9.000	1160.855	-214.000	321.000	-428.000	107.000	1.875	1.344	2.913	
16	2.000	1.000	115.000	786.000	1163.789	1165.410	1167.236	9,	1167.895,	nan	nan	9.000	1170.248	-321.000	428.000	-107.000	107.000	0.640	1.826	2.283	
16	2.000	1.000	116.000	786.000	1172.555	1174.641	1176.009	8,	1176.291,	nan	nan	8.000	1179.021	-321.000	107.000	-107.000	214.000	1.108	1.368	3.994	
16	2.000	1.000	117.000	786.000	1183.045	1185.332	1187.220	8,	1187.495,	nan	nan	8.000	1190.239	-321.000	321.000	-107.000	107.000	1.315	1.889	2.026	
16	2.000	1.000	118.000	786.000	1192.278	1194.205	1195.438	8,	1195.809,	nan	nan	8.000	1198.451	214.000	107.000	321.000	107.000	0.939	1.233	2.064	
16	2.000	1.000	119.000	786.000	1200.529	1203.074	1205.030	9,	1205.402,	nan	nan	9.000	1208.043	-321.000	428.000	-214.000	214.000	1.556	1.957	2.212	
16	2.000	1.000	120.000	786.000	1210.278	1212.505	1213.554	8,	1213.893,	nan	nan	8.000	1216.567	-428.000	321.000	-107.000	428.000	1.248	1.050	2.424	
16	2.000	1.000	121.000	786.000	1219.017	1221.405	1222.377	8,	1222.697,	nan	nan	8.000	1225.390	-321.000	107.000	-214.000	321.000	1.412	0.973	2.412	
16	2.000	1.000	122.000	786.000	1227.817	1230.649	1231.752	9,	1232.077,	nan	nan	9.000	1234.764	-107.000	107.000	-428.000	321.000	1.846	1.103	3.100	
16	2.000	1.000	123.000	786.000	1237.882	1239.988	1241.067	8,	1242.303,	nan	nan	8.000	1244.085	-321.000	321.000	-214.000	107.000	1.122	1.079	2.939	
16	2.000	1.000	124.000	786.000	1247.062	1249.534	1251.133	8,	1251.417,	nan	nan	8.000	1254.150	-428.000	107.000	-107.000	428.000	1.508	1.600	3.203	
16	2.000	1.000	125.000	786.000	1257.384	1259.010	1260.488	8,	1260.870,	nan	nan	8.000	1263.505	-321.000	107.000	-428.000	428.000	0.654	1.479	3.087	
16	2.000	1.000	126.000	786.000	1266.618	1268.606	1270.123	8,	1270.751,	nan	nan	8.000	1273.135	-321.000	107.000	-428.000	321.000	1.011	1.518	3.653	
16	2.000	1.000	127.000	786.000	1276.812	1279.067	1279.952	8,	1280.298,	nan	nan	8.000	1282.970	-428.000	107.000	-214.000	428.000	1.277	0.886	2.090	
16	2.000	1.000	128.000	786.000	1285.087	1286.595	1288.474	8,	1288.738,	nan	nan	8.000	1291.491	-321.000	321.000	-214.000	214.000	0.534	1.879	3.138	
16	2.000	1.000	129.000	786.000	1294.646	1296.980	1298.613	8,	1299.016,	nan	nan	8.000	1301.626	-428.000	214.000	-107.000	107.000	1.349	1.633	2.006	
16	2.000	1.000	130.000	786.000	1303.649	1306.195	1307.607	8,	1308.132,	nan	nan	8.000	1310.619	-107.000	214.000	-214.000	428.000	1.561	1.412	2.701	
16	2.000	1.000	131.000	786.000	1313.336	1315.531	1316.599	8,	1317.251,	nan	nan	8.000	1319.612	-321.000	107.000	-214.000	107.000	1.209	1.069	3.659	
16	2.000	1.000	132.000	786.000	1323.288	1326.003	1326.966	8,	1328.056,	nan	nan	8.000	1329.982	-428.000	321.000	-214.000	214.000	1.730	0.963	3.531	
16	2.000	1.000	133.000	786.000	1333.529	1335.603	1336.696	9,	1337.430,	nan	nan	9.000	1339.713	-321.000	321.000	-428.000	214.000	1.088	1.093	3.601	
16	2.000	1.000	134.000	786.000	1343.331	1346.071	1346.575	8,	1346.900,	nan	nan	8.000	1349.592	-428.000	214.000	-107.000	428.000	1.754	0.505	3.929	
16	2.000	1.000	135.000	786.000	1353.537	1355.959	1356.878	9,	1357.297,	nan	nan	9.000	1359.895	-214.000	214.000	-321.000	107.000	1.436	0.920	2.347	
16	2.000	1.000	136.000	786.000	1362.294	1364.386	1365.566	8,	1365.978,	nan	nan	8.000	1368.578	-321.000	428.000	-214.000	321.000	1.141	1.180	2.341	
16	2.000	1.000	137.000	786.000	1370.934	1372.788	1373.596	9,	1373.998,	nan	nan	9.000	1376.608	-107.000	321.000	-321.000	214.000	0.867	0.809	2.019	
16	2.000	1.000	138.000	786.000	1378.642	1380.289	1381.030	8,	1381.405,	nan	nan	8.000	1384.042	-107.000	107.000	-321.000	428.000	0.659	0.741	3.550	
16	2.000	1.000	139.000	786.000	1387.625	1390.397	1391.195	8,	1391.614,	nan	nan	8.000	1394.212	-107.000	107.000	-214.000	428.000	1.802	0.799	3.723	
16	2.000	1.000	140.000	786.000	1397.961	1400.248	1401.360	9,	1402.018,	nan	nan	9.000	1404.377	-107.000	214.000	-214.000	107.000	1.310	1.113	3.691	
16	2.000	1.000	141.000	786.000	1408.080	1410.608	1411.208	9,	1412.455,	nan	nan	9.000	1414.225	-214.000	321.000	-428.000	428.000	1.537	0.601	3.878	
16	2.000	1.000	142.000	786.000	1418.128	1420.401	1421.986	8,	1422.423,	nan	nan	8.000	1425.003	-214.000	214.000	-107.000	107.000	1.296	1.585	2.257	
16	2.000	1.000	143.000	786.000	1427.275	1429.775	1430.507	8,	1431.729,	nan	nan	8.000	1433.519	-428.000	107.000	-321.000	428.000	1.513	0.732	2.707	
16	2.000	1.000	144.000	786.000	1436.242	1438.977	1440.331	8,	1440.675,	nan	nan	8.000	1443.343	-321.000	-428.000	-214.000	-428.000	1.749	1.354	3.363	
16	2.000	1.000	145.000	786.000	1446.733	1448.570	1450.338	9,	1450.758,	nan	nan	9.000	1453.354	-107.000	321.000	-214.000	214.000	0.862	1.768	3.923	
16	2.000	1.000	146.000	786.000	1457.293	1459.811	1461.685	9,	1462.443,	nan	nan	9.000	1464.704	-214.000	214.000	-428.000	321.000	1.532	1.875	3.453	
16	2.000	1.000	147.000	786.000	1468.188	1470.451	1471.143	8,	1471.472,	nan	nan	8.000	1474.156	-321.000	107.000	-107.000	428.000	1.291	0.693	2.495	
16	2.000	1.000	148.000	786.000	1476.669	1479.426	1481.218	8,	1481.450,	nan	nan	8.000	1484.231	-321.000	107.000	-214.000	428.000	1.773	1.793	2.778	
16	2.000	1.000	149.000	786.000	1487.033	1489.693	1490.950	8,	1491.201,	nan	nan	8.000	1493.967	-428.000	321.000	-107.000	214.000	1.682	1.257	3.955	
16	2.000	1.000	150.000	786.000	1497.938	1499.800	1500.946	9,	1501.629,	nan	nan	9.000	1503.959	-107.000	107.000	-428.000	428.000	0.876	1.146	2.945	
16	2.000	1.000	151.000	786.000	1506.930	1508.663	1509.659	8,	1509.884,	nan	nan	8.000	1512.671	-321.000	321.000	-107.000	428.000	0.756	0.997	2.810	
16	2.000	1.000	152.000	786.000	1515.497	1517.481	1518.072	8,	1518.431,	nan	nan	8.000	1521.084	-428.000	107.000	-321.000	321.000	0.997	0.592	2.714	
16	2.000	1.000	153.000	786.000	1523.824	1526.405	1527.879	8,	1529.217,	nan	nan	8.000	1530.891	-214.000	321.000	-107.000	428.000	1.605	1.474	2.958	
16	2.000	1.000	154.000	786.000	1533.883	1536.759	1537.283	8,	1538.307,	nan	nan	8.000	1540.295	-428.000	107.000	-321.000	214.000	1.908	0.524	3.743	
16	2.000	1.000	155.000	786.000	1544.054	1546.591	1547.708	8,	1548.300,	nan	nan	8.000	1550.726	-214.000	107.000	-321.000	428.000	1.551	1.117	2.830	
16	2.000	1.000	156.000	786.000	1553.577	1555.472	1556.449	9,	1557.388,	nan	nan	9.000	1559.462	-214.000	321.000	-321.000	428.000	0.915	0.977	3.074	
16	2.000	2.000	157.000	786.000	45.990	48.030	49.779	8,	50.049,	nan	nan	8.000	52.795	321.000	-107.000	428.000	-107.000	1.040	1.749	2.605	
16	2.000	2.000	158.000	786.000	55.420	56.979	58.443	8,	58.780,	nan	nan	8.000	61.456	-428.000	214.000	-214.000	321.000	0.577	1.465	2.334	
16	2.000	2.000	159.000	786.000	63.841	65.770	67.461	9,	67.705,	nan	nan	9.000	70.474	-214.000	107.000	-321.000	214.000	0.977	1.691	3.698	
16	2.000	2.000	160.000	786.000	74.196	75.679	76.323	9,	76.742,	nan	nan	9.000	79.335	-321.000	214.000	-428.000	107.000	0.505	0.645	2.842	
16	2.000	2.000	161.000	786.000	82.193	83.728	84.397	9,	84.682,	nan	nan	9.000	87.409	-107.000	428.000	-428.000	107.000	0.548	0.669	2.219	
16	2.000	2.000	162.000	786.000	89.647	91.318	92.189	9,	92.483,	nan	nan	9.000	95.202	-428.000	428.000	-321.000	107.000	0.688	0.871	3.968	
16	2.000	2.000	163.000	786.000	99.185	101.526	102.836	9,	103.262,	nan	nan	9.000	105.848	-107.000	428.000	-321.000	107.000	1.354	1.310	3.441	
16	2.000	2.000	164.000	786.000	109.309	111.649	113.615	8,	114.481,	nan	nan	8.000	116.633	-214.000	107.000	-321.000	321.000	1.359	1.966	2.367	
16	2.000	2.000	165.000	786.000	119.020	121.423	123.061	9,	123.985,	nan	nan	9.000	126.073	-428.000	321.000	-321.000	107.000	1.421	1.638	2.695	
16	2.000	2.000	166.000	786.000	128.783	130.453	131.435	8,	131.730,	nan	nan	8.000	134.453	-321.000	321.000	-214.000	428.000	0.683	0.982	3.846	
16	2.000	2.000	167.000	786.000	138.316	140.664	141.651	8,	142.861,	nan	nan	8.000	144.668	-321.000	214.000	-107.000	107.000	1.363	0.987	3.132	
16	2.000	2.000	168.000	786.000	147.814	149.639	150.433	8,	150.942,	nan	nan	8.000	153.450	-428.000	321.000	-321.000	428.000	0.838	0.794	3.756	
16	2.000	2.000	169.000	786.000	157.222	160.126	162.020	8,	162.287,	nan	nan	8.000	165.032	-214.000	214.000	-321.000	428.000	1.918	1.894	2.270	
16	2.000	2.000	170.000	786.000	167.318	169.711	171.156	8,	171.477,	nan	nan	8.000	174.168	321.000	214.000	428.000	214.000	1.407	1.445	3.061	
16	2.000	2.000	171.000	786.000	177.304	179.233	180.635	9,	181.412,	nan	nan	9.000	183.647	-214.000	428.000	-107.000	107.000	1.002	1.402	3.395	
16	2.000	2.000	172.000	786.000	187.070	189.060	190.332	8,	191.194,	nan	nan	8.000	193.344	-321.000	214.000	-214.000	107.000	1.016	1.272	3.209	
16	2.000	2.000	173.000	786.000	196.565	198.842	199.896	9,	200.203,	nan	nan	9.000	202.913	-214.000	428.000	-428.000	107.000	1.286	1.055	2.174	
16	2.000	2.000	174.000	786.000	205.111	207.187	208.429	9,	209.739,	nan	nan	9.000	211.441	-214.000	214.000	-321.000	321.000	1.098	1.243	3.543	
16	2.000	2.000	175.000	786.000	215.000	216.776	218.308	9,	218.845,	nan	nan	9.000	221.325	-107.000	321.000	-428.000	428.000	0.789	1.532	2.437	
16	2.000	2.000	176.000	786.000	223.790	226.403	227.862	8,	228.166,	nan	nan	8.000	230.874	-214.000	214.000	-107.000	321.000	1.638	1.460	3.383	
16	2.000	2.000	177.000	786.000	234.279	236.873	238.014	8,	238.601,	nan	nan	8.000	241.032	-321.000	321.000	-107.000	214.000	1.614	1.141	3.505	
16	2.000	2.000	178.000	786.000	244.552	246.728	248.646	9,	248.929,	nan	nan	9.000	251.662	-107.000	428.000	-214.000	321.000	1.190	1.918	3.389	
16	2.000	2.000	179.000	786.000	255.068	256.814	257.439	8,	257.872,	nan	nan	8.000	260.456	-428.000	428.000	-107.000	107.000	0.760	0.625	2.662	
16	2.000	2.000	180.000	786.000	263.138	265.600	266.466	9,	266.842,	nan	nan	9.000	269.482	-214.000	428.000	-321.000	214.000	1.479	0.867	3.447	
16	2.000	2.000	181.000	786.000	272.954	275.189	276.489	9,	276.966,	nan	nan	9.000	279.508	-107.000	321.000	-428.000	107.000	1.257	1.301	2.328	
16	2.000	2.000	182.000	786.000	281.855	284.105	285.950	8,	286.299,	nan	nan	8.000	288.962	-428.000	428.000	-107.000	214.000	1.267	1.846	2.682	
16	2.000	2.000	183.000	786.000	291.659	293.599	294.625	8,	295.134,	nan	nan	8.000	297.638	-214.000	214.000	-107.000	214.000	0.953	1.026	2.039	
16	2.000	2.000	184.000	786.000	299.790	301.492	302.353	9,	302.782,	nan	nan	9.000	305.366	-107.000	214.000	-428.000	107.000	0.814	0.862	2.791	
16	2.000	2.000	185.000	786.000	308.189	309.977	311.692	9,	312.164,	nan	nan	9.000	314.709	-321.000	428.000	-214.000	107.000	0.818	1.715	3.434	
16	2.000	2.000	186.000	786.000	318.157	319.978	320.661	9,	320.985,	nan	nan	9.000	323.678	-107.000	428.000	-214.000	214.000	0.833	0.683	2.926	
16	2.000	2.000	187.000	786.000	326.620	328.641	329.980	9,	330.251,	nan	nan	9.000	332.998	-214.000	428.000	-321.000	107.000	1.035	1.339	3.125	
16	2.000	2.000	188.000	786.000	336.146	338.499	339.264	9,	339.851,	nan	nan	9.000	342.281	-107.000	428.000	-214.000	107.000	1.373	0.765	2.405	
16	2.000	2.000	189.000	786.000	344.713	346.584	348.212	9,	348.669,	nan	nan	9.000	351.228	-107.000	214.000	-428.000	321.000	0.895	1.629	2.855	
16	2.000	2.000	190.000	786.000	354.098	356.217	357.151	9,	358.059,	nan	nan	9.000	360.168	-321.000	321.000	-428.000	428.000	1.132	0.934	2.547	
16	2.000	2.000	191.000	786.000	362.730	364.439	365.339	9,	365.983,	nan	nan	9.000	368.351	-214.000	428.000	-107.000	214.000	0.722	0.900	2.669	
16	2.000	2.000	192.000	786.000	371.035	372.657	373.817	9,	374.613,	nan	nan	9.000	376.834	-428.000	428.000	-214.000	107.000	0.635	1.161	3.177	
16	2.000	2.000	193.000	786.000	380.027	382.868	384.337	8,	384.676,	nan	nan	8.000	387.350	-428.000	214.000	-321.000	321.000	1.855	1.469	3.498	
16	2.000	2.000	194.000	786.000	390.926	392.924	394.022	9,	394.897,	nan	nan	9.000	397.034	-107.000	214.000	-321.000	321.000	1.074	1.098	2.720	
16	2.000	2.000	195.000	786.000	399.770	402.409	403.256	9,	403.593,	nan	nan	9.000	406.268	-214.000	214.000	-428.000	107.000	1.653	0.847	2.630	
16	2.000	2.000	196.000	786.000	408.913	410.651	412.308	8,	412.619,	nan	nan	8.000	415.320	-214.000	-428.000	-107.000	-428.000	0.751	1.658	3.717	
16	2.000	2.000	197.000	786.000	419.053	421.822	423.600	8,	423.982,	nan	nan	8.000	426.612	-428.000	214.000	-321.000	428.000	1.783	1.778	3.312	
16	2.000	2.000	198.000	786.000	429.941	432.897	433.937	8,	434.268,	nan	nan	8.000	436.955	-428.000	214.000	-107.000	321.000	1.971	1.040	2.894	
16	2.000	2.000	199.000	786.000	439.864	442.315	443.379	9,	444.093,	nan	nan	9.000	446.392	-214.000	214.000	-428.000	428.000	1.465	1.064	2.277	
16	2.000	2.000	200.000	786.000	448.684	451.140	451.659	8,	452.282,	nan	nan	8.000	454.671	-107.000	321.000	-214.000	428.000	1.469	0.519	3.711	
16	2.000	2.000	201.000	786.000	458.397	460.433	462.385	9,	462.704,	nan	nan	9.000	465.402	-107.000	107.000	-428.000	214.000	1.050	1.952	2.572	
16	2.000	2.000	202.000	786.000	468.005	469.935	471.317	8,	472.187,	nan	nan	8.000	474.334	-107.000	107.000	-214.000	214.000	0.958	1.383	2.013	
16	2.000	2.000	203.000	786.000	476.376	479.084	480.432	8,	480.719,	nan	nan	8.000	483.448	-214.000	107.000	-107.000	428.000	1.735	1.349	3.981	
16	2.000	2.000	204.000	786.000	487.446	489.105	489.855	8,	491.058,	nan	nan	8.000	492.872	-321.000	214.000	-428.000	428.000	0.674	0.751	2.797	
16	2.000	2.000	205.000	786.000	495.681	498.652	499.364	9,	500.695,	nan	nan	9.000	502.376	-107.000	214.000	-428.000	428.000	1.981	0.712	2.740	
16	2.000	2.000	206.000	786.000	505.136	507.486	509.162	9,	509.450,	nan	nan	9.000	512.180	-107.000	428.000	-321.000	321.000	1.368	1.677	3.376	
16	2.000	2.000	207.000	786.000	515.572	517.955	518.947	8,	519.843,	nan	nan	8.000	521.964	-214.000	107.000	-428.000	428.000	1.397	0.992	3.685	
16	2.000	2.000	208.000	786.000	525.749	527.349	528.384	8,	529.566,	nan	nan	8.000	531.396	-214.000	107.000	-428.000	321.000	0.698	1.035	3.672	
16	2.000	2.000	209.000	786.000	535.099	537.858	539.062	8,	539.394,	nan	nan	8.000	542.079	214.000	-107.000	428.000	-107.000	1.788	1.204	2.862	
16	2.000	2.000	210.000	786.000	544.957	546.828	548.143	9,	548.889,	nan	nan	9.000	551.156	-321.000	428.000	-428.000	321.000	0.886	1.315	3.556	
16	2.000	2.000	211.000	786.000	554.746	557.574	559.391	9,	559.746,	nan	nan	9.000	562.408	-107.000	428.000	-321.000	214.000	1.860	1.817	2.656	
16	2.000	2.000	212.000	786.000	565.094	567.550	568.734	9,	569.662,	nan	nan	9.000	571.747	-321.000	214.000	-428.000	321.000	1.484	1.185	3.961	
16	2.000	2.000	213.000	786.000	575.736	578.136	579.634	9,	579.916,	nan	nan	9.000	582.652	-214.000	428.000	-321.000	321.000	1.426	1.498	2.508	
16	2.000	2.000	214.000	786.000	585.176	588.057	588.899	9,	589.379,	nan	nan	9.000	591.911	-428.000	428.000	-321.000	214.000	1.894	0.842	3.254	
16	2.000	2.000	215.000	786.000	595.180	597.742	599.269	8,	599.548,	nan	nan	8.000	602.287	-428.000	428.000	-214.000	321.000	1.576	1.527	2.868	
16	2.000	2.000	216.000	786.000	605.193	607.815	608.570	9,	609.543,	nan	nan	9.000	611.582	-107.000	428.000	-428.000	214.000	1.658	0.756	2.965	
16	2.000	2.000	217.000	786.000	614.570	616.570	618.275	8,	618.712,	nan	nan	8.000	621.288	-321.000	214.000	-214.000	321.000	1.021	1.706	2.309	
16	2.000	2.000	218.000	786.000	623.610	625.591	626.245	9,	626.597,	nan	nan	9.000	629.262	-214.000	321.000	-321.000	107.000	0.992	0.654	3.730	
16	2.000	2.000	219.000	786.000	633.008	634.735	635.369	9,	636.283,	nan	nan	9.000	638.386	-107.000	321.000	-321.000	107.000	0.741	0.635	2.225	
16	2.000	2.000	220.000	786.000	640.639	642.167	642.888	8,	643.161,	nan	nan	8.000	645.906	-428.000	107.000	-107.000	214.000	0.553	0.722	2.476	
16	2.000	2.000	221.000	786.000	648.401	650.776	652.153	9,	652.445,	nan	nan	9.000	655.166	-214.000	428.000	-428.000	321.000	1.392	1.378	3.402	
16	2.000	2.000	222.000	786.000	658.585	660.804	661.718	8,	662.024,	nan	nan	8.000	664.734	214.000	321.000	428.000	321.000	1.233	0.915	2.482	
16	2.000	2.000	223.000	786.000	667.250	669.481	671.037	8,	671.255,	nan	nan	8.000	674.049	-214.000	214.000	-107.000	428.000	1.262	1.556	2.032	
16	2.000	2.000	224.000	786.000	676.099	678.804	680.746	8,	681.021,	nan	nan	8.000	683.758	-214.000	107.000	-107.000	321.000	1.720	1.942	3.048	
16	2.000	2.000	225.000	786.000	686.822	689.548	691.350	9,	691.750,	nan	nan	9.000	694.363	-214.000	107.000	-428.000	214.000	1.740	1.802	3.113	
16	2.000	2.000	226.000	786.000	697.495	700.149	700.934	8,	701.302,	nan	nan	8.000	703.950	-428.000	428.000	-214.000	214.000	1.672	0.785	2.180	
16	2.000	2.000	227.000	786.000	706.146	708.158	709.203	9,	709.772,	nan	nan	9.000	712.216	-107.000	214.000	-321.000	107.000	1.026	1.045	2.932	
16	2.000	2.000	228.000	786.000	715.165	717.538	718.934	8,	719.200,	nan	nan	8.000	721.946	-321.000	214.000	-107.000	321.000	1.387	1.397	2.000	
16	2.000	2.000	229.000	786.000	724.027	726.273	727.921	8,	728.665,	nan	nan	8.000	730.933	-428.000	214.000	-214.000	107.000	1.325	1.648	3.408	
16	2.000	2.000	230.000	786.000	734.357	736.649	737.322	9,	738.005,	nan	nan	9.000	740.340	-321.000	107.000	-428.000	214.000	1.305	0.674	3.524	
16	2.000	2.000	231.000	786.000	743.879	746.514	747.636	9,	748.072,	nan	nan	9.000	750.653	-214.000	428.000	-428.000	214.000	1.648	1.122	2.141	
16	2.000	2.000	232.000	786.000	752.809	755.493	757.227	8,	758.114,	nan	nan	8.000	760.244	-107.000	214.000	-214.000	321.000	1.696	1.735	2.617	
16	2.000	2.000	233.000	786.000	762.880	765.353	765.862	8,	766.382,	nan	nan	8.000	768.874	-321.000	214.000	-107.000	428.000	1.489	0.510	3.916	
16	2.000	2.000	234.000	786.000	772.809	775.503	776.292	8,	777.191,	nan	nan	8.000	779.310	-428.000	321.000	-214.000	107.000	1.711	0.789	3.704	
16	2.000	2.000	235.000	786.000	783.031	784.796	786.526	8,	786.813,	nan	nan	8.000	789.542	-321.000	214.000	-107.000	214.000	0.780	1.730	2.354	
16	2.000	2.000	236.000	786.000	791.911	794.198	795.035	8,	795.886,	nan	nan	8.000	798.051	-214.000	321.000	-107.000	214.000	1.301	0.838	3.196	
16	2.000	2.000	237.000	786.000	801.260	803.994	804.672	9,	805.002,	nan	nan	9.000	807.690	-107.000	321.000	-321.000	428.000	1.744	0.678	2.585	
16	2.000	2.000	238.000	786.000	810.299	812.322	812.894	8,	813.155,	nan	nan	8.000	815.906	-428.000	107.000	-107.000	321.000	1.045	0.572	2.772	
16	2.000	2.000	239.000	786.000	818.694	820.570	821.340	9,	822.329,	nan	nan	9.000	824.352	-107.000	214.000	-321.000	428.000	0.891	0.770	3.640	
16	2.000	2.000	240.000	786.000	828.067	830.927	831.730	8,	832.157,	nan	nan	8.000	834.743	-428.000	107.000	-214.000	321.000	1.932	0.804	2.984	
16	2.000	2.000	241.000	786.000	837.748	840.560	842.053	9,	842.344,	nan	nan	9.000	845.070	-321.000	321.000	-428.000	107.000	1.831	1.494	3.080	
16	2.000	2.000	242.000	786.000	848.167	849.778	851.551	8,	852.248,	nan	nan	8.000	854.568	-321.000	321.000	-107.000	107.000	0.625	1.773	2.875	
16	2.000	2.000	243.000	786.000	857.464	860.112	861.070	9,	861.431,	nan	nan	9.000	864.082	-107.000	321.000	-214.000	107.000	1.667	0.958	2.077	
16	2.000	2.000	244.000	786.000	866.181	867.806	869.314	8,	869.742,	nan	nan	8.000	872.327	-428.000	321.000	-107.000	107.000	0.645	1.508	3.305	
16	2.000	2.000	245.000	786.000	875.659	878.079	879.780	8,	880.635,	nan	nan	8.000	882.793	-428.000	214.000	-321.000	107.000	1.445	1.701	3.248	
16	2.000	2.000	246.000	786.000	886.061	887.769	889.667	9,	889.934,	nan	nan	9.000	892.685	-107.000	428.000	-428.000	321.000	0.727	1.899	3.299	
16	2.000	2.000	247.000	786.000	896.000	897.573	899.476	9,	900.536,	nan	nan	9.000	902.494	-107.000	321.000	-428.000	214.000	0.587	1.904	3.421	
16	2.000	2.000	248.000	786.000	905.937	908.334	909.924	8,	910.567,	nan	nan	8.000	912.936	-321.000	-428.000	-107.000	-428.000	1.416	1.590	2.534	
16	2.000	2.000	249.000	786.000	915.496	918.356	919.082	9,	919.401,	nan	nan	9.000	922.095	-214.000	321.000	-428.000	214.000	1.884	0.727	3.839	
16	2.000	2.000	250.000	786.000	925.949	928.758	929.764	8,	930.349,	nan	nan	8.000	932.780	-428.000	214.000	-214.000	428.000	1.822	1.006	3.833	
16	2.000	2.000	251.000	786.000	936.629	938.935	940.067	8,	940.804,	nan	nan	8.000	943.084	-428.000	321.000	-321.000	214.000	1.320	1.132	3.788	
16	2.000	2.000	252.000	786.000	946.917	949.368	949.949	9,	950.590,	nan	nan	9.000	952.962	-107.000	107.000	-321.000	321.000	1.494	0.582	3.852	
16	2.000	2.000	253.000	786.000	956.847	959.406	960.479	8,	961.546,	nan	nan	8.000	963.491	-428.000	107.000	-214.000	214.000	1.590	1.074	2.579	
16	2.000	2.000	254.000	786.000	966.085	967.592	969.273	9,	970.230,	nan	nan	9.000	972.286	-214.000	321.000	-107.000	107.000	0.519	1.682	3.273	
16	2.000	2.000	255.000	786.000	975.581	978.204	978.868	9,	979.218,	nan	nan	9.000	981.881	-321.000	428.000	-428.000	214.000	1.643	0.664	2.624	
16	2.000	2.000	256.000	786.000	984.526	987.300	988.875	8,	989.157,	nan	nan	8.000	991.887	-321.000	107.000	-107.000	321.000	1.793	1.576	2.450	
16	2.000	2.000	257.000	786.000	994.353	996.794	997.685	9,	998.121,	nan	nan	9.000	1000.701	-214.000	321.000	-428.000	107.000	1.455	0.891	2.244	
16	2.000	2.000	258.000	786.000	1002.961	1005.789	1006.438	9,	1007.192,	nan	nan	9.000	1009.451	-107.000	107.000	-321.000	214.000	1.841	0.650	2.399	
16	2.000	2.000	259.000	786.000	1011.865	1014.292	1015.235	8,	1015.760,	nan	nan	8.000	1018.248	-214.000	107.000	-107.000	214.000	1.441	0.944	3.151	
16	2.000	2.000	260.000	786.000	1021.416	1023.253	1025.016	8,	1025.553,	nan	nan	8.000	1028.034	-321.000	107.000	-214.000	214.000	0.852	1.764	2.161	
16	2.000	2.000	261.000	786.000	1030.210	1032.024	1033.320	8,	1033.949,	nan	nan	8.000	1036.336	214.000	-321.000	321.000	-321.000	0.828	1.296	3.826	
16	2.000	2.000	262.000	786.000	1040.180	1042.943	1044.701	8,	1045.057,	nan	nan	8.000	1047.718	-428.000	321.000	-214.000	428.000	1.778	1.759	2.148	
16	2.000	2.000	263.000	786.000	1049.881	1052.666	1053.484	9,	1054.328,	nan	nan	9.000	1056.495	-321.000	428.000	-428.000	107.000	1.797	0.818	3.974	
16	2.000	2.000	264.000	786.000	1060.482	1062.676	1063.219	8,	1064.069,	nan	nan	8.000	1066.237	-428.000	428.000	-321.000	321.000	1.204	0.543	3.678	
16	2.000	2.000	265.000	786.000	1069.932	1072.257	1073.851	8,	1074.232,	nan	nan	8.000	1076.865	-321.000	428.000	-107.000	214.000	1.339	1.595	2.514	
16	2.000	2.000	266.000	786.000	1079.394	1081.450	1083.373	8,	1083.696,	nan	nan	8.000	1086.384	-321.000	107.000	-107.000	214.000	1.069	1.923	2.296	
16	2.000	2.000	267.000	786.000	1088.717	1091.157	1092.515	8,	1092.818,	nan	nan	8.000	1095.532	-321.000	214.000	-214.000	428.000	1.474	1.359	2.058	
16	2.000	2.000	268.000	786.000	1097.620	1100.443	1101.859	9,	1102.149,	nan	nan	9.000	1104.871	-214.000	321.000	-321.000	214.000	1.850	1.416	2.103	
16	2.000	2.000	269.000	786.000	1106.988	1109.190	1109.820	8,	1110.487,	nan	nan	8.000	1112.832	-428.000	428.000	-107.000	321.000	1.214	0.630	2.251	
16	2.000	2.000	270.000	786.000	1115.114	1117.665	1119.028	9,	1119.572,	nan	nan	9.000	1122.045	-321.000	428.000	-107.000	107.000	1.580	1.363	2.167	
16	2.000	2.000	271.000	786.000	1124.228	1126.930	1128.168	8,	1128.825,	nan	nan	8.000	1131.180	-321.000	428.000	-107.000	321.000	1.715	1.238	2.489	
16	2.000	2.000	272.000	786.000	1133.684	1136.666	1138.246	9,	1138.730,	nan	nan	9.000	1141.258	-214.000	428.000	-107.000	321.000	1.995	1.580	3.621	
16	2.000	2.000	273.000	786.000	1144.904	1147.837	1148.370	8,	1148.891,	nan	nan	8.000	1151.387	-107.000	107.000	-214.000	321.000	1.957	0.534	2.598	
16	2.000	2.000	274.000	786.000	1154.002	1155.917	1156.793	8,	1157.138,	nan	nan	8.000	1159.805	214.000	428.000	321.000	428.000	0.929	0.876	3.222	
16	2.000	2.000	275.000	786.000	1163.068	1164.698	1165.550	8,	1166.661,	nan	nan	8.000	1168.567	-321.000	321.000	-214.000	107.000	0.669	0.852	3.183	
16	2.000	2.000	276.000	786.000	1171.787	1174.203	1175.812	8,	1176.141,	nan	nan	8.000	1178.824	-214.000	321.000	-107.000	428.000	1.450	1.609	3.814	
16	2.000	2.000	277.000	786.000	1182.665	1184.584	1185.136	8,	1185.710,	nan	nan	8.000	1188.148	-321.000	107.000	-428.000	321.000	0.944	0.553	3.904	
16	2.000	2.000	278.000	786.000	1192.068	1194.577	1196.272	9,	1196.689,	nan	nan	9.000	1199.285	-107.000	321.000	-214.000	214.000	1.523	1.696	3.357	
16	2.000	2.000	279.000	786.000	1202.671	1204.825	1206.255	8,	1206.803,	nan	nan	8.000	1209.271	-428.000	321.000	-107.000	428.000	1.180	1.431	3.170	
16	2.000	2.000	280.000	786.000	1212.472	1214.788	1216.749	8,	1217.039,	nan	nan	8.000	1219.767	-321.000	321.000	-107.000	428.000	1.344	1.961	2.051	
16	2.000	2.000	281.000	786.000	1221.844	1224.719	1226.173	8,	1226.529,	nan	nan	8.000	1229.186	-428.000	107.000	-321.000	428.000	1.899	1.455	2.727	
16	2.000	2.000	282.000	786.000	1231.934	1234.722	1235.285	9,	1236.548,	nan	nan	9.000	1238.297	-107.000	214.000	-214.000	107.000	1.807	0.563	3.016	
16	2.000	2.000	283.000	786.000	1241.330	1243.910	1244.468	8,	1245.105,	nan	nan	8.000	1247.481	-321.000	107.000	-428.000	428.000	1.595	0.558	3.241	
16	2.000	2.000	284.000	786.000	1250.744	1252.605	1253.172	8,	1253.833,	nan	nan	8.000	1256.189	-214.000	321.000	-321.000	428.000	0.881	0.568	2.457	
16	2.000	2.000	285.000	786.000	1258.665	1260.442	1262.109	8,	1262.512,	nan	nan	8.000	1265.121	-428.000	321.000	-107.000	214.000	0.794	1.667	2.193	
16	2.000	2.000	286.000	786.000	1267.329	1268.879	1269.566	8,	1269.832,	nan	nan	8.000	1272.583	-428.000	214.000	-107.000	428.000	0.563	0.688	2.643	
16	2.000	2.000	287.000	786.000	1275.309	1277.032	1277.855	8,	1278.226,	nan	nan	8.000	1280.872	-321.000	107.000	-214.000	107.000	0.804	0.823	2.135	
16	2.000	2.000	288.000	786.000	1283.033	1285.551	1286.991	8,	1287.423,	nan	nan	8.000	1290.004	-214.000	107.000	-321.000	428.000	1.542	1.441	2.129	
16	2.000	2.000	289.000	786.000	1292.150	1294.566	1295.654	9,	1296.447,	nan	nan	9.000	1298.666	-321.000	321.000	-428.000	214.000	1.431	1.088	2.887	
16	2.000	2.000	290.000	786.000	1301.571	1303.412	1304.959	8,	1305.271,	nan	nan	8.000	1307.975	-321.000	107.000	-107.000	428.000	0.857	1.547	3.267	
16	2.000	2.000	291.000	786.000	1311.259	1313.829	1315.766	8,	1316.071,	nan	nan	8.000	1318.783	-321.000	107.000	-214.000	321.000	1.585	1.937	2.881	
16	2.000	2.000	292.000	786.000	1321.681	1323.166	1324.317	9,	1325.284,	nan	nan	9.000	1327.330	-107.000	107.000	-321.000	428.000	0.500	1.151	4.000	
16	2.000	2.000	293.000	786.000	1331.346	1333.078	1334.831	8,	1335.108,	nan	nan	8.000	1337.849	-428.000	107.000	-107.000	428.000	0.746	1.754	2.675	
16	2.000	2.000	294.000	786.000	1340.541	1342.133	1343.346	8,	1344.570,	nan	nan	8.000	1346.358	-428.000	107.000	-321.000	214.000	0.606	1.214	3.293	
16	2.000	2.000	295.000	786.000	1349.667	1351.799	1353.418	8,	1353.695,	nan	nan	8.000	1356.435	-428.000	321.000	-214.000	214.000	1.146	1.619	3.871	
16	2.000	2.000	296.000	786.000	1360.322	1363.236	1364.850	8,	1365.079,	nan	nan	8.000	1367.862	-107.000	107.000	-214.000	428.000	1.928	1.614	3.884	
16	2.000	2.000	297.000	786.000	1371.768	1373.919	1375.084	8,	1375.400,	nan	nan	8.000	1378.102	-321.000	107.000	-214.000	428.000	1.170	1.166	2.122	
16	2.000	2.000	298.000	786.000	1380.250	1382.744	1384.526	9,	1384.887,	nan	nan	9.000	1387.544	-214.000	214.000	-321.000	107.000	1.518	1.783	2.154	
16	2.000	2.000	299.000	786.000	1389.741	1391.605	1392.558	9,	1393.996,	nan	nan	9.000	1395.576	-321.000	428.000	-214.000	214.000	0.905	0.953	3.318	
16	2.000	2.000	300.000	786.000	1398.920	1401.009	1402.145	8,	1402.425,	nan	nan	8.000	1405.162	-321.000	-107.000	-214.000	-107.000	1.113	1.137	2.553	
16	2.000	2.000	301.000	786.000	1407.728	1409.313	1409.842	9,	1410.536,	nan	nan	9.000	1412.854	-214.000	214.000	-107.000	107.000	0.596	0.529	2.289	
16	2.000	2.000	302.000	786.000	1415.172	1417.909	1419.065	8,	1419.525,	nan	nan	8.000	1422.078	-321.000	428.000	-214.000	321.000	1.764	1.156	2.823	
16	2.000	2.000	303.000	786.000	1424.917	1426.803	1427.834	8,	1428.158,	nan	nan	8.000	1430.851	-428.000	214.000	-107.000	107.000	0.900	1.031	3.608	
16	2.000	2.000	304.000	786.000	1434.478	1437.384	1438.887	8,	1439.696,	nan	nan	8.000	1441.904	-428.000	107.000	-321.000	321.000	1.923	1.503	3.344	
16	2.000	2.000	305.000	786.000	1445.278	1447.368	1448.789	9,	1449.871,	nan	nan	9.000	1451.806	-107.000	107.000	-428.000	321.000	1.117	1.421	2.096	
16	2.000	2.000	306.000	786.000	1453.919	1456.852	1458.779	9,	1459.163,	nan	nan	9.000	1461.791	-214.000	321.000	-428.000	428.000	1.947	1.928	3.942	
16	2.000	2.000	307.000	786.000	1465.761	1467.978	1468.555	9,	1469.436,	nan	nan	9.000	1471.572	-214.000	214.000	-428.000	321.000	1.243	0.577	3.286	
16	2.000	2.000	308.000	786.000	1474.886	1477.846	1478.462	8,	1478.708,	nan	nan	8.000	1481.478	-428.000	107.000	-214.000	428.000	1.986	0.616	2.386	
16	2.000	2.000	309.000	786.000	1483.892	1486.051	1487.921	9,	1488.194,	nan	nan	9.000	1490.933	-107.000	107.000	-428.000	428.000	1.185	1.870	2.360	
16	2.000	2.000	310.000	786.000	1493.309	1496.247	1497.465	9,	1498.305,	nan	nan	9.000	1500.478	-107.000	321.000	-321.000	214.000	1.952	1.219	3.093	
16	2.000	2.000	311.000	786.000	1503.587	1505.416	1506.938	8,	1508.077,	nan	nan	8.000	1509.956	-321.000	321.000	-214.000	214.000	0.842	1.523	3.897	
16	2.000	2.000	312.000	786.000	1513.873	1516.817	1518.387	8,	1518.875,	nan	nan	8.000	1521.399	-107.000	214.000	-214.000	428.000	1.961	1.571	2.206	
