subjID	session	Block	trialCount	earnings	Gam1Onset	Gam2Onset	FBOnset	KPs	RT	KPlate	RTlate	KP_Final	SLOnset	Gam1_1	Gam1_2	Gam2_1	Gam2_2	jit1	jit2	jit3	
17	2.000	1.000	1.000	1321.000	84.887	87.195	87.816	8,	88.359,	nan	nan	8.000	90.831	321.000	-428.000	428.000	-428.000	1.320	0.621	2.103	
17	2.000	1.000	2.000	1321.000	92.944	94.908	96.189	8,	97.520,	nan	nan	8.000	99.201	-107.000	214.000	-428.000	321.000	0.973	1.281	2.347	
17	2.000	1.000	3.000	1321.000	101.559	103.784	104.829	8,	105.424,	nan	nan	8.000	107.840	-214.000	107.000	-321.000	214.000	1.233	1.045	2.199	
17	2.000	1.000	4.000	1321.000	110.049	112.974	113.754	8,	114.677,	nan	nan	8.000	116.766	-107.000	214.000	-321.000	321.000	1.932	0.780	2.469	
17	2.000	1.000	5.000	1321.000	119.245	121.307	122.660	9,	123.176,	nan	nan	9.000	125.678	-107.000	428.000	-214.000	214.000	1.069	1.354	3.209	
17	2.000	1.000	6.000	1321.000	128.897	130.456	132.147	9,	132.922,	nan	nan	9.000	135.166	-428.000	428.000	-107.000	107.000	0.568	1.691	3.447	
17	2.000	1.000	7.000	1321.000	138.629	140.573	142.510	8,	142.925,	nan	nan	8.000	145.523	-321.000	321.000	-214.000	428.000	0.958	1.937	2.559	
17	2.000	1.000	8.000	1321.000	148.093	150.680	151.208	9,	152.475,	nan	nan	9.000	154.221	-428.000	428.000	-107.000	214.000	1.595	0.529	2.373	
17	2.000	1.000	9.000	1321.000	156.605	158.438	159.705	9,	160.751,	nan	nan	9.000	162.723	-107.000	428.000	-321.000	107.000	0.842	1.267	3.273	
17	2.000	1.000	10.000	1321.000	166.030	168.280	170.202	9,	171.592,	nan	nan	9.000	173.220	-214.000	214.000	-428.000	107.000	1.281	1.923	2.418	
17	2.000	1.000	11.000	1321.000	175.650	177.541	179.135	8,	179.267,	nan	nan	8.000	182.148	-214.000	214.000	-107.000	321.000	0.900	1.595	2.598	
17	2.000	1.000	12.000	1321.000	184.756	186.677	187.529	9,	187.981,	nan	nan	9.000	190.547	-214.000	214.000	-321.000	428.000	0.929	0.852	2.309	
17	2.000	1.000	13.000	1321.000	192.866	194.396	195.349	nan	nan	nan	nan	nan	nan	-428.000	214.000	-321.000	321.000	0.539	0.953	2.129	
17	2.000	1.000	14.000	1321.000	200.527	202.023	203.854	8,	204.257,	nan	nan	8.000	206.872	321.000	107.000	428.000	107.000	0.505	1.831	3.074	
17	2.000	1.000	15.000	1321.000	209.967	211.559	213.535	9,	213.910,	nan	nan	9.000	216.554	-321.000	428.000	-214.000	107.000	0.611	1.976	3.190	
17	2.000	1.000	16.000	1321.000	219.760	222.616	224.278	9,	224.675,	nan	nan	9.000	227.296	-107.000	321.000	-428.000	107.000	1.870	1.662	3.010	
17	2.000	1.000	17.000	1321.000	230.316	232.276	233.972	9,	234.411,	nan	nan	9.000	236.988	-107.000	214.000	-428.000	107.000	0.968	1.696	3.582	
17	2.000	1.000	18.000	1321.000	240.585	242.203	242.857	8,	243.193,	nan	nan	8.000	245.875	-428.000	214.000	-214.000	321.000	0.630	0.654	2.971	
17	2.000	1.000	19.000	1321.000	248.861	250.556	252.126	9,	252.412,	nan	nan	9.000	255.138	-321.000	321.000	-107.000	214.000	0.707	1.571	3.627	
17	2.000	1.000	20.000	1321.000	258.800	261.463	263.212	9,	263.550,	nan	nan	9.000	266.230	-214.000	428.000	-321.000	214.000	1.696	1.749	3.859	
17	2.000	1.000	21.000	1321.000	270.103	272.348	273.561	8,	274.375,	nan	nan	8.000	276.579	-214.000	107.000	-321.000	321.000	1.257	1.214	3.055	
17	2.000	1.000	22.000	1321.000	279.656	282.452	284.249	9,	284.631,	nan	nan	9.000	287.267	-107.000	428.000	-428.000	107.000	1.817	1.797	2.180	
17	2.000	1.000	23.000	1321.000	289.493	291.982	292.607	8,	293.600,	nan	nan	8.000	295.625	-428.000	428.000	-214.000	107.000	1.532	0.625	2.990	
17	2.000	1.000	24.000	1321.000	298.630	301.516	303.477	9,	304.180,	nan	nan	9.000	306.495	-214.000	428.000	-107.000	214.000	1.899	1.961	2.984	
17	2.000	1.000	25.000	1321.000	309.508	311.787	313.183	9,	313.784,	nan	nan	9.000	316.200	-107.000	428.000	-214.000	321.000	1.305	1.397	3.151	
17	2.000	1.000	26.000	1321.000	319.363	321.109	322.294	9,	323.002,	nan	nan	9.000	325.311	-107.000	428.000	-214.000	107.000	0.756	1.185	3.949	
17	2.000	1.000	27.000	1321.000	329.271	331.447	333.311	8,	334.945,	nan	nan	8.000	336.324	-214.000	428.000	-107.000	428.000	1.185	1.865	2.778	
17	2.000	1.000	28.000	1321.000	339.117	341.478	342.913	8,	343.367,	nan	nan	8.000	345.926	-321.000	214.000	-214.000	107.000	1.373	1.436	2.727	
17	2.000	1.000	29.000	1321.000	348.667	350.435	351.272	9,	352.281,	nan	nan	9.000	354.284	-214.000	428.000	-321.000	107.000	0.780	0.838	2.186	
17	2.000	1.000	30.000	1321.000	356.485	358.561	359.307	8,	360.332,	nan	nan	8.000	362.319	-321.000	214.000	-107.000	107.000	1.088	0.746	2.617	
17	2.000	1.000	31.000	1321.000	364.951	367.592	368.878	9,	369.356,	nan	nan	9.000	371.890	-428.000	428.000	-321.000	107.000	1.653	1.286	3.312	
17	2.000	1.000	32.000	1321.000	375.224	377.249	378.930	8,	379.970,	nan	nan	8.000	381.942	-321.000	214.000	-428.000	107.000	1.045	1.682	2.270	
17	2.000	1.000	33.000	1321.000	384.227	385.758	386.673	9,	388.511,	nan	nan	9.000	389.685	-214.000	428.000	-428.000	107.000	0.543	0.915	2.932	
17	2.000	1.000	34.000	1321.000	392.632	394.858	395.396	9,	396.997,	nan	nan	9.000	398.410	-107.000	321.000	-428.000	428.000	1.238	0.539	3.331	
17	2.000	1.000	35.000	1321.000	401.756	403.691	405.590	8,	406.227,	nan	nan	8.000	408.608	-428.000	321.000	-321.000	428.000	0.949	1.899	2.424	
17	2.000	1.000	36.000	1321.000	411.047	412.655	414.587	9,	415.227,	nan	nan	9.000	417.600	-214.000	214.000	-321.000	321.000	0.621	1.932	3.653	
17	2.000	1.000	37.000	1321.000	421.267	424.221	425.512	8,	426.085,	nan	nan	8.000	428.531	-428.000	321.000	-321.000	107.000	1.966	1.291	3.543	
17	2.000	1.000	38.000	1321.000	432.091	434.406	435.576	9,	436.721,	nan	nan	9.000	438.588	-214.000	428.000	-107.000	107.000	1.330	1.170	3.614	
17	2.000	1.000	39.000	1321.000	442.217	444.086	445.998	9,	446.079,	nan	nan	9.000	449.017	-321.000	321.000	-428.000	428.000	0.881	1.913	3.807	
17	2.000	1.000	40.000	1321.000	452.840	454.659	456.625	9,	458.314,	nan	nan	9.000	459.644	-214.000	-321.000	-107.000	-321.000	0.833	1.966	2.830	
17	2.000	1.000	41.000	1321.000	462.489	465.311	466.375	8,	467.851,	nan	nan	8.000	469.388	-428.000	428.000	-214.000	321.000	1.836	1.064	3.087	
17	2.000	1.000	42.000	1321.000	472.491	475.246	475.818	8,	477.781,	nan	nan	8.000	478.835	-214.000	107.000	-107.000	321.000	1.768	0.572	3.466	
17	2.000	1.000	43.000	1321.000	482.329	485.183	486.112	9,	487.481,	nan	nan	9.000	489.130	-321.000	107.000	-428.000	214.000	1.879	0.929	2.463	
17	2.000	1.000	44.000	1321.000	491.606	494.518	495.066	8,	496.333,	nan	nan	8.000	498.078	-107.000	321.000	-214.000	428.000	1.923	0.548	3.338	
17	2.000	1.000	45.000	1321.000	501.429	503.280	503.987	9,	505.218,	nan	nan	9.000	506.998	-214.000	214.000	-428.000	428.000	0.862	0.707	2.605	
17	2.000	1.000	46.000	1321.000	509.617	512.219	513.220	9,	515.057,	nan	nan	9.000	516.233	-107.000	214.000	-321.000	107.000	1.614	1.002	3.691	
17	2.000	1.000	47.000	1321.000	519.945	521.672	523.382	8,	524.146,	nan	nan	8.000	526.395	-321.000	214.000	-428.000	321.000	0.746	1.711	3.794	
17	2.000	1.000	48.000	1321.000	530.205	532.226	533.372	8,	533.889,	nan	nan	8.000	536.391	-214.000	107.000	-107.000	428.000	1.035	1.146	3.473	
17	2.000	1.000	49.000	1321.000	539.880	541.944	543.462	8,	544.238,	nan	nan	8.000	546.479	-321.000	214.000	-107.000	428.000	1.079	1.518	3.666	
17	2.000	1.000	50.000	1321.000	550.159	552.438	553.820	9,	554.525,	nan	nan	9.000	556.838	-214.000	107.000	-428.000	428.000	1.291	1.383	3.884	
17	2.000	1.000	51.000	1321.000	560.737	562.904	564.060	9,	564.582,	nan	nan	9.000	567.072	-428.000	428.000	-321.000	214.000	1.180	1.156	3.222	
17	2.000	1.000	52.000	1321.000	570.309	572.288	572.846	8,	574.479,	nan	nan	8.000	575.863	-428.000	214.000	-214.000	107.000	0.992	0.558	3.556	
17	2.000	1.000	53.000	1321.000	579.434	581.838	582.699	8,	584.170,	nan	nan	8.000	585.711	214.000	-107.000	428.000	-107.000	1.416	0.862	3.125	
17	2.000	1.000	54.000	1321.000	588.852	591.550	592.136	8,	592.736,	nan	nan	8.000	595.153	-107.000	214.000	-214.000	321.000	1.711	0.587	3.781	
17	2.000	1.000	55.000	1321.000	598.950	600.827	602.673	8,	602.958,	nan	nan	8.000	605.686	-321.000	214.000	-428.000	428.000	0.891	1.846	3.897	
17	2.000	1.000	56.000	1321.000	609.598	612.416	614.373	9,	614.830,	nan	nan	9.000	617.391	-321.000	428.000	-428.000	321.000	1.831	1.957	3.106	
17	2.000	1.000	57.000	1321.000	620.512	623.133	625.041	9,	625.429,	nan	nan	9.000	628.053	-214.000	428.000	-428.000	214.000	1.633	1.908	2.212	
17	2.000	1.000	58.000	1321.000	630.281	632.665	633.647	9,	634.133,	nan	nan	9.000	636.659	-107.000	107.000	-428.000	214.000	1.397	0.982	2.457	
17	2.000	1.000	59.000	1321.000	639.130	641.723	642.304	8,	643.493,	nan	nan	8.000	645.321	-321.000	214.000	-107.000	321.000	1.605	0.582	3.891	
17	2.000	1.000	60.000	1321.000	649.227	650.893	651.566	nan	nan	8.000	654.605	nan	nan	-107.000	107.000	-214.000	214.000	0.678	0.674	2.386	
17	2.000	1.000	61.000	1321.000	657.005	659.380	661.332	9,	661.987,	nan	nan	9.000	664.351	-214.000	428.000	-428.000	321.000	1.387	1.952	3.100	
17	2.000	1.000	62.000	1321.000	667.471	670.410	672.018	9,	672.541,	nan	nan	9.000	675.037	-214.000	321.000	-321.000	107.000	1.957	1.609	2.695	
17	2.000	1.000	63.000	1321.000	677.748	680.213	681.769	8,	682.753,	nan	nan	8.000	684.782	-321.000	214.000	-214.000	321.000	1.479	1.556	2.669	
17	2.000	1.000	64.000	1321.000	687.463	689.628	690.412	nan	nan	nan	nan	nan	nan	-428.000	214.000	-107.000	321.000	1.175	0.785	2.547	
17	2.000	1.000	65.000	1321.000	696.000	697.999	699.805	9,	700.126,	nan	nan	9.000	702.818	-214.000	428.000	-321.000	321.000	1.011	1.807	3.068	
17	2.000	1.000	66.000	1321.000	705.900	707.585	709.006	8,	709.104,	nan	nan	8.000	712.019	214.000	321.000	428.000	321.000	0.698	1.421	3.531	
17	2.000	1.000	67.000	1321.000	715.565	717.071	717.904	9,	718.534,	nan	nan	9.000	720.922	-107.000	428.000	-321.000	214.000	0.519	0.833	2.637	
17	2.000	1.000	68.000	1321.000	723.575	725.505	727.321	8,	728.107,	nan	nan	8.000	730.334	-428.000	107.000	-107.000	214.000	0.944	1.817	2.682	
17	2.000	1.000	69.000	1321.000	733.033	735.014	735.832	8,	736.631,	nan	nan	8.000	738.852	-214.000	214.000	-107.000	428.000	0.997	0.818	2.354	
17	2.000	1.000	70.000	1321.000	741.223	742.881	743.434	9,	744.514,	nan	nan	9.000	746.446	-107.000	428.000	-321.000	321.000	0.674	0.553	2.810	
17	2.000	1.000	71.000	1321.000	749.274	752.003	753.105	9,	753.508,	nan	nan	9.000	756.117	-107.000	321.000	-321.000	107.000	1.744	1.103	2.206	
17	2.000	1.000	72.000	1321.000	758.338	760.597	761.405	9,	761.665,	nan	nan	9.000	764.422	-214.000	107.000	-428.000	214.000	1.272	0.809	2.579	
17	2.000	1.000	73.000	1321.000	767.016	770.003	771.771	8,	772.139,	nan	nan	8.000	774.785	-428.000	214.000	-321.000	428.000	2.000	1.768	3.904	
17	2.000	1.000	74.000	1321.000	778.706	780.296	781.761	8,	782.520,	nan	nan	8.000	784.774	-428.000	321.000	-214.000	107.000	0.606	1.465	2.360	
17	2.000	1.000	75.000	1321.000	787.149	789.495	790.983	8,	791.387,	nan	nan	8.000	793.997	-428.000	428.000	-214.000	214.000	1.359	1.489	3.376	
17	2.000	1.000	76.000	1321.000	797.388	800.114	801.829	9,	802.309,	nan	nan	9.000	804.842	-214.000	107.000	-428.000	321.000	1.740	1.715	2.514	
17	2.000	1.000	77.000	1321.000	807.371	809.216	810.309	8,	810.833,	nan	nan	8.000	813.322	-107.000	214.000	-428.000	428.000	0.857	1.093	2.399	
17	2.000	1.000	78.000	1321.000	815.738	818.641	820.428	9,	821.691,	nan	nan	9.000	823.446	-107.000	428.000	-428.000	214.000	1.918	1.788	3.350	
17	2.000	1.000	79.000	1321.000	826.812	829.649	830.669	8,	831.320,	nan	nan	8.000	833.687	-321.000	214.000	-107.000	214.000	1.850	1.021	2.566	
17	2.000	1.000	80.000	1321.000	836.267	838.305	840.068	9,	840.240,	nan	nan	9.000	843.085	-214.000	107.000	-107.000	214.000	1.050	1.764	2.920	
17	2.000	1.000	81.000	1321.000	846.019	848.544	850.461	8,	851.639,	nan	nan	8.000	853.475	-321.000	428.000	-107.000	107.000	1.537	1.918	2.334	
17	2.000	1.000	82.000	1321.000	855.824	857.345	858.423	9,	858.638,	nan	nan	9.000	861.437	-214.000	321.000	-428.000	214.000	0.534	1.079	3.093	
17	2.000	1.000	83.000	1321.000	864.548	867.267	868.847	9,	869.463,	nan	nan	9.000	871.865	-214.000	321.000	-428.000	107.000	1.735	1.580	2.842	
17	2.000	1.000	84.000	1321.000	874.724	877.092	877.934	9,	878.756,	nan	nan	9.000	880.946	-107.000	214.000	-321.000	428.000	1.383	0.842	2.051	
17	2.000	1.000	85.000	1321.000	883.015	884.847	886.437	9,	886.615,	nan	nan	9.000	889.450	-107.000	428.000	-428.000	321.000	0.847	1.590	2.077	
17	2.000	1.000	86.000	1321.000	891.541	893.970	895.772	8,	897.569,	nan	nan	8.000	898.790	-428.000	107.000	-214.000	214.000	1.441	1.802	2.887	
17	2.000	1.000	87.000	1321.000	901.696	904.338	906.077	8,	906.408,	nan	nan	8.000	909.090	-428.000	321.000	-214.000	428.000	1.658	1.740	2.322	
17	2.000	1.000	88.000	1321.000	911.425	913.415	914.127	8,	914.534,	nan	nan	8.000	917.139	-428.000	107.000	-214.000	321.000	1.002	0.712	2.759	
17	2.000	1.000	89.000	1321.000	919.912	922.847	924.673	8,	925.161,	nan	nan	8.000	927.691	-321.000	107.000	-214.000	214.000	1.947	1.826	3.215	
17	2.000	1.000	90.000	1321.000	930.923	933.210	934.013	nan	nan	nan	nan	nan	nan	-321.000	321.000	-428.000	107.000	1.301	0.804	3.569	
17	2.000	1.000	91.000	1321.000	940.625	942.168	943.816	8,	943.848,	nan	nan	8.000	946.828	-107.000	107.000	-321.000	321.000	0.558	1.648	3.479	
17	2.000	1.000	92.000	1321.000	950.321	953.165	953.814	8,	954.348,	nan	nan	8.000	956.826	-321.000	-214.000	-107.000	-214.000	1.855	0.650	3.363	
17	2.000	1.000	93.000	1321.000	960.205	961.981	963.927	9,	964.039,	nan	nan	9.000	966.944	-214.000	321.000	-107.000	214.000	0.789	1.947	3.595	
17	2.000	1.000	94.000	1321.000	970.555	972.794	974.393	8,	975.742,	nan	nan	8.000	977.411	-428.000	214.000	-321.000	107.000	1.252	1.600	3.138	
17	2.000	1.000	95.000	1321.000	980.566	982.476	983.902	8,	984.672,	nan	nan	8.000	986.920	-321.000	428.000	-107.000	321.000	0.924	1.426	3.961	
17	2.000	1.000	96.000	1321.000	990.895	992.957	994.040	9,	994.447,	nan	nan	9.000	997.052	-107.000	321.000	-428.000	214.000	1.074	1.084	2.804	
17	2.000	1.000	97.000	1321.000	999.870	1001.431	1002.688	8,	1003.423,	nan	nan	8.000	1005.700	-428.000	107.000	-107.000	321.000	0.572	1.257	3.974	
17	2.000	1.000	98.000	1321.000	1009.689	1012.647	1014.006	8,	1014.730,	nan	nan	8.000	1017.018	-428.000	214.000	-214.000	428.000	1.971	1.359	2.913	
17	2.000	1.000	99.000	1321.000	1019.945	1021.515	1022.507	8,	1022.782,	nan	nan	8.000	1025.519	-321.000	214.000	-214.000	428.000	0.582	0.992	3.357	
17	2.000	1.000	100.000	1321.000	1028.890	1031.323	1032.459	nan	nan	8.000	1035.489	nan	nan	-107.000	107.000	-214.000	321.000	1.445	1.137	2.855	
17	2.000	1.000	101.000	1321.000	1038.359	1039.924	1040.997	9,	1041.534,	nan	nan	9.000	1044.016	-428.000	321.000	-107.000	107.000	0.577	1.074	3.987	
17	2.000	1.000	102.000	1321.000	1048.018	1050.509	1051.819	8,	1052.475,	nan	nan	8.000	1054.831	-321.000	321.000	-107.000	107.000	1.503	1.310	2.572	
17	2.000	1.000	103.000	1321.000	1057.417	1059.919	1060.790	9,	1062.027,	nan	nan	9.000	1063.802	-321.000	428.000	-428.000	214.000	1.513	0.871	3.029	
17	2.000	1.000	104.000	1321.000	1066.849	1068.661	1070.434	8,	1071.397,	nan	nan	8.000	1073.446	-321.000	107.000	-107.000	321.000	0.828	1.773	2.174	
17	2.000	1.000	105.000	1321.000	1075.638	1077.310	1077.829	8,	1078.771,	nan	nan	8.000	1080.842	214.000	-428.000	321.000	-428.000	0.688	0.519	2.868	
17	2.000	1.000	106.000	1321.000	1083.725	1086.196	1087.284	8,	1087.688,	nan	nan	8.000	1090.302	-321.000	107.000	-107.000	214.000	1.484	1.088	2.707	
17	2.000	1.000	107.000	1321.000	1093.023	1095.157	1096.564	9,	1097.334,	nan	nan	9.000	1099.577	-107.000	107.000	-321.000	214.000	1.146	1.407	3.608	
17	2.000	1.000	108.000	1321.000	1103.199	1105.473	1106.074	9,	1107.721,	nan	nan	9.000	1109.091	-428.000	428.000	-321.000	321.000	1.286	0.601	3.492	
17	2.000	1.000	109.000	1321.000	1112.597	1115.233	1116.481	9,	1117.428,	nan	nan	9.000	1119.498	-428.000	321.000	-321.000	214.000	1.648	1.248	3.498	
17	2.000	1.000	110.000	1321.000	1123.011	1125.589	1127.222	8,	1127.807,	nan	nan	8.000	1130.239	-428.000	428.000	-107.000	321.000	1.590	1.633	2.817	
17	2.000	1.000	111.000	1321.000	1133.070	1134.843	1136.046	9,	1136.499,	nan	nan	9.000	1139.065	-214.000	428.000	-107.000	321.000	0.785	1.204	3.286	
17	2.000	1.000	112.000	1321.000	1142.366	1144.475	1145.930	9,	1146.569,	nan	nan	9.000	1148.948	-107.000	321.000	-321.000	428.000	1.122	1.455	3.826	
17	2.000	1.000	113.000	1321.000	1152.788	1154.927	1156.049	9,	1156.506,	nan	nan	9.000	1159.062	-214.000	321.000	-107.000	107.000	1.151	1.122	2.444	
17	2.000	1.000	114.000	1321.000	1161.521	1163.427	1164.293	8,	1164.757,	nan	nan	8.000	1167.306	-321.000	428.000	-107.000	214.000	0.920	0.867	2.752	
17	2.000	1.000	115.000	1321.000	1170.072	1172.568	1173.733	9,	1174.998,	nan	nan	9.000	1176.745	-107.000	321.000	-214.000	107.000	1.508	1.166	3.395	
17	2.000	1.000	116.000	1321.000	1180.157	1181.739	1182.499	9,	1183.106,	nan	nan	9.000	1185.512	-214.000	321.000	-321.000	214.000	0.596	0.760	2.907	
17	2.000	1.000	117.000	1321.000	1188.446	1191.136	1191.650	9,	1192.441,	nan	nan	9.000	1194.669	-321.000	428.000	-428.000	107.000	1.715	0.514	2.277	
17	2.000	1.000	118.000	1321.000	1196.959	1199.489	1201.103	8,	1201.288,	nan	nan	8.000	1204.115	214.000	107.000	321.000	107.000	1.542	1.614	2.367	
17	2.000	1.000	119.000	1321.000	1206.519	1209.050	1209.612	8,	1210.239,	nan	nan	8.000	1212.625	-428.000	107.000	-214.000	428.000	1.566	0.563	3.768	
17	2.000	1.000	120.000	1321.000	1216.409	1218.214	1219.934	9,	1220.987,	nan	nan	9.000	1222.952	-107.000	107.000	-428.000	321.000	0.818	1.720	2.502	
17	2.000	1.000	121.000	1321.000	1225.468	1228.263	1229.091	8,	1229.476,	nan	nan	8.000	1232.103	-321.000	107.000	-107.000	428.000	1.807	0.828	3.389	
17	2.000	1.000	122.000	1321.000	1235.507	1237.216	1238.564	8,	1238.870,	nan	nan	8.000	1241.582	-428.000	214.000	-107.000	107.000	0.722	1.349	2.585	
17	2.000	1.000	123.000	1321.000	1244.181	1246.832	1247.365	9,	1247.966,	nan	nan	9.000	1250.378	-214.000	214.000	-428.000	321.000	1.662	0.534	3.383	
17	2.000	1.000	124.000	1321.000	1253.775	1256.623	1258.613	9,	1259.007,	nan	nan	9.000	1261.631	-321.000	321.000	-428.000	214.000	1.860	1.990	2.251	
17	2.000	1.000	125.000	1321.000	1263.898	1266.797	1267.518	8,	1268.360,	nan	nan	8.000	1270.530	-107.000	214.000	-214.000	107.000	1.913	0.722	2.096	
17	2.000	1.000	126.000	1321.000	1272.643	1275.098	1276.639	8,	1277.653,	nan	nan	8.000	1279.652	-214.000	107.000	-321.000	428.000	1.469	1.542	2.148	
17	2.000	1.000	127.000	1321.000	1281.816	1283.688	1284.439	8,	1285.176,	nan	nan	8.000	1287.452	-428.000	107.000	-107.000	428.000	0.886	0.751	2.006	
17	2.000	1.000	128.000	1321.000	1289.523	1291.105	1293.008	8,	1293.771,	nan	nan	8.000	1296.020	-107.000	214.000	-214.000	428.000	0.645	1.904	2.232	
17	2.000	1.000	129.000	1321.000	1298.267	1299.855	1301.522	8,	1302.038,	nan	nan	8.000	1304.535	-428.000	321.000	-214.000	214.000	0.601	1.667	3.453	
17	2.000	1.000	130.000	1321.000	1308.007	1310.774	1312.108	nan	nan	nan	nan	nan	nan	-321.000	107.000	-214.000	428.000	1.783	1.334	2.328	
17	2.000	1.000	131.000	1321.000	1317.486	1319.211	1320.265	8,	1320.730,	nan	nan	8.000	1323.278	-321.000	107.000	-214.000	107.000	0.741	1.055	2.064	
17	2.000	1.000	132.000	1321.000	1325.356	1328.064	1329.615	8,	1330.456,	nan	nan	8.000	1332.629	-321.000	107.000	-214.000	321.000	1.720	1.551	2.225	
17	2.000	1.000	133.000	1321.000	1334.868	1337.267	1338.365	9,	1338.807,	nan	nan	9.000	1341.377	-214.000	214.000	-107.000	107.000	1.412	1.098	2.534	
17	2.000	1.000	134.000	1321.000	1343.926	1345.934	1346.525	8,	1347.041,	nan	nan	8.000	1349.543	-321.000	428.000	-214.000	214.000	1.021	0.592	2.977	
17	2.000	1.000	135.000	1321.000	1352.535	1355.200	1356.162	nan	nan	9.000	1359.191	nan	nan	-107.000	321.000	-321.000	214.000	1.677	0.963	2.508	
17	2.000	1.000	136.000	1321.000	1361.714	1363.611	1365.060	9,	1365.444,	nan	nan	9.000	1368.079	-214.000	321.000	-428.000	428.000	0.910	1.450	3.486	
17	2.000	1.000	137.000	1321.000	1371.581	1374.316	1374.825	9,	1376.605,	nan	nan	9.000	1377.842	-428.000	107.000	-321.000	214.000	1.749	0.510	2.045	
17	2.000	1.000	138.000	1321.000	1379.903	1381.582	1382.834	8,	1383.418,	nan	nan	8.000	1385.847	-321.000	321.000	-214.000	107.000	0.693	1.252	3.942	
17	2.000	1.000	139.000	1321.000	1389.817	1392.675	1394.202	8,	1394.257,	nan	nan	8.000	1397.220	-321.000	107.000	-428.000	321.000	1.884	1.527	3.916	
17	2.000	1.000	140.000	1321.000	1401.152	1402.890	1403.833	9,	1404.521,	nan	nan	9.000	1406.852	-321.000	321.000	-214.000	214.000	0.751	0.944	2.862	
17	2.000	1.000	141.000	1321.000	1409.727	1411.380	1412.612	8,	1412.820,	nan	nan	8.000	1415.625	-428.000	321.000	-107.000	428.000	0.664	1.233	3.576	
17	2.000	1.000	142.000	1321.000	1419.214	1421.826	1422.441	9,	1424.190,	nan	nan	9.000	1425.454	-214.000	321.000	-107.000	428.000	1.624	0.616	3.254	
17	2.000	1.000	143.000	1321.000	1428.723	1430.263	1431.838	8,	1432.730,	nan	nan	8.000	1434.851	-428.000	107.000	-321.000	428.000	0.553	1.576	3.621	
17	2.000	1.000	144.000	1321.000	1438.490	1441.402	1442.716	8,	1443.702,	nan	nan	8.000	1445.735	-321.000	-107.000	-214.000	-107.000	1.928	1.315	2.527	
17	2.000	1.000	145.000	1321.000	1448.280	1450.203	1452.096	8,	1452.534,	nan	nan	8.000	1455.109	-428.000	107.000	-321.000	321.000	0.939	1.894	3.678	
17	2.000	1.000	146.000	1321.000	1458.806	1460.352	1462.163	8,	1462.686,	nan	nan	8.000	1465.181	-107.000	107.000	-214.000	428.000	0.563	1.812	2.592	
17	2.000	1.000	147.000	1321.000	1467.788	1470.211	1471.178	9,	1471.442,	nan	nan	9.000	1474.191	-428.000	321.000	-107.000	214.000	1.436	0.968	2.122	
17	2.000	1.000	148.000	1321.000	1476.328	1478.249	1479.173	9,	1479.865,	nan	nan	9.000	1482.191	-107.000	321.000	-214.000	214.000	0.934	0.924	2.495	
17	2.000	1.000	149.000	1321.000	1484.701	1486.391	1487.291	8,	1487.595,	nan	nan	8.000	1490.303	-321.000	107.000	-428.000	428.000	0.703	0.900	3.260	
17	2.000	1.000	150.000	1321.000	1493.608	1495.987	1497.552	9,	1498.148,	nan	nan	9.000	1500.570	-214.000	321.000	-321.000	428.000	1.421	1.566	2.650	
17	2.000	1.000	151.000	1321.000	1503.238	1505.315	1506.688	8,	1506.856,	nan	nan	8.000	1509.705	-321.000	428.000	-214.000	321.000	1.093	1.373	2.630	
17	2.000	1.000	152.000	1321.000	1512.353	1514.213	1515.162	8,	1515.427,	nan	nan	8.000	1518.174	-107.000	107.000	-428.000	428.000	0.876	0.949	2.193	
17	2.000	1.000	153.000	1321.000	1520.386	1522.082	1522.851	8,	1523.305,	nan	nan	8.000	1525.870	-321.000	321.000	-107.000	428.000	0.712	0.770	3.183	
17	2.000	1.000	154.000	1321.000	1529.067	1531.419	1532.396	8,	1532.429,	nan	nan	8.000	1535.409	-428.000	214.000	-107.000	428.000	1.363	0.977	2.662	
17	2.000	1.000	155.000	1321.000	1538.085	1540.629	1541.259	9,	1542.287,	nan	nan	9.000	1544.279	-214.000	214.000	-321.000	107.000	1.556	0.630	3.685	
17	2.000	1.000	156.000	1321.000	1547.978	1550.421	1551.899	8,	1553.081,	nan	nan	8.000	1554.917	-107.000	107.000	-321.000	428.000	1.455	1.479	2.656	
17	2.000	2.000	157.000	1321.000	50.167	52.597	53.787	8,	54.267,	nan	nan	8.000	56.803	321.000	-214.000	428.000	-214.000	1.431	1.190	3.305	
17	2.000	2.000	158.000	1321.000	60.124	62.575	63.962	9,	64.888,	nan	nan	9.000	66.981	-107.000	214.000	-321.000	321.000	1.465	1.387	2.611	
17	2.000	2.000	159.000	1321.000	69.607	72.280	73.865	8,	74.489,	nan	nan	8.000	76.877	-321.000	428.000	-214.000	107.000	1.686	1.585	2.849	
17	2.000	2.000	160.000	1321.000	79.743	82.044	83.387	9,	83.955,	nan	nan	9.000	86.400	-107.000	428.000	-214.000	107.000	1.315	1.344	2.412	
17	2.000	2.000	161.000	1321.000	88.881	91.399	93.182	8,	93.617,	nan	nan	8.000	96.194	-107.000	214.000	-428.000	321.000	1.585	1.783	2.765	
17	2.000	2.000	162.000	1321.000	98.975	101.170	102.297	8,	104.104,	nan	nan	8.000	105.310	-321.000	321.000	-107.000	214.000	1.209	1.127	3.170	
17	2.000	2.000	163.000	1321.000	108.495	111.005	112.629	9,	112.939,	nan	nan	9.000	115.642	-107.000	321.000	-428.000	107.000	1.523	1.624	3.743	
17	2.000	2.000	164.000	1321.000	119.399	121.654	123.475	9,	124.665,	nan	nan	9.000	126.494	-214.000	107.000	-321.000	214.000	1.267	1.822	2.135	
17	2.000	2.000	165.000	1321.000	128.644	130.830	132.704	9,	133.201,	nan	nan	9.000	135.717	-214.000	428.000	-321.000	214.000	1.199	1.875	3.016	
17	2.000	2.000	166.000	1321.000	138.748	140.819	141.618	8,	141.648,	nan	nan	8.000	144.631	-214.000	214.000	-107.000	321.000	1.084	0.799	3.402	
17	2.000	2.000	167.000	1321.000	148.047	149.626	150.285	8,	150.568,	nan	nan	8.000	153.303	-428.000	428.000	-107.000	107.000	0.592	0.659	3.003	
17	2.000	2.000	168.000	1321.000	156.321	158.204	158.998	9,	159.890,	nan	nan	9.000	162.015	-107.000	428.000	-428.000	107.000	0.895	0.794	3.408	
17	2.000	2.000	169.000	1321.000	165.443	166.950	168.679	9,	169.737,	nan	nan	9.000	171.692	-321.000	214.000	-428.000	107.000	0.524	1.730	3.267	
17	2.000	2.000	170.000	1321.000	174.975	177.937	179.690	8,	179.989,	nan	nan	8.000	182.709	321.000	107.000	428.000	107.000	1.976	1.754	3.601	
17	2.000	2.000	171.000	1321.000	186.328	188.704	189.836	8,	190.407,	nan	nan	8.000	192.853	-321.000	214.000	-214.000	107.000	1.392	1.132	3.646	
17	2.000	2.000	172.000	1321.000	196.522	198.484	199.393	8,	201.240,	nan	nan	8.000	202.412	-428.000	428.000	-107.000	214.000	0.982	0.910	3.736	
17	2.000	2.000	173.000	1321.000	206.175	208.905	209.501	8,	211.012,	nan	nan	8.000	212.513	-428.000	321.000	-321.000	428.000	1.754	0.596	2.257	
17	2.000	2.000	174.000	1321.000	214.785	217.560	218.199	nan	nan	9.000	221.237	nan	nan	-214.000	214.000	-321.000	428.000	1.788	0.640	3.235	
17	2.000	2.000	175.000	1321.000	224.487	227.165	227.905	8,	228.856,	nan	nan	8.000	230.924	-321.000	214.000	-107.000	107.000	1.691	0.741	2.026	
17	2.000	2.000	176.000	1321.000	232.967	235.793	236.582	8,	236.892,	nan	nan	8.000	239.600	-428.000	214.000	-214.000	321.000	1.841	0.789	3.717	
17	2.000	2.000	177.000	1321.000	243.334	245.870	246.896	nan	nan	9.000	249.937	nan	nan	-214.000	107.000	-321.000	321.000	1.551	1.026	3.035	
17	2.000	2.000	178.000	1321.000	252.989	255.752	257.265	9,	257.588,	nan	nan	9.000	260.284	-214.000	428.000	-107.000	107.000	1.778	1.513	3.633	
17	2.000	2.000	179.000	1321.000	263.933	266.051	266.729	9,	267.753,	nan	nan	9.000	269.741	-107.000	321.000	-428.000	428.000	1.132	0.678	2.116	
17	2.000	2.000	180.000	1321.000	271.873	273.586	275.291	9,	275.718,	nan	nan	9.000	278.304	-214.000	428.000	-428.000	107.000	0.727	1.706	3.846	
17	2.000	2.000	181.000	1321.000	282.166	283.787	284.822	8,	286.632,	nan	nan	8.000	287.841	-428.000	428.000	-214.000	107.000	0.635	1.035	2.264	
17	2.000	2.000	182.000	1321.000	290.121	292.750	293.669	8,	294.171,	nan	nan	8.000	296.681	-321.000	321.000	-214.000	428.000	1.643	0.920	2.785	
17	2.000	2.000	183.000	1321.000	299.506	301.498	302.167	8,	303.144,	nan	nan	8.000	305.179	-214.000	321.000	-107.000	321.000	1.031	0.669	3.434	
17	2.000	2.000	184.000	1321.000	308.628	310.776	312.428	9,	312.821,	nan	nan	9.000	315.447	-107.000	428.000	-321.000	107.000	1.161	1.653	3.788	
17	2.000	2.000	185.000	1321.000	319.257	321.938	322.934	9,	323.488,	nan	nan	9.000	325.945	-428.000	428.000	-321.000	107.000	1.701	0.997	2.797	
17	2.000	2.000	186.000	1321.000	328.760	330.583	332.076	9,	332.103,	nan	nan	9.000	335.095	-428.000	214.000	-321.000	321.000	0.838	1.494	3.640	
17	2.000	2.000	187.000	1321.000	338.752	340.511	342.197	9,	342.537,	nan	nan	9.000	345.216	-214.000	214.000	-428.000	107.000	0.775	1.686	3.723	
17	2.000	2.000	188.000	1321.000	348.957	351.112	351.935	nan	nan	nan	nan	nan	nan	-107.000	214.000	-428.000	107.000	1.170	0.823	3.878	
17	2.000	2.000	189.000	1321.000	358.865	360.828	362.301	9,	362.598,	nan	nan	9.000	365.319	-107.000	428.000	-214.000	321.000	0.977	1.474	3.936	
17	2.000	2.000	190.000	1321.000	369.272	371.360	372.979	9,	373.481,	nan	nan	9.000	375.997	-214.000	428.000	-321.000	107.000	1.103	1.619	2.431	
17	2.000	2.000	191.000	1321.000	378.443	380.837	381.471	nan	nan	8.000	384.503	nan	nan	-321.000	321.000	-428.000	428.000	1.407	0.635	2.701	
17	2.000	2.000	192.000	1321.000	387.220	389.574	391.569	9,	392.028,	nan	nan	9.000	394.582	-214.000	428.000	-107.000	214.000	1.368	1.995	2.071	
17	2.000	2.000	193.000	1321.000	396.670	398.844	400.005	9,	400.057,	nan	nan	9.000	403.017	-428.000	321.000	-321.000	107.000	1.190	1.161	3.460	
17	2.000	2.000	194.000	1321.000	406.517	408.442	410.167	9,	410.658,	nan	nan	9.000	413.180	-214.000	214.000	-321.000	321.000	0.963	1.725	2.084	
17	2.000	2.000	195.000	1321.000	415.275	418.111	420.052	9,	420.410,	nan	nan	9.000	423.065	-107.000	428.000	-214.000	214.000	1.846	1.942	2.740	
17	2.000	2.000	196.000	1321.000	425.822	427.523	429.364	8,	429.691,	nan	nan	8.000	432.376	-214.000	-428.000	-107.000	-428.000	0.717	1.841	2.289	
17	2.000	2.000	197.000	1321.000	434.682	436.886	438.587	8,	438.839,	nan	nan	8.000	441.605	-214.000	214.000	-428.000	428.000	1.219	1.701	2.720	
17	2.000	2.000	198.000	1321.000	444.342	446.387	448.179	9,	448.909,	nan	nan	9.000	451.191	-214.000	107.000	-428.000	214.000	1.059	1.793	2.791	
17	2.000	2.000	199.000	1321.000	453.997	456.748	457.706	9,	458.654,	nan	nan	9.000	460.718	-428.000	214.000	-214.000	107.000	1.764	0.958	3.441	
17	2.000	2.000	200.000	1321.000	464.177	466.934	468.591	8,	469.010,	nan	nan	8.000	471.604	-214.000	214.000	-107.000	428.000	1.773	1.658	2.939	
17	2.000	2.000	201.000	1321.000	474.560	476.131	477.494	8,	478.039,	nan	nan	8.000	480.507	-428.000	214.000	-321.000	428.000	0.587	1.363	3.659	
17	2.000	2.000	202.000	1321.000	484.184	487.106	487.837	8,	488.226,	nan	nan	8.000	490.850	-214.000	107.000	-107.000	321.000	1.937	0.732	3.132	
17	2.000	2.000	203.000	1321.000	493.997	496.318	497.435	8,	497.934,	nan	nan	8.000	500.454	-321.000	214.000	-428.000	428.000	1.334	1.117	2.379	
17	2.000	2.000	204.000	1321.000	502.849	504.972	506.707	9,	507.655,	nan	nan	9.000	509.720	-428.000	321.000	-214.000	107.000	1.137	1.735	2.965	
17	2.000	2.000	205.000	1321.000	512.721	514.340	515.732	9,	516.796,	nan	nan	9.000	518.745	-214.000	107.000	-428.000	428.000	0.654	1.392	2.945	
17	2.000	2.000	206.000	1321.000	521.706	523.969	524.733	9,	525.735,	nan	nan	9.000	527.747	-107.000	428.000	-428.000	214.000	1.277	0.765	3.023	
17	2.000	2.000	207.000	1321.000	530.785	532.300	534.155	8,	534.492,	nan	nan	8.000	537.173	-214.000	107.000	-107.000	428.000	0.529	1.855	3.061	
17	2.000	2.000	208.000	1321.000	540.250	542.590	544.088	9,	544.447,	nan	nan	9.000	547.106	-107.000	107.000	-428.000	214.000	1.354	1.498	3.164	
17	2.000	2.000	209.000	1321.000	550.286	553.166	554.438	8,	554.558,	nan	nan	8.000	557.456	214.000	-214.000	428.000	-214.000	1.894	1.272	2.283	
17	2.000	2.000	210.000	1321.000	559.756	562.259	562.759	8,	563.326,	nan	nan	8.000	565.778	-428.000	428.000	-214.000	321.000	1.518	0.500	2.167	
17	2.000	2.000	211.000	1321.000	567.961	570.190	572.189	9,	573.093,	nan	nan	9.000	575.202	-428.000	107.000	-107.000	214.000	1.243	2.000	3.248	
17	2.000	2.000	212.000	1321.000	578.466	580.569	582.313	8,	582.692,	nan	nan	8.000	585.333	-107.000	107.000	-214.000	214.000	1.117	1.744	3.344	
17	2.000	2.000	213.000	1321.000	588.693	590.193	590.804	8,	591.954,	nan	nan	8.000	593.822	-321.000	107.000	-428.000	214.000	0.514	0.611	3.756	
17	2.000	2.000	214.000	1321.000	597.599	600.198	601.228	8,	601.608,	nan	nan	8.000	604.241	-107.000	214.000	-428.000	428.000	1.619	1.031	2.392	
17	2.000	2.000	215.000	1321.000	606.663	609.085	610.125	9,	610.997,	nan	nan	9.000	613.137	-428.000	428.000	-321.000	214.000	1.450	1.040	3.588	
17	2.000	2.000	216.000	1321.000	616.742	618.541	619.065	nan	nan	9.000	622.104	nan	nan	-107.000	321.000	-321.000	107.000	0.814	0.524	2.013	
17	2.000	2.000	217.000	1321.000	624.132	626.612	628.052	9,	628.476,	nan	nan	9.000	631.065	-107.000	428.000	-321.000	321.000	1.494	1.441	2.315	
17	2.000	2.000	218.000	1321.000	633.396	635.065	635.970	9,	636.361,	nan	nan	9.000	638.986	-214.000	428.000	-428.000	321.000	0.683	0.905	3.775	
17	2.000	2.000	219.000	1321.000	642.778	644.495	645.308	9,	645.401,	nan	nan	9.000	648.321	-214.000	428.000	-321.000	321.000	0.732	0.814	3.550	
17	2.000	2.000	220.000	1321.000	651.887	653.541	654.229	9,	654.511,	nan	nan	9.000	657.242	-321.000	428.000	-428.000	321.000	0.669	0.688	3.704	
17	2.000	2.000	221.000	1321.000	660.962	662.457	663.825	9,	664.202,	nan	nan	9.000	666.843	-107.000	428.000	-321.000	214.000	0.510	1.368	2.900	
17	2.000	2.000	222.000	1321.000	669.760	672.374	674.012	8,	674.199,	nan	nan	8.000	677.031	214.000	321.000	428.000	321.000	1.629	1.638	2.450	
17	2.000	2.000	223.000	1321.000	679.497	681.823	683.239	9,	684.887,	nan	nan	9.000	686.257	-214.000	107.000	-428.000	321.000	1.339	1.416	4.000	
17	2.000	2.000	224.000	1321.000	690.273	692.265	693.001	8,	693.399,	nan	nan	8.000	696.013	-428.000	214.000	-107.000	321.000	1.006	0.736	2.302	
17	2.000	2.000	225.000	1321.000	698.331	700.416	701.952	8,	702.153,	nan	nan	8.000	704.964	-321.000	214.000	-107.000	428.000	1.098	1.537	2.341	
17	2.000	2.000	226.000	1321.000	707.321	709.067	710.406	9,	710.605,	nan	nan	9.000	713.419	-428.000	428.000	-214.000	214.000	0.760	1.339	3.910	
17	2.000	2.000	227.000	1321.000	717.342	719.970	721.646	8,	721.859,	nan	nan	8.000	724.665	-321.000	214.000	-428.000	321.000	1.638	1.677	2.952	
17	2.000	2.000	228.000	1321.000	727.632	729.775	731.760	nan	nan	9.000	734.788	nan	nan	-107.000	214.000	-321.000	107.000	1.156	1.986	2.540	
17	2.000	2.000	229.000	1321.000	737.344	739.197	740.526	9,	741.090,	nan	nan	9.000	743.545	-214.000	321.000	-321.000	107.000	0.867	1.330	3.801	
17	2.000	2.000	230.000	1321.000	747.360	750.169	750.886	8,	751.666,	nan	nan	8.000	753.903	-107.000	214.000	-214.000	321.000	1.822	0.717	3.820	
17	2.000	2.000	231.000	1321.000	757.740	760.455	760.998	nan	nan	9.000	764.037	nan	nan	-214.000	428.000	-428.000	214.000	1.730	0.543	3.318	
17	2.000	2.000	232.000	1321.000	767.371	769.311	770.954	8,	771.451,	nan	nan	8.000	773.973	-321.000	214.000	-214.000	321.000	0.953	1.643	3.524	
17	2.000	2.000	233.000	1321.000	777.512	779.848	781.351	8,	781.634,	nan	nan	8.000	784.364	-321.000	214.000	-107.000	321.000	1.349	1.503	3.228	
17	2.000	2.000	234.000	1321.000	787.608	790.194	791.822	8,	792.233,	nan	nan	8.000	794.842	-107.000	321.000	-214.000	428.000	1.600	1.629	2.489	
17	2.000	2.000	235.000	1321.000	797.347	800.323	801.927	8,	802.473,	nan	nan	8.000	804.939	-321.000	214.000	-107.000	214.000	1.990	1.605	2.405	
17	2.000	2.000	236.000	1321.000	807.361	809.922	811.791	8,	812.288,	nan	nan	8.000	814.805	-428.000	107.000	-214.000	214.000	1.576	1.870	3.119	
17	2.000	2.000	237.000	1321.000	817.939	819.474	821.454	8,	822.056,	nan	nan	8.000	824.474	-428.000	107.000	-107.000	321.000	0.548	1.981	3.865	
17	2.000	2.000	238.000	1321.000	828.382	831.302	833.152	9,	833.647,	nan	nan	9.000	836.166	-107.000	321.000	-214.000	107.000	1.961	1.850	3.698	
17	2.000	2.000	239.000	1321.000	839.881	842.547	843.809	8,	845.373,	nan	nan	8.000	846.827	-321.000	107.000	-214.000	214.000	1.682	1.262	2.476	
17	2.000	2.000	240.000	1321.000	849.318	851.553	852.559	8,	853.381,	nan	nan	8.000	855.572	-321.000	321.000	-107.000	107.000	1.248	1.006	2.881	
17	2.000	2.000	241.000	1321.000	858.471	860.520	861.183	8,	862.692,	nan	nan	8.000	864.202	-214.000	321.000	-428.000	107.000	1.064	0.664	3.955	
17	2.000	2.000	242.000	1321.000	868.173	870.469	871.456	8,	872.490,	nan	nan	8.000	874.474	-321.000	107.000	-107.000	321.000	1.310	0.987	2.675	
17	2.000	2.000	243.000	1321.000	877.165	879.978	881.837	9,	882.441,	nan	nan	9.000	884.850	-428.000	321.000	-321.000	214.000	1.826	1.860	3.241	
17	2.000	2.000	244.000	1321.000	888.109	889.830	891.376	9,	891.977,	nan	nan	9.000	894.389	-107.000	107.000	-321.000	214.000	0.736	1.547	2.823	
17	2.000	2.000	245.000	1321.000	897.229	899.254	901.013	9,	901.443,	nan	nan	9.000	904.031	-321.000	428.000	-107.000	107.000	1.040	1.759	3.839	
17	2.000	2.000	246.000	1321.000	907.888	909.643	910.861	9,	912.654,	nan	nan	9.000	913.879	-321.000	107.000	-107.000	214.000	0.770	1.219	3.511	
17	2.000	2.000	247.000	1321.000	917.406	920.190	921.427	8,	921.519,	nan	nan	8.000	924.441	-428.000	428.000	-107.000	321.000	1.797	1.238	2.019	
17	2.000	2.000	248.000	1321.000	926.491	927.962	929.137	9,	930.791,	nan	nan	9.000	932.149	-321.000	-214.000	-107.000	-214.000	0.500	1.175	3.421	
17	2.000	2.000	249.000	1321.000	935.619	937.950	938.806	9,	939.598,	nan	nan	9.000	941.826	-214.000	321.000	-107.000	107.000	1.378	0.857	3.145	
17	2.000	2.000	250.000	1321.000	944.988	946.598	948.082	8,	949.438,	nan	nan	8.000	951.101	-428.000	107.000	-214.000	321.000	0.625	1.484	2.926	
17	2.000	2.000	251.000	1321.000	954.042	956.503	957.808	8,	957.960,	nan	nan	8.000	960.827	-428.000	321.000	-107.000	107.000	1.474	1.305	3.929	
17	2.000	2.000	252.000	1321.000	964.773	967.103	967.805	9,	968.410,	nan	nan	9.000	970.817	-321.000	428.000	-428.000	107.000	1.344	0.703	3.852	
17	2.000	2.000	253.000	1321.000	974.685	976.799	977.496	9,	977.662,	nan	nan	9.000	980.515	-214.000	107.000	-107.000	214.000	1.127	0.698	3.042	
17	2.000	2.000	254.000	1321.000	983.574	985.821	987.656	9,	987.846,	nan	nan	9.000	990.669	-107.000	321.000	-428.000	214.000	1.262	1.836	2.039	
17	2.000	2.000	255.000	1321.000	992.724	994.509	995.886	8,	995.944,	nan	nan	8.000	998.900	-428.000	321.000	-214.000	428.000	0.799	1.378	2.000	
17	2.000	2.000	256.000	1321.000	1000.917	1002.817	1003.885	9,	1004.424,	nan	nan	9.000	1006.898	-107.000	214.000	-321.000	428.000	0.915	1.069	3.833	
17	2.000	2.000	257.000	1321.000	1010.748	1013.714	1015.125	8,	1015.705,	nan	nan	8.000	1018.144	-321.000	214.000	-214.000	428.000	1.981	1.412	2.553	
17	2.000	2.000	258.000	1321.000	1020.717	1023.425	1024.648	9,	1025.364,	nan	nan	9.000	1027.660	-321.000	428.000	-107.000	214.000	1.725	1.223	3.968	
17	2.000	2.000	259.000	1321.000	1031.645	1034.625	1035.472	8,	1036.879,	nan	nan	8.000	1038.485	-428.000	214.000	-321.000	107.000	1.995	0.847	3.203	
17	2.000	2.000	260.000	1321.000	1041.725	1043.455	1044.032	8,	1044.748,	nan	nan	8.000	1047.049	-428.000	214.000	-214.000	428.000	0.765	0.577	2.836	
17	2.000	2.000	261.000	1321.000	1049.900	1052.183	1053.459	8,	1054.760,	nan	nan	8.000	1056.472	214.000	-428.000	321.000	-428.000	1.296	1.277	3.871	
17	2.000	2.000	262.000	1321.000	1060.360	1062.511	1063.956	9,	1064.612,	nan	nan	9.000	1066.969	-107.000	321.000	-321.000	428.000	1.166	1.445	2.244	
17	2.000	2.000	263.000	1321.000	1069.232	1071.231	1072.112	nan	nan	nan	nan	nan	nan	-107.000	428.000	-428.000	321.000	1.016	0.881	2.482	
17	2.000	2.000	264.000	1321.000	1077.656	1080.590	1082.050	9,	1082.376,	nan	nan	9.000	1085.062	-428.000	428.000	-321.000	321.000	1.952	1.460	2.090	
17	2.000	2.000	265.000	1321.000	1087.168	1090.140	1091.281	9,	1093.286,	nan	nan	9.000	1094.305	-214.000	321.000	-428.000	214.000	1.986	1.141	2.958	
17	2.000	2.000	266.000	1321.000	1097.282	1099.590	1100.523	nan	nan	nan	nan	nan	nan	-107.000	107.000	-321.000	321.000	1.325	0.934	2.161	
17	2.000	2.000	267.000	1321.000	1105.731	1107.622	1108.315	8,	1108.341,	nan	nan	8.000	1111.328	-214.000	428.000	-107.000	321.000	0.905	0.693	3.299	
17	2.000	2.000	268.000	1321.000	1114.644	1116.278	1118.167	9,	1118.483,	nan	nan	9.000	1121.187	-214.000	321.000	-321.000	214.000	0.650	1.889	3.158	
17	2.000	2.000	269.000	1321.000	1124.362	1126.198	1127.730	8,	1127.941,	nan	nan	8.000	1130.748	-107.000	107.000	-214.000	321.000	0.852	1.532	3.762	
17	2.000	2.000	270.000	1321.000	1134.529	1136.538	1137.105	9,	1138.162,	nan	nan	9.000	1140.124	-321.000	321.000	-428.000	107.000	1.026	0.568	3.730	
17	2.000	2.000	271.000	1321.000	1143.892	1145.968	1147.167	9,	1147.922,	nan	nan	9.000	1150.185	-214.000	321.000	-107.000	214.000	1.113	1.199	3.428	
17	2.000	2.000	272.000	1321.000	1153.634	1155.828	1156.878	8,	1158.696,	nan	nan	8.000	1159.890	-321.000	428.000	-428.000	214.000	1.214	1.050	3.814	
17	2.000	2.000	273.000	1321.000	1163.719	1165.693	1166.935	8,	1167.363,	nan	nan	8.000	1169.954	-321.000	428.000	-107.000	321.000	0.987	1.243	3.505	
17	2.000	2.000	274.000	1321.000	1173.475	1175.265	1176.561	8,	1176.658,	nan	nan	8.000	1179.573	214.000	428.000	321.000	428.000	0.804	1.296	2.058	
17	2.000	2.000	275.000	1321.000	1181.647	1184.435	1185.735	nan	nan	8.000	1188.771	nan	nan	-428.000	107.000	-321.000	321.000	1.802	1.301	2.733	
17	2.000	2.000	276.000	1321.000	1191.520	1193.933	1195.440	9,	1195.957,	nan	nan	9.000	1198.452	-107.000	214.000	-214.000	107.000	1.426	1.508	3.537	
17	2.000	2.000	277.000	1321.000	1202.008	1204.562	1205.289	9,	1206.496,	nan	nan	9.000	1208.301	-214.000	214.000	-321.000	107.000	1.571	0.727	2.521	
17	2.000	2.000	278.000	1321.000	1210.839	1212.439	1213.335	9,	1214.489,	nan	nan	9.000	1216.348	-321.000	321.000	-428.000	214.000	0.616	0.895	2.296	
17	2.000	2.000	279.000	1321.000	1218.660	1221.457	1221.962	nan	nan	nan	nan	nan	nan	-214.000	214.000	-428.000	321.000	1.812	0.505	2.746	
17	2.000	2.000	280.000	1321.000	1227.768	1229.894	1230.833	8,	1230.930,	nan	nan	8.000	1233.845	-428.000	107.000	-321.000	428.000	1.141	0.939	3.711	
17	2.000	2.000	281.000	1321.000	1237.572	1240.119	1241.791	9,	1242.284,	nan	nan	9.000	1244.803	-214.000	107.000	-321.000	428.000	1.561	1.672	3.080	
17	2.000	2.000	282.000	1321.000	1247.922	1249.708	1250.483	8,	1250.669,	nan	nan	8.000	1253.501	-428.000	214.000	-107.000	428.000	0.823	0.775	2.997	
17	2.000	2.000	283.000	1321.000	1256.514	1259.047	1260.106	8,	1260.321,	nan	nan	8.000	1263.119	-321.000	107.000	-107.000	428.000	1.547	1.059	3.981	
17	2.000	2.000	284.000	1321.000	1267.115	1269.773	1270.664	8,	1271.973,	nan	nan	8.000	1273.676	-428.000	107.000	-107.000	428.000	1.672	0.891	3.177	
17	2.000	2.000	285.000	1321.000	1276.868	1279.743	1281.714	8,	1282.135,	nan	nan	8.000	1284.732	-428.000	321.000	-107.000	428.000	1.889	1.971	2.624	
17	2.000	2.000	286.000	1321.000	1287.371	1289.017	1290.197	8,	1290.331,	nan	nan	8.000	1293.216	-214.000	321.000	-428.000	428.000	0.659	1.180	3.518	
17	2.000	2.000	287.000	1321.000	1296.753	1299.403	1300.872	8,	1301.388,	nan	nan	8.000	1303.890	-321.000	321.000	-214.000	321.000	1.667	1.469	2.875	
17	2.000	2.000	288.000	1321.000	1306.785	1309.671	1310.783	9,	1311.366,	nan	nan	9.000	1313.795	-214.000	321.000	-321.000	428.000	1.904	1.113	2.714	
17	2.000	2.000	289.000	1321.000	1316.525	1319.453	1321.332	8,	1321.633,	nan	nan	8.000	1324.346	-428.000	214.000	-107.000	107.000	1.942	1.879	3.196	
17	2.000	2.000	290.000	1321.000	1327.558	1330.071	1331.396	9,	1331.945,	nan	nan	9.000	1334.416	-107.000	321.000	-321.000	214.000	1.527	1.325	3.923	
17	2.000	2.000	291.000	1321.000	1338.354	1341.046	1342.241	8,	1342.800,	nan	nan	8.000	1345.259	-321.000	428.000	-214.000	321.000	1.706	1.195	3.672	
17	2.000	2.000	292.000	1321.000	1348.947	1351.798	1353.359	9,	1354.007,	nan	nan	9.000	1356.378	-107.000	321.000	-214.000	214.000	1.865	1.561	3.325	
17	2.000	2.000	293.000	1321.000	1359.741	1361.759	1362.987	8,	1363.526,	nan	nan	8.000	1366.000	-321.000	321.000	-107.000	428.000	1.055	1.228	3.293	
17	2.000	2.000	294.000	1321.000	1369.309	1370.935	1372.365	9,	1373.281,	nan	nan	9.000	1375.384	-214.000	214.000	-107.000	107.000	0.640	1.431	3.280	
17	2.000	2.000	295.000	1321.000	1378.680	1380.460	1382.387	9,	1382.812,	nan	nan	9.000	1385.406	-428.000	321.000	-107.000	214.000	0.794	1.928	3.749	
17	2.000	2.000	296.000	1321.000	1389.173	1391.381	1391.986	8,	1392.849,	nan	nan	8.000	1394.999	-321.000	321.000	-214.000	214.000	1.223	0.606	2.437	
17	2.000	2.000	297.000	1321.000	1397.453	1400.346	1401.357	8,	1401.524,	nan	nan	8.000	1404.370	-321.000	428.000	-214.000	214.000	1.908	1.011	2.643	
17	2.000	2.000	298.000	1321.000	1407.031	1409.210	1410.987	8,	1411.195,	nan	nan	8.000	1414.000	-428.000	107.000	-321.000	214.000	1.195	1.778	2.032	
17	2.000	2.000	299.000	1321.000	1416.050	1417.906	1419.225	8,	1419.724,	nan	nan	8.000	1422.244	-428.000	321.000	-214.000	214.000	0.871	1.320	2.141	
17	2.000	2.000	300.000	1321.000	1424.405	1427.262	1428.148	8,	1428.642,	nan	nan	8.000	1431.160	-321.000	-428.000	-214.000	-428.000	1.875	0.886	2.109	
17	2.000	2.000	301.000	1321.000	1433.293	1436.030	1436.906	8,	1438.153,	nan	nan	8.000	1439.918	-321.000	107.000	-428.000	428.000	1.759	0.876	3.415	
17	2.000	2.000	302.000	1321.000	1443.353	1445.915	1446.931	nan	nan	nan	nan	nan	nan	-107.000	107.000	-214.000	428.000	1.580	1.016	2.688	
17	2.000	2.000	303.000	1321.000	1452.660	1455.134	1455.779	8,	1456.496,	nan	nan	8.000	1458.792	-214.000	321.000	-107.000	428.000	1.489	0.645	3.113	
17	2.000	2.000	304.000	1321.000	1461.944	1463.715	1464.923	8,	1465.935,	nan	nan	8.000	1467.943	-321.000	321.000	-214.000	107.000	0.809	1.209	2.772	
17	2.000	2.000	305.000	1321.000	1470.730	1472.921	1474.028	8,	1474.126,	nan	nan	8.000	1477.040	-107.000	107.000	-321.000	428.000	1.204	1.108	2.219	
17	2.000	2.000	306.000	1321.000	1479.274	1481.369	1482.891	8,	1483.842,	nan	nan	8.000	1485.910	-107.000	107.000	-428.000	428.000	1.108	1.523	2.154	
17	2.000	2.000	307.000	1321.000	1488.084	1490.468	1491.440	8,	1492.999,	nan	nan	8.000	1494.458	-321.000	107.000	-214.000	428.000	1.402	0.973	3.370	
17	2.000	2.000	308.000	1321.000	1497.844	1500.058	1501.209	8,	1501.765,	nan	nan	8.000	1504.222	-107.000	107.000	-428.000	321.000	1.228	1.151	3.563	
17	2.000	2.000	309.000	1321.000	1507.801	1510.396	1511.798	8,	1512.088,	nan	nan	8.000	1514.816	-321.000	107.000	-428.000	321.000	1.609	1.402	2.894	
17	2.000	2.000	310.000	1321.000	1517.726	1520.172	1520.927	nan	nan	8.000	1523.956	nan	nan	-107.000	214.000	-214.000	428.000	1.460	0.756	3.048	
17	2.000	2.000	311.000	1321.000	1527.038	1529.799	1531.682	8,	1532.464,	nan	nan	8.000	1534.696	-321.000	107.000	-214.000	321.000	1.793	1.884	2.238	
17	2.000	2.000	312.000	1321.000	1536.953	1539.434	1540.117	8,	1540.738,	nan	nan	8.000	1543.129	-428.000	107.000	-214.000	428.000	1.498	0.683	3.994	
