subjID	session	Block	trialCount	earnings	Gam1Onset	Gam2Onset	FBOnset	KPs	RT	KPlate	RTlate	KP_Final	SLOnset	Gam1_1	Gam1_2	Gam2_1	Gam2_2	jit1	jit2	jit3	
18	2.000	1.000	1.000	1321.000	89.433	91.463	93.405	8,	93.469,	nan	nan	8.000	96.421	321.000	-321.000	428.000	-321.000	1.031	1.942	3.659	
18	2.000	1.000	2.000	1321.000	100.091	101.992	103.900	9,	104.497,	nan	nan	9.000	106.919	-107.000	428.000	-214.000	107.000	0.910	1.908	2.379	
18	2.000	1.000	3.000	1321.000	109.308	112.016	113.075	9,	113.462,	nan	nan	9.000	116.088	-321.000	428.000	-214.000	107.000	1.715	1.059	2.457	
18	2.000	1.000	4.000	1321.000	118.554	121.537	123.435	9,	123.914,	nan	nan	9.000	126.449	-107.000	214.000	-321.000	321.000	1.990	1.899	3.273	
18	2.000	1.000	5.000	1321.000	129.732	131.629	133.422	9,9,	133.505,134.344,	nan	nan	9.000	136.439	-214.000	428.000	-321.000	214.000	0.905	1.793	2.212	
18	2.000	1.000	6.000	1321.000	138.661	140.771	141.371	9,	142.054,	nan	nan	9.000	144.388	-214.000	214.000	-321.000	321.000	1.117	0.601	3.344	
18	2.000	1.000	7.000	1321.000	147.742	150.489	151.451	9,	152.213,	nan	nan	9.000	154.468	-214.000	428.000	-321.000	107.000	1.754	0.963	2.952	
18	2.000	1.000	8.000	1321.000	157.430	160.330	161.862	9,	162.311,	nan	nan	9.000	164.880	-214.000	214.000	-428.000	107.000	1.908	1.532	2.804	
18	2.000	1.000	9.000	1321.000	167.694	169.302	170.997	9,	171.197,	nan	nan	9.000	174.010	-321.000	214.000	-428.000	107.000	0.616	1.696	2.894	
18	2.000	1.000	10.000	1321.000	176.914	178.623	180.053	8,	180.313,	nan	nan	8.000	183.066	-214.000	214.000	-107.000	321.000	0.717	1.431	3.235	
18	2.000	1.000	11.000	1321.000	186.311	188.088	188.944	8,	189.099,	nan	nan	8.000	191.956	-428.000	428.000	-107.000	214.000	0.785	0.857	2.881	
18	2.000	1.000	12.000	1321.000	194.854	196.966	198.257	9,	198.569,	nan	nan	9.000	201.270	-107.000	321.000	-428.000	107.000	1.127	1.291	3.833	
18	2.000	1.000	13.000	1321.000	205.120	207.203	207.924	9,	208.558,	nan	nan	9.000	210.943	-214.000	107.000	-321.000	214.000	1.098	0.722	3.068	
18	2.000	1.000	14.000	1321.000	214.027	216.222	217.951	8,	218.141,	nan	nan	8.000	220.970	321.000	214.000	428.000	214.000	1.209	1.730	3.518	
18	2.000	1.000	15.000	1321.000	224.502	226.727	227.931	9,9,	227.951,228.855,	nan	nan	9.000	230.950	-214.000	428.000	-107.000	107.000	1.238	1.204	2.527	
18	2.000	1.000	16.000	1321.000	233.491	235.153	235.734	8,8,9,9,	236.250,236.954,237.419,237.685,	nan	nan	9.000	238.746	-214.000	107.000	-321.000	321.000	0.674	0.582	3.633	
18	2.000	1.000	17.000	1321.000	242.396	244.330	245.013	9,	245.593,	nan	nan	9.000	248.030	-107.000	428.000	-214.000	214.000	0.949	0.683	3.093	
18	2.000	1.000	18.000	1321.000	251.138	252.664	254.181	9,9,	254.233,254.802,	nan	nan	9.000	257.198	-107.000	214.000	-428.000	107.000	0.539	1.518	3.936	
18	2.000	1.000	19.000	1321.000	261.152	263.485	265.055	9,	265.465,	nan	nan	9.000	268.068	-107.000	321.000	-428.000	428.000	1.349	1.571	3.158	
18	2.000	1.000	20.000	1321.000	271.246	273.470	274.062	8,8,8,	274.303,274.768,275.777,	8.000	277.078	8.000	277.078	-321.000	321.000	-214.000	428.000	1.243	0.592	2.064	
18	2.000	1.000	21.000	1321.000	279.159	281.740	283.276	9,	283.596,	nan	nan	9.000	286.294	-107.000	428.000	-321.000	107.000	1.595	1.537	2.109	
18	2.000	1.000	22.000	1321.000	288.421	290.489	291.519	8,8,	291.841,292.554,	nan	nan	8.000	294.531	-428.000	214.000	-321.000	321.000	1.084	1.031	2.862	
18	2.000	1.000	23.000	1321.000	297.407	299.291	300.784	8,	301.215,	nan	nan	8.000	303.801	-428.000	428.000	-214.000	107.000	0.895	1.494	3.723	
18	2.000	1.000	24.000	1321.000	307.548	309.783	311.026	9,	311.135,	nan	nan	9.000	314.043	-214.000	428.000	-428.000	107.000	1.257	1.243	2.129	
18	2.000	1.000	25.000	1321.000	316.190	318.503	320.054	8,	320.333,	nan	nan	8.000	323.068	-321.000	214.000	-214.000	107.000	1.330	1.551	2.251	
18	2.000	1.000	26.000	1321.000	325.335	328.109	328.767	8,	329.048,	nan	nan	8.000	331.784	-428.000	428.000	-107.000	107.000	1.788	0.659	3.325	
18	2.000	1.000	27.000	1321.000	335.123	336.852	337.805	9,8,8,8,	338.069,338.693,339.051,339.350,	nan	nan	8.000	340.822	-214.000	214.000	-107.000	214.000	0.741	0.953	3.215	
18	2.000	1.000	28.000	1321.000	344.058	346.428	347.491	9,	348.188,	nan	nan	9.000	350.510	-321.000	321.000	-107.000	214.000	1.387	1.064	2.463	
18	2.000	1.000	29.000	1321.000	352.987	355.748	356.942	9,	357.475,	nan	nan	9.000	359.955	-321.000	321.000	-428.000	428.000	1.773	1.195	3.170	
18	2.000	1.000	30.000	1321.000	363.142	365.317	366.033	9,	366.359,	nan	nan	9.000	369.045	-107.000	428.000	-428.000	107.000	1.190	0.717	2.180	
18	2.000	1.000	31.000	1321.000	371.241	372.896	373.434	9,	373.467,	nan	nan	9.000	376.447	-214.000	428.000	-107.000	214.000	0.669	0.539	2.521	
18	2.000	1.000	32.000	1321.000	378.988	380.634	382.407	8,9,9,8,	382.434,383.179,383.584,383.872,	nan	nan	8.000	385.420	-428.000	321.000	-321.000	107.000	0.664	1.773	2.759	
18	2.000	1.000	33.000	1321.000	388.202	389.777	391.063	8,	391.426,	nan	nan	8.000	394.076	-428.000	321.000	-321.000	428.000	0.596	1.286	3.350	
18	2.000	1.000	34.000	1321.000	397.443	399.483	400.581	8,8,	400.811,402.156,	nan	nan	8.000	403.598	-214.000	214.000	-321.000	428.000	1.055	1.098	3.981	
18	2.000	1.000	35.000	1321.000	407.594	409.563	411.413	9,	411.599,	nan	nan	9.000	414.431	-107.000	214.000	-428.000	321.000	0.982	1.850	3.357	
18	2.000	1.000	36.000	1321.000	417.817	419.946	421.502	9,	421.586,	nan	nan	9.000	424.520	-107.000	428.000	-214.000	321.000	1.156	1.556	2.399	
18	2.000	1.000	37.000	1321.000	426.935	429.690	430.402	9,	430.448,	nan	nan	9.000	433.414	-428.000	428.000	-321.000	107.000	1.768	0.712	2.772	
18	2.000	1.000	38.000	1321.000	436.201	439.110	441.071	8,	441.324,	nan	nan	8.000	444.090	-321.000	214.000	-107.000	107.000	1.923	1.961	2.598	
18	2.000	1.000	39.000	1321.000	446.703	448.397	450.156	8,	450.406,	nan	nan	8.000	453.169	-428.000	214.000	-214.000	321.000	0.707	1.759	3.736	
18	2.000	1.000	40.000	1321.000	456.920	458.846	460.122	8,8,	460.575,461.963,	8.000	463.139	8.000	463.139	-214.000	-428.000	-107.000	-428.000	0.939	1.277	3.839	
18	2.000	1.000	41.000	1321.000	467.000	468.847	469.742	9,9,9,	470.255,470.766,471.095,	nan	nan	9.000	472.759	-428.000	428.000	-214.000	321.000	0.867	0.895	3.717	
18	2.000	1.000	42.000	1321.000	476.493	478.041	478.743	8,	478.825,	nan	nan	8.000	481.759	-321.000	214.000	-107.000	428.000	0.563	0.703	3.055	
18	2.000	1.000	43.000	1321.000	484.830	486.548	487.901	9,	488.240,	nan	nan	9.000	490.919	-107.000	428.000	-428.000	214.000	0.732	1.354	2.624	
18	2.000	1.000	44.000	1321.000	493.558	495.368	497.314	9,	497.334,	nan	nan	9.000	500.328	-321.000	428.000	-428.000	321.000	0.823	1.947	3.003	
18	2.000	1.000	45.000	1321.000	503.349	505.735	506.567	9,	506.820,	nan	nan	9.000	509.584	-107.000	428.000	-321.000	214.000	1.402	0.833	2.424	
18	2.000	1.000	46.000	1321.000	512.029	513.598	514.917	9,	515.023,	nan	nan	9.000	517.929	-214.000	321.000	-321.000	107.000	0.587	1.320	3.994	
18	2.000	1.000	47.000	1321.000	521.943	524.858	526.119	8,	526.279,	nan	nan	8.000	529.132	-321.000	214.000	-428.000	428.000	1.932	1.262	3.614	
18	2.000	1.000	48.000	1321.000	532.773	534.601	535.443	9,	535.577,	nan	nan	9.000	538.461	-214.000	428.000	-428.000	321.000	0.852	0.842	2.032	
18	2.000	1.000	49.000	1321.000	540.510	543.201	544.255	8,	544.417,	nan	nan	8.000	547.268	-214.000	107.000	-107.000	428.000	1.706	1.055	2.540	
18	2.000	1.000	50.000	1321.000	549.824	552.738	554.549	9,	554.849,	nan	nan	9.000	557.568	-107.000	107.000	-428.000	214.000	1.928	1.812	3.820	
18	2.000	1.000	51.000	1321.000	561.404	563.179	564.046	8,	564.256,	nan	nan	8.000	567.062	-428.000	107.000	-107.000	214.000	0.789	0.867	3.164	
18	2.000	1.000	52.000	1321.000	570.242	572.404	573.632	8,	573.651,	nan	nan	8.000	576.650	-428.000	214.000	-321.000	428.000	1.175	1.228	3.312	
18	2.000	1.000	53.000	1321.000	579.984	581.773	582.909	8,	583.081,	nan	nan	8.000	585.928	214.000	-214.000	428.000	-214.000	0.809	1.137	2.733	
18	2.000	1.000	54.000	1321.000	588.684	591.548	592.853	9,	593.021,	nan	nan	9.000	595.865	-214.000	107.000	-428.000	214.000	1.884	1.305	3.627	
18	2.000	1.000	55.000	1321.000	599.507	602.157	603.718	8,	603.870,	nan	nan	8.000	606.736	-214.000	107.000	-107.000	321.000	1.662	1.561	2.405	
18	2.000	1.000	56.000	1321.000	609.156	611.675	612.368	8,	612.991,	nan	nan	8.000	615.385	-428.000	321.000	-214.000	107.000	1.532	0.693	2.675	
18	2.000	1.000	57.000	1321.000	618.076	620.416	621.215	9,	622.453,	nan	nan	9.000	624.228	-321.000	107.000	-428.000	214.000	1.354	0.799	3.486	
18	2.000	1.000	58.000	1321.000	627.730	629.693	631.427	9,	631.819,	nan	nan	9.000	634.446	-214.000	428.000	-321.000	321.000	0.977	1.735	2.116	
18	2.000	1.000	59.000	1321.000	636.580	639.202	640.502	8,	640.604,	nan	nan	8.000	643.514	-428.000	214.000	-214.000	107.000	1.638	1.301	2.727	
18	2.000	1.000	60.000	1321.000	646.261	648.543	650.350	8,	650.437,	nan	nan	8.000	653.368	-107.000	107.000	-214.000	214.000	1.301	1.807	3.678	
18	2.000	1.000	61.000	1321.000	657.072	659.195	659.699	9,	660.652,	nan	nan	9.000	662.718	-107.000	428.000	-321.000	321.000	1.146	0.505	2.701	
18	2.000	1.000	62.000	1321.000	665.436	667.761	668.882	8,	669.100,	nan	nan	8.000	671.895	-214.000	214.000	-107.000	428.000	1.339	1.122	2.135	
18	2.000	1.000	63.000	1321.000	674.042	676.164	676.871	8,8,	677.020,678.774,	nan	nan	8.000	679.884	-107.000	321.000	-214.000	428.000	1.132	0.707	2.688	
18	2.000	1.000	64.000	1321.000	682.590	684.884	686.811	8,	687.165,	nan	nan	8.000	689.829	-214.000	107.000	-428.000	428.000	1.310	1.928	2.257	
18	2.000	1.000	65.000	1321.000	692.103	693.729	695.584	9,	695.691,	nan	nan	9.000	698.597	-107.000	214.000	-321.000	107.000	0.640	1.855	3.280	
18	2.000	1.000	66.000	1321.000	701.965	703.456	704.804	8,	704.891,	nan	nan	8.000	707.817	214.000	321.000	428.000	321.000	0.577	1.349	3.460	
18	2.000	1.000	67.000	1321.000	711.292	713.594	714.591	9,	714.919,	nan	nan	9.000	717.608	-214.000	107.000	-428.000	321.000	1.315	0.997	2.977	
18	2.000	1.000	68.000	1321.000	720.603	722.681	723.663	8,8,8,	723.888,724.242,724.610,	nan	nan	8.000	726.680	-321.000	214.000	-107.000	321.000	1.093	0.982	2.547	
18	2.000	1.000	69.000	1321.000	729.242	730.950	732.791	9,	733.499,	nan	nan	9.000	735.809	-214.000	428.000	-428.000	214.000	0.722	1.841	2.572	
18	2.000	1.000	70.000	1321.000	738.397	740.139	741.449	9,	741.790,	nan	nan	9.000	744.462	-428.000	428.000	-321.000	214.000	0.756	1.310	4.000	
18	2.000	1.000	71.000	1321.000	748.477	749.974	750.517	8,	750.858,	nan	nan	8.000	753.529	-321.000	214.000	-214.000	321.000	0.510	0.543	3.190	
18	2.000	1.000	72.000	1321.000	756.740	758.809	760.225	9,	760.422,	nan	nan	9.000	763.243	-428.000	428.000	-214.000	214.000	1.088	1.416	3.395	
18	2.000	1.000	73.000	1321.000	766.654	769.100	771.071	9,	771.286,	nan	nan	9.000	774.083	-107.000	321.000	-321.000	107.000	1.460	1.971	3.222	
18	2.000	1.000	74.000	1321.000	777.322	779.786	781.497	8,	781.617,	nan	nan	8.000	784.516	-107.000	214.000	-214.000	321.000	1.479	1.711	2.585	
18	2.000	1.000	75.000	1321.000	787.116	788.710	790.217	8,	790.831,	nan	nan	8.000	793.230	-214.000	214.000	-428.000	428.000	0.606	1.508	2.264	
18	2.000	1.000	76.000	1321.000	795.510	798.331	799.521	8,	799.985,	nan	nan	8.000	802.533	-107.000	214.000	-428.000	428.000	1.836	1.190	2.720	
18	2.000	1.000	77.000	1321.000	805.274	807.291	809.165	8,8,8,	809.300,809.918,810.883,	8.000	812.183	8.000	812.183	-321.000	214.000	-428.000	321.000	1.035	1.875	2.309	
18	2.000	1.000	78.000	1321.000	814.560	816.047	817.497	8,8,	817.881,818.473,	nan	nan	8.000	820.509	-428.000	214.000	-107.000	321.000	0.553	1.450	3.704	
18	2.000	1.000	79.000	1321.000	824.237	825.740	826.592	8,8,	826.815,827.290,	nan	nan	8.000	829.609	-321.000	214.000	-107.000	214.000	0.524	0.852	3.498	
18	2.000	1.000	80.000	1321.000	833.133	835.034	835.944	8,	836.167,	nan	nan	8.000	838.962	-428.000	428.000	-107.000	321.000	0.924	0.910	3.453	
18	2.000	1.000	81.000	1321.000	842.434	844.038	845.082	9,	845.293,	nan	nan	9.000	848.095	-214.000	321.000	-428.000	107.000	0.621	1.045	3.267	
18	2.000	1.000	82.000	1321.000	851.376	852.999	854.125	9,	854.302,	nan	nan	9.000	857.143	-321.000	428.000	-107.000	321.000	0.635	1.127	2.013	
18	2.000	1.000	83.000	1321.000	859.201	861.565	863.521	9,	863.816,	nan	nan	9.000	866.534	-107.000	321.000	-214.000	107.000	1.407	1.957	3.376	
18	2.000	1.000	84.000	1321.000	869.928	872.656	873.744	8,	874.141,	nan	nan	8.000	876.761	-107.000	107.000	-321.000	321.000	1.744	1.088	2.592	
18	2.000	1.000	85.000	1321.000	879.375	881.636	882.324	9,	882.871,	nan	nan	9.000	885.336	-321.000	428.000	-428.000	214.000	1.281	0.688	2.270	
18	2.000	1.000	86.000	1321.000	887.624	889.422	890.365	9,	890.746,	nan	nan	9.000	893.378	-321.000	321.000	-428.000	107.000	0.814	0.944	2.887	
18	2.000	1.000	87.000	1321.000	896.282	898.713	900.375	9,	900.744,	nan	nan	9.000	903.388	-428.000	321.000	-321.000	214.000	1.445	1.662	2.990	
18	2.000	1.000	88.000	1321.000	906.393	908.502	910.319	9,	910.746,	nan	nan	9.000	913.338	-214.000	321.000	-107.000	214.000	1.122	1.817	3.949	
18	2.000	1.000	89.000	1321.000	917.303	919.859	920.373	9,	920.542,	nan	nan	9.000	923.390	-214.000	321.000	-428.000	214.000	1.571	0.514	2.617	
18	2.000	1.000	90.000	1321.000	926.023	928.903	929.982	8,	930.159,	nan	nan	8.000	932.993	-107.000	321.000	-321.000	428.000	1.894	1.079	2.714	
18	2.000	1.000	91.000	1321.000	935.724	938.690	939.759	8,	939.814,	nan	nan	8.000	942.771	-428.000	321.000	-214.000	428.000	1.981	1.069	3.543	
18	2.000	1.000	92.000	1321.000	946.338	948.540	949.681	8,	949.817,	nan	nan	8.000	952.694	-321.000	-214.000	-107.000	-214.000	1.223	1.141	3.318	
18	2.000	1.000	93.000	1321.000	956.030	959.015	959.779	8,	959.897,	nan	nan	8.000	962.799	-321.000	214.000	-214.000	428.000	2.000	0.765	2.367	
18	2.000	1.000	94.000	1321.000	965.183	967.044	968.498	8,	969.032,	nan	nan	8.000	971.511	-107.000	107.000	-214.000	321.000	0.876	1.455	2.958	
18	2.000	1.000	95.000	1321.000	974.515	976.743	978.391	8,	978.765,	nan	nan	8.000	981.409	-428.000	214.000	-321.000	107.000	1.272	1.648	2.045	
18	2.000	1.000	96.000	1321.000	983.496	985.506	986.015	9,	986.227,	nan	nan	9.000	989.028	-214.000	321.000	-107.000	107.000	1.050	0.510	3.859	
18	2.000	1.000	97.000	1321.000	992.904	995.599	996.996	9,	997.414,	nan	nan	9.000	1000.014	-214.000	321.000	-321.000	214.000	1.711	1.397	2.341	
18	2.000	1.000	98.000	1321.000	1002.391	1005.024	1006.801	8,	1007.103,	nan	nan	8.000	1009.814	-321.000	107.000	-107.000	321.000	1.667	1.778	3.550	
18	2.000	1.000	99.000	1321.000	1013.381	1015.020	1017.020	9,	1017.205,	nan	nan	9.000	1020.038	-321.000	321.000	-107.000	107.000	0.654	2.000	3.640	
18	2.000	1.000	100.000	1321.000	1023.696	1026.632	1027.788	8,8,	1028.655,1029.650,	8.000	1030.805	8.000	1030.805	-428.000	321.000	-107.000	107.000	1.952	1.156	3.183	
18	2.000	1.000	101.000	1321.000	1034.009	1036.546	1037.427	9,	1038.037,	nan	nan	9.000	1040.444	-107.000	321.000	-428.000	214.000	1.556	0.881	2.090	
18	2.000	1.000	102.000	1321.000	1042.550	1045.006	1046.373	9,	1046.540,	nan	nan	9.000	1049.386	-107.000	428.000	-428.000	321.000	1.469	1.368	2.875	
18	2.000	1.000	103.000	1321.000	1052.280	1054.341	1056.129	9,	1056.507,	nan	nan	9.000	1059.142	-107.000	107.000	-321.000	214.000	1.079	1.788	3.942	
18	2.000	1.000	104.000	1321.000	1063.102	1065.604	1066.591	8,	1067.250,	nan	nan	8.000	1069.609	-107.000	214.000	-321.000	428.000	1.518	0.987	2.392	
18	2.000	1.000	105.000	1321.000	1072.017	1074.729	1076.063	8,	1076.496,	nan	nan	8.000	1079.075	214.000	-321.000	321.000	-321.000	1.725	1.334	2.199	
18	2.000	1.000	106.000	1321.000	1081.290	1083.384	1085.008	8,	1085.410,	nan	nan	8.000	1088.021	-321.000	107.000	-107.000	214.000	1.108	1.624	2.502	
18	2.000	1.000	107.000	1321.000	1090.539	1093.105	1094.024	8,	1094.427,	nan	nan	8.000	1097.042	-214.000	107.000	-107.000	214.000	1.580	0.920	3.286	
18	2.000	1.000	108.000	1321.000	1100.344	1102.558	1103.289	8,	1103.434,	nan	nan	8.000	1106.306	-428.000	107.000	-214.000	321.000	1.228	0.732	3.730	
18	2.000	1.000	109.000	1321.000	1110.059	1112.580	1113.176	9,	1113.340,	nan	nan	9.000	1116.188	-321.000	428.000	-107.000	214.000	1.542	0.596	3.402	
18	2.000	1.000	110.000	1321.000	1119.610	1122.327	1123.145	9,	1123.660,	nan	nan	9.000	1126.157	-428.000	428.000	-321.000	321.000	1.735	0.818	3.788	
18	2.000	1.000	111.000	1321.000	1129.961	1132.933	1134.421	9,9,	1134.816,1135.921,	nan	nan	9.000	1137.439	-321.000	428.000	-428.000	107.000	1.986	1.489	3.479	
18	2.000	1.000	112.000	1321.000	1140.934	1143.134	1144.545	8,8,	1144.875,1145.414,	nan	nan	8.000	1147.556	-428.000	214.000	-214.000	428.000	1.214	1.412	2.939	
18	2.000	1.000	113.000	1321.000	1150.547	1153.468	1154.040	9,9,	1154.195,1155.103,	nan	nan	9.000	1157.058	-321.000	428.000	-107.000	107.000	1.971	0.572	2.965	
18	2.000	1.000	114.000	1321.000	1160.039	1161.582	1163.220	8,	1163.389,	nan	nan	8.000	1166.239	-428.000	107.000	-107.000	321.000	0.558	1.638	3.305	
18	2.000	1.000	115.000	1321.000	1169.561	1171.157	1172.540	9,9,	1172.584,1173.536,	nan	nan	9.000	1175.552	-214.000	428.000	-107.000	321.000	0.611	1.383	3.434	
18	2.000	1.000	116.000	1321.000	1179.003	1181.351	1182.955	8,8,	1184.055,1184.456,	nan	nan	8.000	1185.973	-321.000	107.000	-214.000	214.000	1.363	1.605	3.768	
18	2.000	1.000	117.000	1321.000	1189.757	1191.369	1192.539	8,	1192.698,	nan	nan	8.000	1195.557	-428.000	107.000	-214.000	214.000	0.625	1.170	3.653	
18	2.000	1.000	118.000	1321.000	1199.226	1201.131	1202.552	8,	1203.031,	nan	nan	8.000	1205.570	214.000	107.000	321.000	107.000	0.920	1.421	3.923	
18	2.000	1.000	119.000	1321.000	1209.509	1211.376	1213.043	9,	1213.555,	nan	nan	9.000	1216.056	-428.000	321.000	-214.000	214.000	0.881	1.667	3.132	
18	2.000	1.000	120.000	1321.000	1219.206	1220.719	1222.111	9,	1222.617,	nan	nan	9.000	1225.124	-107.000	321.000	-321.000	214.000	0.529	1.392	2.656	
18	2.000	1.000	121.000	1321.000	1227.796	1230.594	1231.995	8,	1232.371,	nan	nan	8.000	1235.007	-428.000	107.000	-107.000	428.000	1.812	1.402	2.334	
18	2.000	1.000	122.000	1321.000	1237.372	1239.278	1240.250	9,	1240.800,	nan	nan	9.000	1243.263	-107.000	214.000	-214.000	107.000	0.934	0.973	2.514	
18	2.000	1.000	123.000	1321.000	1245.794	1247.670	1248.416	8,	1248.683,	nan	nan	8.000	1251.428	-428.000	107.000	-321.000	428.000	0.891	0.746	2.238	
18	2.000	1.000	124.000	1321.000	1253.695	1256.273	1258.022	9,	1258.449,	nan	nan	9.000	1261.035	-321.000	428.000	-214.000	321.000	1.605	1.749	2.077	
18	2.000	1.000	125.000	1321.000	1263.128	1265.550	1266.570	8,	1266.825,	nan	nan	8.000	1269.583	-321.000	107.000	-214.000	428.000	1.436	1.021	2.096	
18	2.000	1.000	126.000	1321.000	1271.693	1274.156	1275.741	9,9,	1275.772,1276.248,	nan	nan	9.000	1278.753	-321.000	428.000	-214.000	214.000	1.474	1.585	2.174	
18	2.000	1.000	127.000	1321.000	1280.946	1283.349	1284.274	9,	1284.555,	nan	nan	9.000	1287.291	-214.000	214.000	-428.000	321.000	1.421	0.924	3.685	
18	2.000	1.000	128.000	1321.000	1290.995	1293.119	1295.114	8,8,8,	1296.147,1296.664,1297.010,	nan	nan	8.000	1298.127	-321.000	107.000	-428.000	321.000	1.141	1.995	3.884	
18	2.000	1.000	129.000	1321.000	1302.032	1304.686	1306.357	8,	1306.559,	nan	nan	8.000	1309.375	-321.000	107.000	-428.000	428.000	1.672	1.672	3.672	
18	2.000	1.000	130.000	1321.000	1313.103	1315.302	1317.181	8,	1317.246,	nan	nan	8.000	1320.193	-321.000	321.000	-214.000	107.000	1.252	1.879	3.408	
18	2.000	1.000	131.000	1321.000	1323.620	1325.176	1326.187	8,8,	1327.037,1327.424,	nan	nan	8.000	1329.200	-321.000	214.000	-214.000	214.000	0.572	1.011	3.711	
18	2.000	1.000	132.000	1321.000	1332.934	1335.396	1336.803	8,	1336.846,	nan	nan	8.000	1339.816	-428.000	321.000	-107.000	214.000	1.484	1.407	3.447	
18	2.000	1.000	133.000	1321.000	1343.279	1345.942	1346.910	8,	1346.997,	nan	nan	8.000	1349.927	-214.000	321.000	-107.000	428.000	1.677	0.968	3.421	
18	2.000	1.000	134.000	1321.000	1353.366	1355.376	1357.198	8,	1357.504,	nan	nan	8.000	1360.216	-107.000	107.000	-214.000	428.000	1.026	1.822	2.000	
18	2.000	1.000	135.000	1321.000	1362.242	1364.437	1365.882	8,8,	1366.048,1366.590,	nan	nan	8.000	1368.895	-321.000	107.000	-214.000	321.000	1.219	1.445	3.042	
18	2.000	1.000	136.000	1321.000	1371.965	1374.245	1374.797	8,	1375.199,	nan	nan	8.000	1377.810	-428.000	107.000	-214.000	428.000	1.305	0.553	3.698	
18	2.000	1.000	137.000	1321.000	1381.525	1383.329	1384.923	9,	1385.303,	nan	nan	9.000	1387.941	-214.000	321.000	-428.000	428.000	0.818	1.595	2.707	
18	2.000	1.000	138.000	1321.000	1390.666	1393.077	1393.861	8,9,8,	1394.005,1394.833,1395.185,	nan	nan	8.000	1396.877	-107.000	107.000	-428.000	428.000	1.426	0.785	3.383	
18	2.000	1.000	139.000	1321.000	1400.276	1403.113	1403.752	8,	1404.140,	nan	nan	8.000	1406.769	-428.000	214.000	-107.000	107.000	1.850	0.640	2.900	
18	2.000	1.000	140.000	1321.000	1409.685	1411.688	1413.161	9,9,	1413.652,1414.024,	nan	nan	9.000	1416.179	-107.000	321.000	-214.000	214.000	1.016	1.474	3.074	
18	2.000	1.000	141.000	1321.000	1419.270	1421.015	1422.812	9,	1422.951,	nan	nan	9.000	1425.829	-107.000	107.000	-428.000	321.000	0.760	1.797	3.248	
18	2.000	1.000	142.000	1321.000	1429.094	1431.905	1433.119	8,	1433.635,	nan	nan	8.000	1436.135	-428.000	107.000	-321.000	321.000	1.826	1.214	3.415	
18	2.000	1.000	143.000	1321.000	1439.567	1441.829	1442.729	8,	1442.889,	nan	nan	8.000	1445.746	-428.000	321.000	-107.000	428.000	1.277	0.900	2.437	
18	2.000	1.000	144.000	1321.000	1448.199	1449.815	1450.334	8,8,	1450.892,1452.044,	nan	nan	8.000	1453.352	-321.000	-107.000	-214.000	-107.000	0.630	0.519	3.209	
18	2.000	1.000	145.000	1321.000	1456.577	1458.637	1459.257	9,9,	1459.329,1460.320,	nan	nan	9.000	1462.273	-214.000	214.000	-321.000	107.000	1.074	0.621	3.621	
18	2.000	1.000	146.000	1321.000	1465.912	1468.394	1469.385	9,	1469.818,	nan	nan	9.000	1472.402	-321.000	321.000	-428.000	214.000	1.498	0.992	2.926	
18	2.000	1.000	147.000	1321.000	1475.343	1478.185	1479.968	8,	1480.240,	nan	nan	8.000	1482.986	-107.000	214.000	-214.000	428.000	1.855	1.783	3.775	
18	2.000	1.000	148.000	1321.000	1486.777	1488.828	1489.877	8,8,	1490.293,1490.854,	nan	nan	8.000	1492.890	-321.000	321.000	-107.000	428.000	1.064	1.050	3.241	
18	2.000	1.000	149.000	1321.000	1496.146	1498.790	1499.314	8,	1499.678,	nan	nan	8.000	1502.331	-107.000	107.000	-321.000	428.000	1.658	0.524	3.023	
18	2.000	1.000	150.000	1321.000	1505.373	1507.343	1508.378	9,	1508.915,	nan	nan	9.000	1511.391	-321.000	321.000	-214.000	214.000	0.987	1.035	3.749	
18	2.000	1.000	151.000	1321.000	1515.161	1516.642	1517.253	8,	1518.101,	nan	nan	8.000	1520.270	-428.000	107.000	-321.000	214.000	0.500	0.611	2.662	
18	2.000	1.000	152.000	1321.000	1522.949	1524.627	1526.130	8,	1526.508,	nan	nan	8.000	1529.142	-428.000	214.000	-107.000	428.000	0.693	1.503	3.293	
18	2.000	1.000	153.000	1321.000	1532.467	1534.573	1536.337	8,	1536.509,	nan	nan	8.000	1539.350	-214.000	107.000	-321.000	428.000	1.137	1.764	2.469	
18	2.000	1.000	154.000	1321.000	1541.840	1543.369	1545.215	8,	1546.566,	nan	nan	8.000	1548.232	-214.000	214.000	-107.000	107.000	0.548	1.846	2.797	
18	2.000	1.000	155.000	1321.000	1551.046	1553.265	1554.811	8,	1556.010,	9.000	1557.825	8.000	1557.825	-214.000	321.000	-321.000	428.000	1.233	1.547	2.778	
18	2.000	1.000	156.000	1321.000	1560.621	1562.110	1563.014	8,	1563.384,	nan	nan	8.000	1566.032	-321.000	107.000	-107.000	428.000	0.505	0.905	3.762	
18	2.000	2.000	157.000	1321.000	45.167	47.187	49.075	8,	49.364,	nan	nan	8.000	52.092	321.000	-321.000	428.000	-321.000	1.021	1.889	2.637	
18	2.000	2.000	158.000	1321.000	54.746	57.528	58.457	9,	58.941,	nan	nan	9.000	61.470	-428.000	428.000	-107.000	107.000	1.797	0.929	2.579	
18	2.000	2.000	159.000	1321.000	64.066	66.636	68.076	8,	68.440,	nan	nan	8.000	71.088	-321.000	321.000	-107.000	214.000	1.585	1.441	2.328	
18	2.000	2.000	160.000	1321.000	73.436	76.292	77.935	9,	78.111,	nan	nan	9.000	80.953	-214.000	428.000	-107.000	107.000	1.875	1.643	2.836	
18	2.000	2.000	161.000	1321.000	83.806	86.410	88.019	9,	88.269,	nan	nan	9.000	91.032	-428.000	321.000	-321.000	107.000	1.619	1.609	2.791	
18	2.000	2.000	162.000	1321.000	93.841	95.769	97.571	9,	98.060,	nan	nan	9.000	100.589	-214.000	428.000	-428.000	107.000	0.944	1.802	2.971	
18	2.000	2.000	163.000	1321.000	103.579	105.525	106.372	9,	107.249,	nan	nan	9.000	109.390	-107.000	214.000	-428.000	321.000	0.963	0.847	2.019	
18	2.000	2.000	164.000	1321.000	111.429	113.090	114.371	9,8,9,8,9,	114.611,115.210,115.615,115.811,116.124,	nan	nan	9.000	117.388	-214.000	214.000	-321.000	321.000	0.678	1.281	3.608	
18	2.000	2.000	165.000	1321.000	121.015	123.526	124.300	9,	124.813,	nan	nan	9.000	127.319	-321.000	428.000	-214.000	107.000	1.527	0.775	2.489	
18	2.000	2.000	166.000	1321.000	129.827	131.536	132.783	8,	133.175,	nan	nan	8.000	135.796	-214.000	214.000	-321.000	428.000	0.727	1.248	2.373	
18	2.000	2.000	167.000	1321.000	138.187	140.814	142.674	9,	142.777,	nan	nan	9.000	145.691	-107.000	428.000	-214.000	321.000	1.643	1.860	3.010	
18	2.000	2.000	168.000	1321.000	148.722	150.285	151.986	9,9,	152.025,153.022,	nan	nan	9.000	155.004	-214.000	214.000	-428.000	107.000	0.582	1.701	3.601	
18	2.000	2.000	169.000	1321.000	158.623	161.356	162.488	9,	162.913,	nan	nan	9.000	165.500	-214.000	107.000	-321.000	214.000	1.749	1.132	3.145	
18	2.000	2.000	170.000	1321.000	168.668	171.585	172.957	8,	172.991,	nan	nan	8.000	175.974	321.000	107.000	428.000	107.000	1.937	1.373	3.299	
18	2.000	2.000	171.000	1321.000	179.288	181.161	182.110	9,8,	182.503,183.012,	nan	nan	8.000	185.122	-321.000	321.000	-428.000	428.000	0.886	0.949	2.167	
18	2.000	2.000	172.000	1321.000	187.309	189.360	190.935	9,	191.130,	nan	nan	9.000	193.954	-107.000	428.000	-214.000	214.000	1.069	1.576	2.611	
18	2.000	2.000	173.000	1321.000	196.581	198.280	199.937	9,	200.498,	nan	nan	9.000	202.949	-321.000	214.000	-428.000	107.000	0.712	1.658	2.984	
18	2.000	2.000	174.000	1321.000	205.952	207.618	208.263	8,	208.689,	nan	nan	8.000	211.275	-321.000	214.000	-214.000	107.000	0.683	0.645	2.219	
18	2.000	2.000	175.000	1321.000	213.512	215.763	217.656	9,	217.675,	nan	nan	9.000	220.669	-107.000	321.000	-428.000	107.000	1.267	1.894	2.945	
18	2.000	2.000	176.000	1321.000	223.641	225.449	227.333	8,	227.724,	nan	nan	8.000	230.346	-214.000	107.000	-321.000	321.000	0.833	1.884	3.852	
18	2.000	2.000	177.000	1321.000	234.218	236.361	236.861	9,	237.260,	nan	nan	9.000	239.878	-107.000	428.000	-321.000	107.000	1.161	0.500	2.482	
18	2.000	2.000	178.000	1321.000	242.379	244.818	246.798	8,	247.094,	nan	nan	8.000	249.811	-214.000	214.000	-107.000	321.000	1.455	1.981	2.122	
18	2.000	2.000	179.000	1321.000	251.951	254.120	255.435	9,	255.768,	nan	nan	9.000	258.452	-107.000	214.000	-428.000	107.000	1.185	1.315	3.363	
18	2.000	2.000	180.000	1321.000	261.835	264.760	265.636	9,	265.736,	nan	nan	9.000	268.654	-107.000	428.000	-428.000	107.000	1.942	0.876	2.148	
18	2.000	2.000	181.000	1321.000	270.820	273.342	274.227	8,9,	274.405,274.766,	nan	nan	9.000	277.240	-107.000	321.000	-428.000	428.000	1.537	0.886	2.347	
18	2.000	2.000	182.000	1321.000	279.608	282.478	283.142	8,	283.248,	nan	nan	8.000	286.159	-321.000	214.000	-107.000	107.000	1.889	0.664	3.588	
18	2.000	2.000	183.000	1321.000	289.771	291.621	292.999	8,	293.519,	nan	nan	8.000	296.018	-214.000	214.000	-107.000	214.000	0.871	1.378	2.849	
18	2.000	2.000	184.000	1321.000	298.884	300.383	301.809	9,	301.990,	nan	nan	9.000	304.821	-428.000	428.000	-214.000	107.000	0.514	1.426	3.743	
18	2.000	2.000	185.000	1321.000	308.585	310.524	311.796	9,	312.102,	nan	nan	9.000	314.814	-214.000	428.000	-321.000	214.000	0.958	1.272	3.531	
18	2.000	2.000	186.000	1321.000	318.363	321.129	322.782	8,	323.079,	nan	nan	8.000	325.800	-428.000	321.000	-321.000	428.000	1.783	1.653	3.569	
18	2.000	2.000	187.000	1321.000	329.388	331.570	332.239	9,	332.548,	nan	nan	9.000	335.257	-214.000	428.000	-107.000	214.000	1.199	0.669	3.576	
18	2.000	2.000	188.000	1321.000	338.861	340.788	341.649	9,	342.023,	nan	nan	9.000	344.665	-214.000	428.000	-321.000	107.000	0.953	0.862	3.865	
18	2.000	2.000	189.000	1321.000	348.550	350.360	351.468	9,	351.900,	nan	nan	9.000	354.485	-428.000	428.000	-321.000	107.000	0.828	1.108	2.830	
18	2.000	2.000	190.000	1321.000	357.330	359.806	361.038	9,	361.466,	nan	nan	9.000	364.056	-428.000	428.000	-107.000	214.000	1.489	1.233	3.511	
18	2.000	2.000	191.000	1321.000	367.596	370.348	372.333	8,	372.637,	nan	nan	8.000	375.345	-428.000	214.000	-321.000	321.000	1.778	1.986	3.968	
18	2.000	2.000	192.000	1321.000	379.333	381.968	383.225	8,	383.514,	nan	nan	8.000	386.242	-107.000	214.000	-321.000	321.000	1.653	1.257	2.315	
18	2.000	2.000	193.000	1321.000	388.579	390.672	391.687	9,	392.037,	nan	nan	9.000	394.705	-107.000	428.000	-214.000	107.000	1.113	1.016	2.232	
18	2.000	2.000	194.000	1321.000	396.965	398.506	399.242	8,	399.715,	nan	nan	8.000	402.254	-428.000	214.000	-214.000	321.000	0.568	0.736	3.582	
18	2.000	2.000	195.000	1321.000	405.854	408.795	410.660	8,	410.880,	nan	nan	8.000	413.672	-321.000	321.000	-214.000	428.000	1.957	1.865	2.296	
18	2.000	2.000	196.000	1321.000	415.986	418.367	420.044	9,8,	420.369,420.712,	nan	nan	8.000	423.062	-214.000	-428.000	-107.000	-428.000	1.397	1.677	2.842	
18	2.000	2.000	197.000	1321.000	425.920	428.193	429.199	9,	429.587,	nan	nan	9.000	432.211	-107.000	214.000	-321.000	107.000	1.286	1.006	3.048	
18	2.000	2.000	198.000	1321.000	435.278	437.586	438.148	8,	438.994,	nan	nan	8.000	441.160	-428.000	214.000	-321.000	428.000	1.325	0.563	2.186	
18	2.000	2.000	199.000	1321.000	443.365	445.514	446.877	8,	447.301,	nan	nan	8.000	449.895	-321.000	214.000	-428.000	428.000	1.166	1.363	2.630	
18	2.000	2.000	200.000	1321.000	452.543	455.358	457.049	8,	457.077,	nan	nan	8.000	460.061	-214.000	107.000	-107.000	428.000	1.831	1.691	2.752	
18	2.000	2.000	201.000	1321.000	462.843	464.673	465.221	9,8,9,	466.216,466.777,467.108,	8.000	468.234	9.000	468.234	-107.000	107.000	-214.000	214.000	0.857	0.548	3.691	
18	2.000	2.000	202.000	1321.000	471.944	473.938	474.766	9,	474.808,	nan	nan	9.000	477.784	-214.000	321.000	-321.000	107.000	1.011	0.828	2.026	
18	2.000	2.000	203.000	1321.000	479.846	481.606	482.496	8,	483.015,	nan	nan	8.000	485.514	-214.000	107.000	-107.000	321.000	0.794	0.891	2.495	
18	2.000	2.000	204.000	1321.000	488.028	490.345	492.263	9,	492.360,	nan	nan	9.000	495.280	-214.000	107.000	-428.000	321.000	1.334	1.918	3.871	
18	2.000	2.000	205.000	1321.000	499.171	501.527	502.552	8,	502.940,	nan	nan	8.000	505.571	-321.000	214.000	-214.000	321.000	1.373	1.026	3.100	
18	2.000	2.000	206.000	1321.000	508.689	511.124	512.665	8,	512.926,	nan	nan	8.000	515.677	-107.000	214.000	-214.000	321.000	1.450	1.542	3.029	
18	2.000	2.000	207.000	1321.000	518.726	521.447	522.024	9,	522.545,	nan	nan	9.000	525.041	-321.000	107.000	-428.000	214.000	1.740	0.577	2.740	
18	2.000	2.000	208.000	1321.000	527.801	530.406	531.996	9,	532.467,	nan	nan	9.000	535.010	-214.000	428.000	-428.000	214.000	1.624	1.590	2.141	
18	2.000	2.000	209.000	1321.000	537.172	540.100	541.034	8,	541.467,	nan	nan	8.000	544.046	214.000	-214.000	428.000	-214.000	1.947	0.934	3.203	
18	2.000	2.000	210.000	1321.000	547.270	549.151	550.235	8,	550.626,	nan	nan	8.000	553.252	-321.000	214.000	-107.000	428.000	0.900	1.084	3.646	
18	2.000	2.000	211.000	1321.000	556.916	559.867	560.627	8,	561.115,	nan	nan	8.000	563.645	-428.000	107.000	-107.000	214.000	1.966	0.760	3.492	
18	2.000	2.000	212.000	1321.000	567.160	570.018	570.697	9,	570.856,	nan	nan	9.000	573.709	-214.000	107.000	-428.000	214.000	1.879	0.678	3.119	
18	2.000	2.000	213.000	1321.000	576.848	579.633	580.817	8,	581.427,	nan	nan	8.000	583.834	-428.000	428.000	-214.000	214.000	1.802	1.185	3.338	
18	2.000	2.000	214.000	1321.000	587.283	589.354	591.098	9,	591.441,	nan	nan	9.000	594.111	-107.000	428.000	-428.000	214.000	1.180	1.744	3.260	
18	2.000	2.000	215.000	1321.000	597.391	600.094	601.269	9,	601.570,	nan	nan	9.000	604.281	-107.000	428.000	-321.000	214.000	1.720	1.175	2.605	
18	2.000	2.000	216.000	1321.000	606.904	608.990	610.705	8,	610.773,	nan	nan	8.000	613.718	-428.000	428.000	-214.000	321.000	1.103	1.715	2.103	
18	2.000	2.000	217.000	1321.000	615.839	618.683	619.250	8,	620.742,	nan	nan	8.000	622.262	-428.000	214.000	-107.000	321.000	1.860	0.568	3.087	
18	2.000	2.000	218.000	1321.000	625.363	628.052	629.396	8,	629.823,	nan	nan	8.000	632.408	-428.000	321.000	-214.000	107.000	1.701	1.344	3.331	
18	2.000	2.000	219.000	1321.000	635.758	637.989	639.318	8,	639.629,	nan	nan	8.000	642.331	-107.000	321.000	-214.000	428.000	1.248	1.330	3.016	
18	2.000	2.000	220.000	1321.000	645.369	647.640	648.786	9,	649.321,	nan	nan	9.000	651.804	-428.000	428.000	-321.000	214.000	1.291	1.146	3.878	
18	2.000	2.000	221.000	1321.000	655.702	657.690	658.363	nan	nan	9.000	661.393	nan	nan	-214.000	428.000	-321.000	321.000	1.006	0.674	3.196	
18	2.000	2.000	222.000	1321.000	664.609	666.588	668.293	8,	668.563,	nan	nan	8.000	671.311	214.000	321.000	428.000	321.000	0.997	1.706	3.113	
18	2.000	2.000	223.000	1321.000	674.444	676.972	678.740	8,	679.058,	nan	nan	8.000	681.753	-428.000	214.000	-214.000	107.000	1.547	1.768	2.913	
18	2.000	2.000	224.000	1321.000	684.695	686.670	687.869	8,	688.251,	nan	nan	8.000	690.887	-214.000	214.000	-428.000	428.000	1.002	1.199	2.534	
18	2.000	2.000	225.000	1321.000	693.439	695.337	696.126	8,	696.533,	nan	nan	8.000	699.139	-107.000	214.000	-428.000	428.000	0.915	0.789	2.823	
18	2.000	2.000	226.000	1321.000	701.982	704.395	705.121	9,	705.292,	nan	nan	9.000	708.134	-214.000	428.000	-428.000	321.000	1.431	0.727	3.910	
18	2.000	2.000	227.000	1321.000	712.063	714.019	715.242	9,8,9,	715.382,715.808,716.228,	nan	nan	9.000	718.255	-321.000	214.000	-428.000	321.000	0.973	1.223	3.389	
18	2.000	2.000	228.000	1321.000	721.665	724.453	726.178	9,	726.274,	nan	nan	9.000	729.197	-107.000	321.000	-321.000	107.000	1.807	1.725	2.855	
18	2.000	2.000	229.000	1321.000	732.074	734.654	735.771	9,9,9,	736.130,736.437,736.799,	nan	nan	9.000	738.784	-107.000	428.000	-321.000	321.000	1.600	1.117	2.566	
18	2.000	2.000	230.000	1321.000	741.371	743.117	744.803	9,	745.270,	nan	nan	9.000	747.816	-107.000	107.000	-428.000	214.000	0.765	1.686	3.814	
18	2.000	2.000	231.000	1321.000	751.649	754.549	755.203	8,8,	755.377,755.860,	nan	nan	8.000	758.220	-321.000	214.000	-107.000	321.000	1.918	0.654	3.595	
18	2.000	2.000	232.000	1321.000	761.835	764.716	765.630	8,	765.812,	nan	nan	8.000	768.647	-214.000	107.000	-428.000	428.000	1.899	0.915	2.559	
18	2.000	2.000	233.000	1321.000	771.225	772.800	774.776	8,8,	775.128,775.564,	nan	nan	8.000	777.793	-214.000	214.000	-107.000	428.000	0.592	1.976	3.080	
18	2.000	2.000	234.000	1321.000	780.890	782.627	784.308	9,9,	784.550,785.025,	nan	nan	9.000	787.326	-321.000	428.000	-428.000	321.000	0.751	1.682	2.006	
18	2.000	2.000	235.000	1321.000	789.350	791.828	793.447	8,	793.803,	nan	nan	8.000	796.460	-321.000	107.000	-107.000	107.000	1.494	1.619	2.283	
18	2.000	2.000	236.000	1321.000	798.761	801.508	802.727	9,	802.965,	nan	nan	9.000	805.744	-107.000	321.000	-214.000	107.000	1.764	1.219	3.428	
18	2.000	2.000	237.000	1321.000	809.188	811.734	812.340	9,	812.728,	nan	nan	9.000	815.359	-107.000	428.000	-428.000	321.000	1.561	0.606	3.537	
18	2.000	2.000	238.000	1321.000	818.913	821.339	822.147	8,8,	822.813,823.238,	nan	nan	8.000	825.164	-428.000	107.000	-107.000	321.000	1.441	0.809	2.746	
18	2.000	2.000	239.000	1321.000	827.930	830.290	831.267	8,8,	831.396,831.751,	nan	nan	8.000	834.284	-107.000	107.000	-214.000	321.000	1.378	0.977	2.225	
18	2.000	2.000	240.000	1321.000	836.527	838.291	839.393	8,	840.007,	nan	nan	8.000	842.412	-214.000	107.000	-107.000	214.000	0.780	1.103	2.193	
18	2.000	2.000	241.000	1321.000	844.624	847.241	848.710	9,9,	849.284,849.605,	nan	nan	9.000	851.723	-214.000	321.000	-428.000	107.000	1.633	1.469	2.431	
18	2.000	2.000	242.000	1321.000	854.172	856.847	857.405	9,9,	857.662,858.052,	nan	nan	9.000	860.422	-214.000	321.000	-428.000	214.000	1.691	0.558	3.897	
18	2.000	2.000	243.000	1321.000	864.337	866.019	867.854	9,9,	867.949,868.400,	nan	nan	9.000	870.872	-321.000	321.000	-428.000	107.000	0.698	1.836	3.151	
18	2.000	2.000	244.000	1321.000	874.042	876.929	878.388	8,	878.626,	nan	nan	8.000	881.401	-321.000	214.000	-214.000	428.000	1.904	1.460	2.868	
18	2.000	2.000	245.000	1321.000	884.286	886.861	887.448	9,	887.860,	nan	nan	9.000	890.460	-107.000	107.000	-321.000	214.000	1.590	0.587	2.785	
18	2.000	2.000	246.000	1321.000	893.301	895.022	895.637	9,	895.772,	nan	nan	9.000	898.650	-428.000	428.000	-321.000	321.000	0.775	0.616	3.987	
18	2.000	2.000	247.000	1321.000	902.653	905.268	906.269	9,	906.619,	nan	nan	9.000	909.287	-107.000	321.000	-428.000	214.000	1.629	1.002	3.061	
18	2.000	2.000	248.000	1321.000	912.368	914.342	916.274	8,	916.564,	nan	nan	8.000	919.292	-321.000	-428.000	-107.000	-428.000	0.992	1.932	3.556	
18	2.000	2.000	249.000	1321.000	922.868	925.696	927.209	8,	927.655,	nan	nan	8.000	930.221	-107.000	214.000	-321.000	428.000	1.846	1.513	2.058	
18	2.000	2.000	250.000	1321.000	932.298	934.789	936.287	9,	937.059,	nan	nan	9.000	939.300	-321.000	428.000	-107.000	321.000	1.508	1.498	2.643	
18	2.000	2.000	251.000	1321.000	941.960	944.265	945.358	8,	945.876,	nan	nan	8.000	948.370	-107.000	321.000	-321.000	428.000	1.320	1.093	3.961	
18	2.000	2.000	252.000	1321.000	952.351	955.020	956.600	8,	956.748,	nan	nan	8.000	959.618	-428.000	107.000	-214.000	214.000	1.686	1.580	3.524	
18	2.000	2.000	253.000	1321.000	963.162	964.948	966.412	9,8,	966.656,967.716,	nan	nan	8.000	969.431	-107.000	107.000	-321.000	321.000	0.804	1.465	2.920	
18	2.000	2.000	254.000	1321.000	972.367	974.320	975.486	9,	975.750,	nan	nan	9.000	978.504	-321.000	428.000	-428.000	107.000	0.968	1.166	2.039	
18	2.000	2.000	255.000	1321.000	980.564	982.387	983.914	8,	984.072,	nan	nan	8.000	986.927	-321.000	107.000	-107.000	321.000	0.842	1.527	2.553	
18	2.000	2.000	256.000	1321.000	989.499	991.411	992.041	9,	992.706,	nan	nan	9.000	995.058	-321.000	428.000	-107.000	107.000	0.929	0.630	2.071	
18	2.000	2.000	257.000	1321.000	997.147	998.968	1000.958	9,9,	1001.287,1001.941,	nan	nan	9.000	1003.972	-321.000	428.000	-107.000	214.000	0.838	1.990	3.916	
18	2.000	2.000	258.000	1321.000	1007.907	1010.302	1011.240	9,9,	1011.955,1012.347,	nan	nan	9.000	1014.257	-428.000	428.000	-107.000	321.000	1.412	0.939	2.277	
18	2.000	2.000	259.000	1321.000	1016.552	1018.181	1019.433	8,8,	1019.475,1019.940,	nan	nan	8.000	1022.450	-321.000	107.000	-107.000	214.000	0.645	1.252	3.666	
18	2.000	2.000	260.000	1321.000	1026.137	1028.684	1029.454	8,	1029.702,	nan	nan	8.000	1032.472	-321.000	107.000	-214.000	214.000	1.566	0.770	3.125	
18	2.000	2.000	261.000	1321.000	1035.619	1037.398	1038.096	8,8,	1038.314,1038.708,	nan	nan	8.000	1041.108	214.000	-428.000	321.000	-428.000	0.799	0.698	2.765	
18	2.000	2.000	262.000	1321.000	1043.895	1046.451	1047.790	8,	1047.816,	nan	nan	8.000	1050.802	-428.000	321.000	-107.000	107.000	1.576	1.339	2.412	
18	2.000	2.000	263.000	1321.000	1053.233	1055.719	1056.899	9,	1057.303,	nan	nan	9.000	1059.912	-214.000	321.000	-107.000	107.000	1.503	1.180	2.810	
18	2.000	2.000	264.000	1321.000	1062.742	1065.590	1066.663	9,	1067.017,	nan	nan	9.000	1069.682	-214.000	321.000	-107.000	214.000	1.865	1.074	2.354	
18	2.000	2.000	265.000	1321.000	1072.054	1074.999	1076.111	8,	1076.404,	nan	nan	8.000	1079.124	-428.000	321.000	-214.000	428.000	1.961	1.113	3.826	
18	2.000	2.000	266.000	1321.000	1082.970	1085.711	1087.648	9,9,	1087.676,1088.084,	nan	nan	9.000	1090.666	-321.000	321.000	-107.000	107.000	1.759	1.937	3.807	
18	2.000	2.000	267.000	1321.000	1094.492	1097.171	1098.211	9,	1098.319,	nan	nan	9.000	1101.230	-214.000	428.000	-107.000	321.000	1.696	1.040	2.669	
18	2.000	2.000	268.000	1321.000	1103.929	1105.550	1107.116	8,	1107.397,	nan	nan	8.000	1110.128	-428.000	214.000	-214.000	428.000	0.650	1.566	2.932	
18	2.000	2.000	269.000	1321.000	1113.078	1114.765	1116.731	8,	1116.888,	nan	nan	8.000	1119.749	-428.000	214.000	-321.000	107.000	0.703	1.966	3.466	
18	2.000	2.000	270.000	1321.000	1123.236	1125.561	1126.302	9,	1126.698,	nan	nan	9.000	1129.319	-321.000	428.000	-428.000	214.000	1.344	0.741	2.386	
18	2.000	2.000	271.000	1321.000	1131.727	1133.444	1134.739	9,	1135.350,	nan	nan	9.000	1137.751	-214.000	321.000	-321.000	214.000	0.736	1.296	3.846	
18	2.000	2.000	272.000	1321.000	1141.614	1144.213	1145.952	9,	1146.136,	nan	nan	9.000	1148.971	-428.000	321.000	-321.000	214.000	1.614	1.740	3.505	
18	2.000	2.000	273.000	1321.000	1152.495	1155.159	1156.397	8,	1156.731,	nan	nan	8.000	1159.415	-428.000	107.000	-214.000	321.000	1.682	1.238	2.322	
18	2.000	2.000	274.000	1321.000	1161.756	1163.601	1164.250	8,	1164.355,	nan	nan	8.000	1167.262	214.000	428.000	321.000	428.000	0.862	0.650	2.154	
18	2.000	2.000	275.000	1321.000	1169.435	1171.478	1172.349	8,	1173.381,	nan	nan	8.000	1175.362	-321.000	107.000	-428.000	428.000	1.059	0.871	2.682	
18	2.000	2.000	276.000	1321.000	1178.061	1179.647	1181.477	9,	1181.664,	nan	nan	9.000	1184.496	-321.000	321.000	-214.000	214.000	0.601	1.831	2.084	
18	2.000	2.000	277.000	1321.000	1186.598	1188.328	1189.107	8,	1190.021,	nan	nan	8.000	1192.120	-214.000	107.000	-321.000	428.000	0.746	0.780	3.563	
18	2.000	2.000	278.000	1321.000	1195.704	1197.344	1198.553	9,9,	1198.917,1199.293,	nan	nan	9.000	1201.572	-214.000	214.000	-107.000	107.000	0.659	1.209	3.904	
18	2.000	2.000	279.000	1321.000	1205.498	1208.318	1208.943	8,	1209.323,	nan	nan	8.000	1211.960	-428.000	321.000	-107.000	428.000	1.841	0.625	3.891	
18	2.000	2.000	280.000	1321.000	1215.867	1218.462	1220.365	9,	1220.664,	nan	nan	9.000	1223.384	-214.000	214.000	-428.000	321.000	1.609	1.904	2.450	
18	2.000	2.000	281.000	1321.000	1225.857	1228.031	1228.787	8,	1229.126,	nan	nan	8.000	1231.799	-214.000	321.000	-107.000	428.000	1.195	0.756	3.974	
18	2.000	2.000	282.000	1321.000	1235.796	1238.289	1238.817	9,9,8,	1239.399,1239.902,1240.717,	nan	nan	8.000	1241.835	-321.000	107.000	-428.000	321.000	1.513	0.529	2.817	
18	2.000	2.000	283.000	1321.000	1244.673	1247.471	1249.099	9,	1249.262,	nan	nan	9.000	1252.112	-214.000	321.000	-428.000	428.000	1.817	1.629	2.206	
18	2.000	2.000	284.000	1321.000	1254.336	1256.736	1258.123	8,8,	1258.159,1258.463,	nan	nan	8.000	1261.140	-321.000	107.000	-107.000	428.000	1.416	1.387	2.444	
18	2.000	2.000	285.000	1321.000	1263.605	1266.108	1267.269	8,8,	1267.663,1267.982,	nan	nan	8.000	1270.282	-107.000	214.000	-214.000	428.000	1.523	1.161	2.907	
18	2.000	2.000	286.000	1321.000	1273.209	1275.921	1277.443	8,	1277.964,	nan	nan	8.000	1280.455	-428.000	214.000	-107.000	107.000	1.730	1.523	3.370	
18	2.000	2.000	287.000	1321.000	1283.874	1286.089	1288.002	8,	1288.207,	nan	nan	8.000	1291.020	-321.000	321.000	-214.000	321.000	1.262	1.913	3.781	
18	2.000	2.000	288.000	1321.000	1294.821	1297.452	1298.603	9,	1298.933,	nan	nan	9.000	1301.615	-107.000	321.000	-321.000	214.000	1.648	1.151	3.794	
18	2.000	2.000	289.000	1321.000	1305.429	1307.770	1309.037	8,	1309.373,	nan	nan	8.000	1312.054	-321.000	321.000	-107.000	428.000	1.359	1.267	2.476	
18	2.000	2.000	290.000	1321.000	1314.547	1316.702	1318.335	8,	1318.599,	nan	nan	8.000	1321.349	-428.000	107.000	-321.000	428.000	1.170	1.633	2.650	
18	2.000	2.000	291.000	1321.000	1324.039	1326.870	1328.349	8,8,	1328.593,1328.944,	nan	nan	8.000	1331.361	-321.000	107.000	-214.000	321.000	1.870	1.479	2.508	
18	2.000	2.000	292.000	1321.000	1333.887	1335.391	1336.228	8,8,8,	1336.434,1336.834,1337.410,	nan	nan	8.000	1339.240	-428.000	214.000	-107.000	428.000	0.519	0.838	2.244	
18	2.000	2.000	293.000	1321.000	1341.504	1343.532	1344.166	9,9,	1344.308,1344.773,	nan	nan	9.000	1347.179	-321.000	428.000	-214.000	321.000	1.045	0.635	2.418	
18	2.000	2.000	294.000	1321.000	1349.617	1352.594	1353.345	9,	1353.804,	nan	nan	9.000	1356.362	-107.000	107.000	-428.000	321.000	1.995	0.751	3.756	
18	2.000	2.000	295.000	1321.000	1360.139	1361.809	1363.408	9,	1363.640,	nan	nan	9.000	1366.420	-107.000	321.000	-214.000	214.000	0.688	1.600	2.695	
18	2.000	2.000	296.000	1321.000	1369.138	1372.093	1373.451	9,9,9,	1373.535,1373.834,1374.184,	nan	nan	9.000	1376.463	-321.000	321.000	-428.000	214.000	1.976	1.359	3.254	
18	2.000	2.000	297.000	1321.000	1379.743	1381.923	1383.677	9,9,	1384.729,1385.070,	nan	nan	9.000	1386.695	-214.000	214.000	-321.000	107.000	1.204	1.754	3.801	
18	2.000	2.000	298.000	1321.000	1390.514	1392.345	1393.303	8,	1393.731,	nan	nan	8.000	1396.321	-321.000	107.000	-214.000	428.000	0.847	0.958	3.441	
18	2.000	2.000	299.000	1321.000	1399.784	1402.585	1404.305	9,	1404.657,	nan	nan	9.000	1407.324	-321.000	428.000	-214.000	214.000	1.822	1.720	2.289	
18	2.000	2.000	300.000	1321.000	1409.632	1411.149	1413.072	8,	1413.288,	nan	nan	8.000	1416.084	-321.000	-107.000	-214.000	-107.000	0.534	1.923	2.302	
18	2.000	2.000	301.000	1321.000	1418.405	1420.684	1422.636	8,	1423.090,	nan	nan	8.000	1425.648	-428.000	107.000	-107.000	428.000	1.296	1.952	2.161	
18	2.000	2.000	302.000	1321.000	1427.827	1429.962	1431.576	8,	1431.913,	nan	nan	8.000	1434.588	-428.000	107.000	-321.000	214.000	1.151	1.614	3.106	
18	2.000	2.000	303.000	1321.000	1437.712	1440.089	1440.912	8,	1441.237,	nan	nan	8.000	1443.923	-107.000	107.000	-321.000	428.000	1.392	0.823	3.955	
18	2.000	2.000	304.000	1321.000	1447.897	1450.673	1451.997	8,	1452.115,	nan	nan	8.000	1455.016	-214.000	321.000	-321.000	428.000	1.793	1.325	2.360	
18	2.000	2.000	305.000	1321.000	1457.395	1459.843	1460.656	8,	1461.054,	nan	nan	8.000	1463.669	-428.000	107.000	-321.000	321.000	1.465	0.814	3.228	
18	2.000	2.000	306.000	1321.000	1466.917	1469.451	1471.321	8,	1471.373,	nan	nan	8.000	1474.334	-428.000	321.000	-214.000	214.000	1.551	1.870	3.929	
18	2.000	2.000	307.000	1321.000	1478.281	1480.306	1481.789	8,	1482.161,	nan	nan	8.000	1484.808	-107.000	107.000	-214.000	428.000	1.040	1.484	2.997	
18	2.000	2.000	308.000	1321.000	1487.823	1490.175	1490.969	8,	1491.388,	nan	nan	8.000	1493.987	-428.000	321.000	-107.000	214.000	1.368	0.794	3.473	
18	2.000	2.000	309.000	1321.000	1497.508	1499.005	1499.808	9,	1500.072,	nan	nan	9.000	1502.826	-321.000	321.000	-214.000	107.000	0.543	0.804	3.035	
18	2.000	2.000	310.000	1321.000	1505.888	1507.634	1509.460	9,	1509.828,	nan	nan	9.000	1512.478	-107.000	214.000	-214.000	107.000	0.770	1.826	2.051	
18	2.000	2.000	311.000	1321.000	1514.546	1516.914	1518.350	8,	1518.600,	nan	nan	8.000	1521.363	-428.000	107.000	-214.000	428.000	1.383	1.436	3.177	
18	2.000	2.000	312.000	1321.000	1524.557	1527.455	1527.988	8,	1528.419,	nan	nan	8.000	1531.001	-107.000	107.000	-428.000	428.000	1.913	0.534	3.138	
