subjID	session	Block	trialCount	earnings	Gam1Onset	Gam2Onset	FBOnset	KPs	RT	KPlate	RTlate	KP_Final	SLOnset	Gam1_1	Gam1_2	Gam2_1	Gam2_2	jit1	jit2	jit3	
19	2.000	1.000	1.000	1321.000	88.043	90.155	91.764	9,	92.300,	nan	nan	9.000	94.780	321.000	-321.000	428.000	-321.000	1.113	1.609	3.402	
19	2.000	1.000	2.000	1321.000	98.193	100.977	101.525	9,	102.553,	nan	nan	9.000	104.537	-321.000	214.000	-107.000	107.000	1.793	0.548	2.199	
19	2.000	1.000	3.000	1321.000	106.747	109.599	110.991	8,	111.661,	nan	nan	8.000	114.002	-214.000	107.000	-321.000	321.000	1.860	1.392	2.096	
19	2.000	1.000	4.000	1321.000	116.109	118.942	119.460	9,	120.504,	nan	nan	9.000	122.473	-107.000	321.000	-428.000	428.000	1.841	0.519	3.196	
19	2.000	1.000	5.000	1321.000	125.679	127.388	128.852	9,	130.854,	nan	nan	9.000	131.873	-214.000	214.000	-428.000	107.000	0.717	1.465	2.637	
19	2.000	1.000	6.000	1321.000	134.519	136.706	137.408	8,	138.769,	nan	nan	8.000	140.420	-321.000	214.000	-214.000	107.000	1.195	0.703	3.215	
19	2.000	1.000	7.000	1321.000	143.645	145.953	147.586	8,	147.717,	nan	nan	8.000	150.605	-321.000	321.000	-214.000	428.000	1.315	1.633	2.855	
19	2.000	1.000	8.000	1321.000	153.470	155.290	156.200	9,	156.625,	nan	nan	9.000	159.218	-214.000	107.000	-321.000	214.000	0.828	0.910	2.842	
19	2.000	1.000	9.000	1321.000	162.071	164.609	165.225	8,	166.817,	nan	nan	8.000	168.237	-428.000	428.000	-107.000	107.000	1.547	0.616	2.283	
19	2.000	1.000	10.000	1321.000	170.539	172.413	173.414	9,	174.296,	nan	nan	9.000	176.427	-107.000	428.000	-214.000	107.000	0.891	1.002	2.161	
19	2.000	1.000	11.000	1321.000	178.605	180.625	181.699	9,	181.789,	nan	nan	9.000	184.712	-107.000	214.000	-428.000	107.000	1.035	1.074	3.788	
19	2.000	1.000	12.000	1321.000	188.519	191.391	192.310	8,	192.783,	nan	nan	8.000	195.323	-428.000	321.000	-321.000	428.000	1.889	0.920	3.068	
19	2.000	1.000	13.000	1321.000	198.402	200.408	201.747	9,	202.311,	nan	nan	9.000	204.766	-428.000	428.000	-321.000	107.000	1.016	1.339	3.254	
19	2.000	1.000	14.000	1321.000	208.037	209.735	210.500	8,	210.867,	nan	nan	8.000	213.512	321.000	107.000	428.000	107.000	0.712	0.765	2.489	
19	2.000	1.000	15.000	1321.000	216.019	218.058	218.972	9,	219.329,	nan	nan	9.000	221.985	-214.000	428.000	-321.000	107.000	1.055	0.915	2.714	
19	2.000	1.000	16.000	1321.000	224.709	226.697	228.359	9,	228.448,	nan	nan	9.000	231.377	-214.000	428.000	-107.000	107.000	0.997	1.662	2.534	
19	2.000	1.000	17.000	1321.000	233.942	236.417	237.244	9,	237.812,	nan	nan	9.000	240.257	-214.000	214.000	-321.000	321.000	1.503	0.828	2.765	
19	2.000	1.000	18.000	1321.000	243.045	244.746	246.630	9,	246.679,	nan	nan	9.000	249.642	-321.000	428.000	-214.000	107.000	0.722	1.884	3.119	
19	2.000	1.000	19.000	1321.000	252.779	254.644	256.345	8,	256.905,	nan	nan	8.000	259.359	-214.000	214.000	-107.000	321.000	0.881	1.701	2.302	
19	2.000	1.000	20.000	1321.000	261.679	263.959	264.970	9,	265.437,	nan	nan	9.000	267.982	-214.000	428.000	-428.000	107.000	1.296	1.011	2.167	
19	2.000	1.000	21.000	1321.000	270.168	271.849	273.521	9,	274.196,	nan	nan	9.000	276.533	-428.000	428.000	-107.000	214.000	0.698	1.672	3.961	
19	2.000	1.000	22.000	1321.000	280.518	282.252	282.911	9,	283.838,	nan	nan	9.000	285.928	-107.000	214.000	-428.000	321.000	0.756	0.659	3.235	
19	2.000	1.000	23.000	1321.000	289.190	291.321	293.161	8,	293.379,	nan	nan	8.000	296.180	-428.000	214.000	-321.000	321.000	1.156	1.841	3.633	
19	2.000	1.000	24.000	1321.000	299.827	302.116	303.518	9,	303.748,	nan	nan	9.000	306.530	-428.000	428.000	-214.000	107.000	1.301	1.402	3.466	
19	2.000	1.000	25.000	1321.000	310.037	312.130	312.996	9,	313.934,	nan	nan	9.000	316.013	-428.000	321.000	-321.000	107.000	1.132	0.867	3.145	
19	2.000	1.000	26.000	1321.000	319.172	321.359	321.960	9,	322.921,	nan	nan	9.000	324.977	-214.000	428.000	-321.000	214.000	1.199	0.601	3.524	
19	2.000	1.000	27.000	1321.000	328.516	331.373	333.020	8,	333.343,	nan	nan	8.000	336.039	-214.000	214.000	-107.000	214.000	1.870	1.648	3.505	
19	2.000	1.000	28.000	1321.000	339.564	341.461	342.023	8,	342.781,	nan	nan	8.000	345.036	-321.000	321.000	-107.000	214.000	0.915	0.563	2.367	
19	2.000	1.000	29.000	1321.000	347.425	350.091	350.890	9,	351.430,	nan	nan	9.000	353.907	-107.000	428.000	-214.000	321.000	1.686	0.799	3.994	
19	2.000	1.000	30.000	1321.000	357.923	360.440	362.189	9,	362.349,	nan	nan	9.000	365.208	-107.000	214.000	-321.000	321.000	1.537	1.749	2.386	
19	2.000	1.000	31.000	1321.000	367.625	370.297	370.864	9,	371.575,	nan	nan	9.000	373.876	-107.000	428.000	-214.000	214.000	1.701	0.568	2.553	
19	2.000	1.000	32.000	1321.000	376.447	378.973	380.452	9,	380.941,	nan	nan	9.000	383.469	-214.000	428.000	-107.000	214.000	1.542	1.479	2.868	
19	2.000	1.000	33.000	1321.000	386.363	389.286	391.204	8,	391.506,	nan	nan	8.000	394.222	-214.000	214.000	-321.000	428.000	1.947	1.918	2.797	
19	2.000	1.000	34.000	1321.000	397.045	399.043	400.556	9,	400.802,	nan	nan	9.000	403.568	-107.000	428.000	-321.000	107.000	1.021	1.513	2.122	
19	2.000	1.000	35.000	1321.000	405.715	408.683	409.544	9,	410.121,	nan	nan	9.000	412.561	-107.000	428.000	-428.000	107.000	1.990	0.862	2.527	
19	2.000	1.000	36.000	1321.000	415.112	417.329	418.494	8,8,	419.149,420.408,	nan	nan	8.000	421.506	-428.000	214.000	-214.000	321.000	1.238	1.166	2.611	
19	2.000	1.000	37.000	1321.000	424.142	426.077	427.517	8,	428.491,	nan	nan	8.000	430.530	-321.000	321.000	-428.000	428.000	0.958	1.441	2.958	
19	2.000	1.000	38.000	1321.000	433.512	436.022	436.667	9,	437.558,	nan	nan	9.000	439.684	-321.000	214.000	-428.000	107.000	1.532	0.645	2.064	
19	2.000	1.000	39.000	1321.000	441.771	444.109	445.332	9,	446.014,	nan	nan	9.000	448.345	-107.000	321.000	-428.000	107.000	1.359	1.223	3.357	
19	2.000	1.000	40.000	1321.000	451.727	453.951	454.798	8,	455.738,	nan	nan	8.000	457.815	-214.000	-321.000	-107.000	-321.000	1.248	0.847	3.280	
19	2.000	1.000	41.000	1321.000	461.110	463.948	465.234	8,	465.761,	nan	nan	8.000	468.252	-428.000	428.000	-214.000	321.000	1.850	1.286	3.576	
19	2.000	1.000	42.000	1321.000	471.841	473.821	475.729	9,	475.975,	nan	nan	9.000	478.747	-214.000	428.000	-321.000	321.000	0.992	1.908	3.080	
19	2.000	1.000	43.000	1321.000	481.854	484.164	484.721	8,	485.765,	nan	nan	8.000	487.738	-428.000	214.000	-107.000	321.000	1.334	0.558	3.061	
19	2.000	1.000	44.000	1321.000	490.819	492.403	494.176	9,	494.310,	nan	nan	9.000	497.194	-214.000	107.000	-428.000	321.000	0.601	1.773	2.849	
19	2.000	1.000	45.000	1321.000	500.055	502.659	503.289	8,	503.869,	nan	nan	8.000	506.301	-214.000	107.000	-107.000	428.000	1.614	0.630	2.939	
19	2.000	1.000	46.000	1321.000	509.279	511.610	512.944	8,	513.059,	nan	nan	8.000	515.957	-428.000	107.000	-107.000	214.000	1.368	1.334	3.904	
19	2.000	1.000	47.000	1321.000	519.884	522.737	523.859	9,	524.188,	nan	nan	9.000	526.871	-107.000	321.000	-321.000	107.000	1.875	1.122	2.379	
19	2.000	1.000	48.000	1321.000	529.271	531.949	533.167	8,	533.749,	nan	nan	8.000	536.180	-107.000	214.000	-214.000	321.000	1.696	1.219	3.807	
19	2.000	1.000	49.000	1321.000	540.001	541.923	543.691	8,	543.963,	nan	nan	8.000	546.710	-214.000	214.000	-107.000	428.000	0.934	1.768	3.325	
19	2.000	1.000	50.000	1321.000	550.049	552.081	553.102	9,	553.757,	nan	nan	9.000	556.118	-428.000	428.000	-321.000	214.000	1.045	1.021	2.444	
19	2.000	1.000	51.000	1321.000	558.577	560.981	561.615	9,	562.197,	nan	nan	9.000	564.628	-107.000	428.000	-428.000	214.000	1.416	0.635	2.437	
19	2.000	1.000	52.000	1321.000	567.080	568.673	570.128	8,	570.453,	nan	nan	8.000	573.146	-321.000	214.000	-107.000	428.000	0.606	1.455	2.817	
19	2.000	1.000	53.000	1321.000	575.977	578.410	579.643	8,	580.001,	nan	nan	8.000	582.662	214.000	-214.000	428.000	-214.000	1.445	1.233	2.656	
19	2.000	1.000	54.000	1321.000	585.342	587.307	588.863	8,	589.971,	nan	nan	8.000	591.875	-321.000	214.000	-428.000	428.000	0.987	1.556	2.707	
19	2.000	1.000	55.000	1321.000	594.596	596.094	596.647	9,	597.371,	nan	nan	9.000	599.660	-107.000	214.000	-428.000	428.000	0.510	0.553	2.186	
19	2.000	1.000	56.000	1321.000	601.862	604.366	605.039	8,	606.219,	nan	nan	8.000	608.052	-321.000	214.000	-214.000	321.000	1.518	0.674	2.045	
19	2.000	1.000	57.000	1321.000	610.140	613.002	614.741	8,	615.664,	nan	nan	8.000	617.758	-428.000	321.000	-214.000	107.000	1.904	1.740	3.865	
19	2.000	1.000	58.000	1321.000	621.638	623.405	624.792	8,	625.322,	nan	nan	8.000	627.810	-107.000	321.000	-214.000	428.000	0.780	1.387	3.486	
19	2.000	1.000	59.000	1321.000	631.310	633.400	634.204	8,	636.150,	nan	nan	8.000	637.221	-107.000	107.000	-214.000	214.000	1.103	0.804	2.180	
19	2.000	1.000	60.000	1321.000	639.415	641.038	642.873	8,	642.962,	nan	nan	8.000	645.887	-428.000	214.000	-214.000	107.000	0.635	1.836	2.514	
19	2.000	1.000	61.000	1321.000	648.435	650.839	652.617	8,	653.214,	nan	nan	8.000	655.634	-214.000	107.000	-428.000	428.000	1.436	1.778	2.997	
19	2.000	1.000	62.000	1321.000	658.646	660.306	661.211	9,	661.687,	nan	nan	9.000	664.229	-214.000	428.000	-428.000	321.000	0.674	0.905	2.354	
19	2.000	1.000	63.000	1321.000	666.606	669.344	670.302	9,	670.845,	nan	nan	9.000	673.314	-107.000	214.000	-321.000	107.000	1.759	0.958	3.537	
19	2.000	1.000	64.000	1321.000	676.871	679.192	680.386	8,	681.382,	nan	nan	8.000	683.399	-321.000	107.000	-428.000	214.000	1.339	1.195	2.457	
19	2.000	1.000	65.000	1321.000	685.873	688.834	689.942	9,	690.253,	nan	nan	9.000	692.954	-214.000	321.000	-321.000	107.000	1.976	1.108	2.289	
19	2.000	1.000	66.000	1321.000	695.300	697.252	699.005	8,	699.272,	nan	nan	8.000	702.023	214.000	321.000	428.000	321.000	1.006	1.754	2.264	
19	2.000	1.000	67.000	1321.000	704.312	707.091	708.193	8,	708.918,	nan	nan	8.000	711.211	-214.000	214.000	-428.000	428.000	1.802	1.103	3.717	
19	2.000	1.000	68.000	1321.000	714.954	717.858	719.129	8,	720.874,	nan	nan	8.000	722.147	-214.000	107.000	-107.000	321.000	1.928	1.272	2.482	
19	2.000	1.000	69.000	1321.000	724.645	726.291	727.263	9,	728.025,	nan	nan	9.000	730.275	-428.000	428.000	-214.000	214.000	0.659	0.973	2.315	
19	2.000	1.000	70.000	1321.000	732.618	735.100	735.711	9,	736.610,	nan	nan	9.000	738.723	-107.000	107.000	-428.000	214.000	1.508	0.611	2.990	
19	2.000	1.000	71.000	1321.000	741.728	744.364	746.315	8,	746.562,	nan	nan	8.000	749.333	-428.000	214.000	-321.000	428.000	1.648	1.952	2.830	
19	2.000	1.000	72.000	1321.000	752.178	754.417	755.534	9,	756.428,	nan	nan	9.000	758.547	-321.000	214.000	-428.000	321.000	1.252	1.117	2.495	
19	2.000	1.000	73.000	1321.000	761.060	762.988	763.680	9,	764.313,	nan	nan	9.000	766.693	-214.000	428.000	-428.000	214.000	0.944	0.693	3.074	
19	2.000	1.000	74.000	1321.000	769.780	772.509	773.524	9,	773.957,	nan	nan	9.000	776.541	-107.000	428.000	-321.000	321.000	1.740	1.016	3.582	
19	2.000	1.000	75.000	1321.000	780.139	781.963	782.732	9,	783.329,	nan	nan	9.000	785.745	-214.000	107.000	-428.000	214.000	0.838	0.770	3.775	
19	2.000	1.000	76.000	1321.000	789.535	791.186	791.922	9,	792.882,	nan	nan	9.000	794.940	-321.000	428.000	-428.000	321.000	0.664	0.736	2.688	
19	2.000	1.000	77.000	1321.000	797.641	799.583	801.516	8,	801.773,	nan	nan	8.000	804.528	-321.000	214.000	-107.000	321.000	0.953	1.932	2.090	
19	2.000	1.000	78.000	1321.000	806.632	808.709	810.236	9,	810.513,	nan	nan	9.000	813.249	-107.000	428.000	-321.000	214.000	1.088	1.527	2.875	
19	2.000	1.000	79.000	1321.000	816.138	818.223	819.745	8,	819.920,	nan	nan	8.000	822.763	-321.000	107.000	-107.000	107.000	1.098	1.523	2.566	
19	2.000	1.000	80.000	1321.000	825.344	827.067	828.555	8,	828.996,	nan	nan	8.000	831.568	-214.000	107.000	-107.000	214.000	0.736	1.489	3.987	
19	2.000	1.000	81.000	1321.000	835.572	838.331	839.462	8,	839.984,	nan	nan	8.000	842.474	-321.000	428.000	-107.000	321.000	1.773	1.132	3.248	
19	2.000	1.000	82.000	1321.000	845.738	847.735	848.341	9,	849.276,	nan	nan	9.000	851.358	-321.000	321.000	-428.000	107.000	1.011	0.606	2.650	
19	2.000	1.000	83.000	1321.000	854.021	856.035	857.277	8,	858.035,	nan	nan	8.000	860.290	-107.000	214.000	-321.000	428.000	1.026	1.243	2.193	
19	2.000	1.000	84.000	1321.000	862.498	864.279	864.948	8,	865.517,	nan	nan	8.000	867.961	-428.000	321.000	-107.000	107.000	0.794	0.669	3.653	
19	2.000	1.000	85.000	1321.000	871.631	874.528	875.901	8,	876.362,	nan	nan	8.000	878.919	-321.000	107.000	-107.000	214.000	1.913	1.373	2.701	
19	2.000	1.000	86.000	1321.000	881.636	884.429	885.329	9,	886.137,	nan	nan	9.000	888.341	-428.000	428.000	-321.000	321.000	1.807	0.900	2.058	
19	2.000	1.000	87.000	1321.000	890.414	893.092	893.823	8,	894.433,	nan	nan	8.000	896.836	-107.000	107.000	-214.000	321.000	1.691	0.732	2.585	
19	2.000	1.000	88.000	1321.000	899.438	901.651	903.511	8,	903.746,	nan	nan	8.000	906.524	-428.000	214.000	-214.000	428.000	1.228	1.860	3.428	
19	2.000	1.000	89.000	1321.000	909.966	911.714	913.009	9,	913.543,	nan	nan	9.000	916.027	-214.000	321.000	-428.000	214.000	0.760	1.296	3.113	
19	2.000	1.000	90.000	1321.000	919.155	921.611	922.506	8,	922.891,	nan	nan	8.000	925.524	-428.000	428.000	-107.000	321.000	1.469	0.895	3.106	
19	2.000	1.000	91.000	1321.000	928.645	931.469	932.147	9,	933.227,	nan	nan	9.000	935.163	-214.000	321.000	-428.000	107.000	1.836	0.678	3.929	
19	2.000	1.000	92.000	1321.000	939.108	941.883	943.617	8,	943.961,	nan	nan	8.000	946.629	-321.000	-428.000	-107.000	-428.000	1.788	1.735	2.662	
19	2.000	1.000	93.000	1321.000	949.309	951.146	951.722	9,	952.585,	nan	nan	9.000	954.734	-428.000	214.000	-321.000	107.000	0.852	0.577	3.878	
19	2.000	1.000	94.000	1321.000	958.627	960.510	961.854	9,	962.614,	nan	nan	9.000	964.872	-107.000	321.000	-321.000	428.000	0.895	1.344	3.974	
19	2.000	1.000	95.000	1321.000	968.861	971.530	972.888	9,	973.326,	nan	nan	9.000	975.907	-321.000	321.000	-107.000	107.000	1.682	1.359	3.781	
19	2.000	1.000	96.000	1321.000	979.701	982.155	983.455	8,	984.029,	nan	nan	8.000	986.474	-107.000	107.000	-321.000	321.000	1.465	1.301	3.936	
19	2.000	1.000	97.000	1321.000	990.424	991.999	992.706	8,	993.155,	nan	nan	8.000	995.725	-428.000	321.000	-214.000	428.000	0.587	0.707	3.267	
19	2.000	1.000	98.000	1321.000	999.008	1001.160	1003.034	9,	1003.510,	nan	nan	9.000	1006.052	-321.000	428.000	-107.000	214.000	1.166	1.875	3.826	
19	2.000	1.000	99.000	1321.000	1009.890	1012.360	1013.399	9,	1014.060,	nan	nan	9.000	1016.418	-107.000	107.000	-321.000	214.000	1.479	1.040	2.000	
19	2.000	1.000	100.000	1321.000	1018.442	1020.263	1021.693	9,	1021.833,	nan	nan	9.000	1024.712	-214.000	321.000	-321.000	214.000	0.842	1.431	2.238	
19	2.000	1.000	101.000	1321.000	1027.016	1029.194	1030.755	9,	1031.186,	nan	nan	9.000	1033.768	-214.000	428.000	-107.000	321.000	1.243	1.561	3.132	
19	2.000	1.000	102.000	1321.000	1036.922	1039.126	1039.886	9,	1040.249,	nan	nan	9.000	1042.903	-107.000	321.000	-428.000	214.000	1.223	0.760	2.418	
19	2.000	1.000	103.000	1321.000	1045.346	1047.508	1048.133	8,	1048.966,	nan	nan	8.000	1051.145	-321.000	428.000	-107.000	107.000	1.185	0.625	3.293	
19	2.000	1.000	104.000	1321.000	1054.452	1056.287	1058.267	8,	1058.675,	nan	nan	8.000	1061.285	-428.000	107.000	-214.000	321.000	0.847	1.981	3.338	
19	2.000	1.000	105.000	1321.000	1064.637	1066.375	1068.168	8,	1068.499,	nan	nan	8.000	1071.186	214.000	-214.000	321.000	-214.000	0.751	1.793	2.733	
19	2.000	1.000	106.000	1321.000	1073.952	1076.332	1077.884	9,	1078.944,	nan	nan	9.000	1080.896	-428.000	321.000	-321.000	214.000	1.412	1.551	2.347	
19	2.000	1.000	107.000	1321.000	1083.257	1085.454	1086.243	8,	1087.379,	nan	nan	8.000	1089.261	-428.000	107.000	-107.000	321.000	1.209	0.789	3.447	
19	2.000	1.000	108.000	1321.000	1092.724	1095.266	1095.853	9,	1096.851,	nan	nan	9.000	1098.870	-321.000	428.000	-428.000	214.000	1.556	0.587	3.035	
19	2.000	1.000	109.000	1321.000	1101.920	1104.030	1104.727	9,	1105.445,	nan	nan	9.000	1107.746	-321.000	428.000	-428.000	107.000	1.122	0.698	3.055	
19	2.000	1.000	110.000	1321.000	1110.833	1113.007	1114.819	9,	1115.273,	nan	nan	9.000	1117.836	-214.000	321.000	-107.000	214.000	1.204	1.812	3.762	
19	2.000	1.000	111.000	1321.000	1121.612	1124.509	1125.163	9,	1125.912,	nan	nan	9.000	1128.179	-107.000	428.000	-428.000	321.000	1.908	0.654	3.023	
19	2.000	1.000	112.000	1321.000	1131.222	1132.844	1134.149	8,	1134.328,	nan	nan	8.000	1137.161	-321.000	214.000	-214.000	428.000	0.640	1.305	2.862	
19	2.000	1.000	113.000	1321.000	1140.072	1142.702	1144.340	9,	1144.694,	nan	nan	9.000	1147.352	-214.000	321.000	-107.000	107.000	1.677	1.638	3.923	
19	2.000	1.000	114.000	1321.000	1151.302	1153.052	1154.135	8,	1154.557,	nan	nan	8.000	1157.153	-321.000	107.000	-214.000	214.000	0.775	1.084	3.749	
19	2.000	1.000	115.000	1321.000	1160.935	1162.443	1163.025	9,	1163.566,	nan	nan	9.000	1166.043	-107.000	321.000	-214.000	107.000	0.539	0.582	2.977	
19	2.000	1.000	116.000	1321.000	1169.034	1171.202	1172.855	8,	1173.178,	nan	nan	8.000	1175.873	-321.000	107.000	-107.000	321.000	1.180	1.653	2.592	
19	2.000	1.000	117.000	1321.000	1178.481	1181.178	1182.323	8,	1182.789,	nan	nan	8.000	1185.341	-428.000	107.000	-214.000	214.000	1.711	1.146	3.222	
19	2.000	1.000	118.000	1321.000	1188.576	1190.890	1192.031	8,	1192.601,	nan	nan	8.000	1195.048	214.000	107.000	321.000	107.000	1.325	1.141	2.926	
19	2.000	1.000	119.000	1321.000	1197.988	1200.470	1202.089	8,	1202.346,	nan	nan	8.000	1205.107	-428.000	107.000	-321.000	214.000	1.494	1.619	3.814	
19	2.000	1.000	120.000	1321.000	1208.935	1211.348	1212.378	9,	1212.813,	nan	nan	9.000	1215.397	-321.000	321.000	-428.000	214.000	1.426	1.031	3.678	
19	2.000	1.000	121.000	1321.000	1219.090	1221.653	1223.171	8,	1223.522,	nan	nan	8.000	1226.184	-214.000	107.000	-321.000	428.000	1.576	1.518	2.071	
19	2.000	1.000	122.000	1321.000	1228.268	1230.644	1231.366	8,	1232.509,	nan	nan	8.000	1234.378	-321.000	107.000	-214.000	321.000	1.387	0.722	2.392	
19	2.000	1.000	123.000	1321.000	1236.794	1239.758	1241.560	8,	1241.935,	nan	nan	8.000	1244.573	-428.000	214.000	-107.000	428.000	1.986	1.802	3.743	
19	2.000	1.000	124.000	1321.000	1248.342	1250.773	1252.594	8,	1252.684,	nan	nan	8.000	1255.613	-428.000	107.000	-107.000	428.000	1.455	1.822	3.569	
19	2.000	1.000	125.000	1321.000	1259.196	1260.751	1261.323	nan	nan	nan	nan	nan	nan	-107.000	214.000	-214.000	107.000	0.568	0.572	2.695	
19	2.000	1.000	126.000	1321.000	1267.066	1269.225	1270.501	8,	1270.942,	nan	nan	8.000	1273.513	-428.000	107.000	-321.000	321.000	1.170	1.277	3.640	
19	2.000	1.000	127.000	1321.000	1277.168	1279.726	1280.544	9,	1281.123,	nan	nan	9.000	1283.557	-214.000	321.000	-428.000	428.000	1.571	0.818	3.550	
19	2.000	1.000	128.000	1321.000	1287.123	1289.621	1290.999	8,	1291.425,	nan	nan	8.000	1294.017	-214.000	321.000	-321.000	428.000	1.513	1.378	3.492	
19	2.000	1.000	129.000	1321.000	1297.522	1300.216	1301.203	9,	1301.672,	nan	nan	9.000	1304.221	-214.000	214.000	-321.000	107.000	1.706	0.987	2.887	
19	2.000	1.000	130.000	1321.000	1307.123	1310.028	1311.184	8,	1311.721,	nan	nan	8.000	1314.201	-107.000	214.000	-214.000	428.000	1.918	1.156	2.322	
19	2.000	1.000	131.000	1321.000	1316.536	1319.076	1320.082	8,	1320.483,	nan	nan	8.000	1323.099	-321.000	321.000	-214.000	321.000	1.551	1.006	2.219	
19	2.000	1.000	132.000	1321.000	1325.331	1327.601	1328.916	8,	1329.258,	nan	nan	8.000	1331.929	-214.000	321.000	-107.000	428.000	1.281	1.315	2.913	
19	2.000	1.000	133.000	1321.000	1334.866	1336.706	1338.421	8,	1338.746,	nan	nan	8.000	1341.434	-321.000	107.000	-214.000	428.000	0.862	1.715	3.003	
19	2.000	1.000	134.000	1321.000	1344.462	1346.749	1347.794	9,	1348.437,	nan	nan	9.000	1350.812	-321.000	428.000	-214.000	214.000	1.310	1.045	2.424	
19	2.000	1.000	135.000	1321.000	1353.251	1355.969	1356.950	8,	1357.326,	nan	nan	8.000	1359.969	-428.000	107.000	-214.000	428.000	1.730	0.982	3.273	
19	2.000	1.000	136.000	1321.000	1363.279	1366.211	1367.381	8,	1368.335,	nan	nan	8.000	1370.399	-107.000	107.000	-214.000	428.000	1.966	1.170	2.051	
19	2.000	1.000	137.000	1321.000	1372.464	1374.613	1375.861	8,	1376.394,	nan	nan	8.000	1378.878	-321.000	107.000	-428.000	428.000	1.161	1.248	3.093	
19	2.000	1.000	138.000	1321.000	1381.985	1384.447	1386.133	8,	1386.419,	nan	nan	8.000	1389.151	-428.000	321.000	-107.000	214.000	1.474	1.686	2.971	
19	2.000	1.000	139.000	1321.000	1392.143	1393.913	1395.701	8,	1396.073,	nan	nan	8.000	1398.718	-107.000	107.000	-428.000	428.000	0.789	1.788	2.328	
19	2.000	1.000	140.000	1321.000	1401.062	1403.499	1405.353	8,	1405.549,	nan	nan	8.000	1408.373	-321.000	107.000	-428.000	321.000	1.450	1.855	3.730	
19	2.000	1.000	141.000	1321.000	1412.116	1414.319	1415.648	9,	1416.073,	nan	nan	9.000	1418.660	-321.000	428.000	-214.000	321.000	1.214	1.330	2.900	
19	2.000	1.000	142.000	1321.000	1421.575	1423.395	1424.473	8,	1424.893,	nan	nan	8.000	1427.487	-321.000	107.000	-107.000	428.000	0.833	1.079	2.540	
19	2.000	1.000	143.000	1321.000	1430.045	1432.807	1434.310	8,	1434.677,	nan	nan	8.000	1437.322	-107.000	107.000	-321.000	428.000	1.778	1.503	2.103	
19	2.000	1.000	144.000	1321.000	1439.457	1442.408	1443.221	8,	1444.040,	nan	nan	8.000	1446.233	-321.000	-107.000	-214.000	-107.000	1.981	0.814	2.579	
19	2.000	1.000	145.000	1321.000	1448.832	1450.854	1452.419	8,	1453.066,	nan	nan	8.000	1455.437	-428.000	214.000	-107.000	107.000	1.040	1.566	2.547	
19	2.000	1.000	146.000	1321.000	1457.997	1460.908	1462.189	9,	1462.829,	nan	nan	9.000	1465.208	-321.000	321.000	-214.000	107.000	1.923	1.281	3.518	
19	2.000	1.000	147.000	1321.000	1468.746	1470.903	1472.160	9,	1472.567,	nan	nan	9.000	1475.178	-107.000	321.000	-321.000	214.000	1.175	1.257	3.170	
19	2.000	1.000	148.000	1321.000	1478.363	1481.114	1482.298	8,	1482.669,	nan	nan	8.000	1485.315	-428.000	321.000	-107.000	428.000	1.764	1.185	2.720	
19	2.000	1.000	149.000	1321.000	1488.050	1490.671	1491.320	9,	1492.021,	nan	nan	9.000	1494.333	-214.000	214.000	-107.000	107.000	1.633	0.650	2.630	
19	2.000	1.000	150.000	1321.000	1496.988	1499.102	1500.098	8,	1500.522,	nan	nan	8.000	1503.111	-321.000	321.000	-107.000	428.000	1.137	0.997	2.605	
19	2.000	1.000	151.000	1321.000	1505.729	1508.718	1509.979	8,	1510.863,	nan	nan	8.000	1512.992	-321.000	321.000	-214.000	214.000	2.000	1.262	3.260	
19	2.000	1.000	152.000	1321.000	1516.280	1518.651	1520.096	8,	1520.427,	nan	nan	8.000	1523.114	-428.000	107.000	-321.000	428.000	1.397	1.445	3.408	
19	2.000	1.000	153.000	1321.000	1526.540	1528.097	1529.817	9,	1530.264,	nan	nan	9.000	1532.829	-214.000	214.000	-428.000	321.000	0.572	1.720	3.846	
19	2.000	1.000	154.000	1321.000	1536.692	1538.356	1539.772	9,	1540.116,	nan	nan	9.000	1542.790	-107.000	107.000	-428.000	321.000	0.678	1.416	2.141	
19	2.000	1.000	155.000	1321.000	1544.943	1546.477	1548.366	9,	1548.750,	nan	nan	9.000	1551.379	-107.000	321.000	-214.000	214.000	0.543	1.889	2.334	
19	2.000	1.000	156.000	1321.000	1553.750	1556.435	1557.306	8,	1557.786,	nan	nan	8.000	1560.319	-428.000	321.000	-214.000	214.000	1.720	0.871	3.614	
19	2.000	2.000	157.000	1321.000	12.679	15.240	17.066	8,	17.453,	nan	nan	8.000	20.081	321.000	-214.000	428.000	-214.000	1.561	1.826	3.704	
19	2.000	2.000	158.000	1321.000	23.813	26.407	27.938	9,	28.316,	nan	nan	9.000	30.955	-214.000	428.000	-107.000	214.000	1.619	1.532	2.476	
19	2.000	2.000	159.000	1321.000	33.446	35.739	37.632	9,	38.197,	nan	nan	9.000	40.645	-214.000	428.000	-428.000	107.000	1.305	1.894	3.711	
19	2.000	2.000	160.000	1321.000	44.377	47.020	48.981	9,	49.302,	nan	nan	9.000	51.993	-428.000	428.000	-321.000	107.000	1.662	1.961	3.286	
19	2.000	2.000	161.000	1321.000	55.294	58.103	59.968	8,	60.360,	nan	nan	8.000	62.986	-214.000	214.000	-321.000	321.000	1.822	1.865	3.595	
19	2.000	2.000	162.000	1321.000	66.596	69.467	71.052	9,	71.404,	nan	nan	9.000	74.069	-214.000	214.000	-428.000	107.000	1.884	1.585	3.164	
19	2.000	2.000	163.000	1321.000	77.249	79.985	81.135	9,	81.545,	nan	nan	9.000	84.148	-107.000	428.000	-214.000	214.000	1.749	1.151	3.441	
19	2.000	2.000	164.000	1321.000	87.603	89.467	90.671	8,	91.604,	nan	nan	8.000	93.688	-214.000	214.000	-107.000	321.000	0.876	1.204	2.502	
19	2.000	2.000	165.000	1321.000	96.205	97.774	99.084	9,	99.645,	nan	nan	9.000	102.096	-321.000	214.000	-428.000	107.000	0.582	1.310	3.968	
19	2.000	2.000	166.000	1321.000	106.077	108.029	109.754	9,	110.141,	nan	nan	9.000	112.771	-214.000	428.000	-321.000	107.000	0.963	1.725	3.646	
19	2.000	2.000	167.000	1321.000	116.459	118.113	119.876	9,	120.215,	nan	nan	9.000	122.894	-107.000	428.000	-321.000	107.000	0.693	1.764	3.190	
19	2.000	2.000	168.000	1321.000	126.118	128.228	129.104	9,	129.580,	nan	nan	9.000	132.120	-214.000	428.000	-107.000	107.000	1.141	0.876	2.894	
19	2.000	2.000	169.000	1321.000	135.038	137.640	139.437	8,	139.806,	nan	nan	8.000	142.454	-321.000	321.000	-107.000	214.000	1.624	1.797	3.531	
19	2.000	2.000	170.000	1321.000	146.000	147.757	148.565	8,	149.173,	nan	nan	8.000	151.583	321.000	214.000	428.000	214.000	0.770	0.809	3.794	
19	2.000	2.000	171.000	1321.000	155.413	157.525	159.183	9,	159.446,	nan	nan	9.000	162.200	-107.000	321.000	-428.000	107.000	1.146	1.658	3.601	
19	2.000	2.000	172.000	1321.000	165.816	168.735	170.330	9,	170.652,	nan	nan	9.000	173.343	-214.000	428.000	-321.000	214.000	1.932	1.595	4.000	
19	2.000	2.000	173.000	1321.000	177.357	178.869	180.232	8,	181.181,	nan	nan	8.000	183.249	-428.000	428.000	-214.000	107.000	0.524	1.363	2.810	
19	2.000	2.000	174.000	1321.000	186.075	187.962	189.151	8,	189.515,	nan	nan	8.000	192.168	-428.000	214.000	-321.000	321.000	0.900	1.190	2.309	
19	2.000	2.000	175.000	1321.000	194.492	197.069	198.813	9,	199.573,	nan	nan	9.000	201.826	-214.000	107.000	-321.000	214.000	1.590	1.744	2.039	
19	2.000	2.000	176.000	1321.000	203.891	205.425	206.624	8,	207.313,	nan	nan	8.000	209.636	-321.000	214.000	-107.000	107.000	0.558	1.199	2.791	
19	2.000	2.000	177.000	1321.000	212.442	214.701	216.300	8,	216.678,	nan	nan	8.000	219.318	-214.000	107.000	-321.000	321.000	1.272	1.600	3.395	
19	2.000	2.000	178.000	1321.000	222.728	225.320	226.534	8,	227.225,	nan	nan	8.000	229.547	-321.000	214.000	-214.000	107.000	1.605	1.214	3.042	
19	2.000	2.000	179.000	1321.000	232.604	234.641	235.878	8,	236.389,	nan	nan	8.000	238.895	-321.000	321.000	-428.000	428.000	1.050	1.238	2.598	
19	2.000	2.000	180.000	1321.000	241.508	244.351	245.579	9,	245.942,	nan	nan	9.000	248.592	-107.000	214.000	-428.000	107.000	1.855	1.228	2.232	
19	2.000	2.000	181.000	1321.000	250.844	253.623	254.446	9,	255.072,	nan	nan	9.000	257.458	-107.000	321.000	-428.000	428.000	1.797	0.823	2.675	
19	2.000	2.000	182.000	1321.000	260.148	262.518	263.018	9,	263.854,	nan	nan	9.000	266.030	-321.000	428.000	-214.000	107.000	1.383	0.500	2.431	
19	2.000	2.000	183.000	1321.000	268.476	270.827	272.325	8,	272.805,	nan	nan	8.000	275.337	-214.000	214.000	-107.000	214.000	1.363	1.498	3.100	
19	2.000	2.000	184.000	1321.000	278.452	280.069	281.013	8,	281.683,	nan	nan	8.000	284.031	-321.000	321.000	-214.000	428.000	0.630	0.944	3.981	
19	2.000	2.000	185.000	1321.000	288.027	290.831	292.459	8,	292.849,	nan	nan	8.000	295.477	-428.000	428.000	-107.000	214.000	1.817	1.629	3.125	
19	2.000	2.000	186.000	1321.000	298.617	300.823	302.519	9,	302.826,	nan	nan	9.000	305.532	-107.000	214.000	-321.000	321.000	1.219	1.696	3.511	
19	2.000	2.000	187.000	1321.000	309.058	310.955	312.323	9,	312.954,	nan	nan	9.000	315.340	-428.000	321.000	-321.000	107.000	0.910	1.368	3.421	
19	2.000	2.000	188.000	1321.000	318.775	321.628	322.619	9,	323.608,	nan	nan	9.000	325.636	-428.000	428.000	-107.000	107.000	1.865	0.992	3.801	
19	2.000	2.000	189.000	1321.000	329.452	331.055	332.191	9,	332.705,	nan	nan	9.000	335.208	-107.000	428.000	-214.000	321.000	0.616	1.137	2.277	
19	2.000	2.000	190.000	1321.000	337.500	339.233	340.113	9,	340.508,	nan	nan	9.000	343.125	-107.000	428.000	-214.000	107.000	0.746	0.881	3.389	
19	2.000	2.000	191.000	1321.000	346.539	349.174	349.765	8,	350.313,	nan	nan	8.000	352.777	-428.000	321.000	-321.000	428.000	1.658	0.592	3.048	
19	2.000	2.000	192.000	1321.000	355.840	357.954	359.404	8,	359.750,	nan	nan	8.000	362.417	-428.000	214.000	-214.000	321.000	1.127	1.450	2.412	
19	2.000	2.000	193.000	1321.000	364.843	366.456	367.925	9,	368.314,	nan	nan	9.000	370.938	-107.000	428.000	-428.000	107.000	0.625	1.469	2.772	
19	2.000	2.000	194.000	1321.000	373.724	375.260	376.189	8,	376.700,	nan	nan	8.000	379.202	-214.000	214.000	-321.000	428.000	0.548	0.929	2.013	
19	2.000	2.000	195.000	1321.000	381.229	383.932	384.909	9,	385.521,	nan	nan	9.000	387.921	-107.000	214.000	-428.000	321.000	1.715	0.977	2.154	
19	2.000	2.000	196.000	1321.000	390.090	392.909	394.233	8,	394.644,	nan	nan	8.000	397.245	-214.000	-321.000	-107.000	-321.000	1.831	1.325	2.752	
19	2.000	2.000	197.000	1321.000	400.013	401.611	403.292	8,	403.732,	nan	nan	8.000	406.311	-428.000	214.000	-214.000	107.000	0.611	1.682	3.228	
19	2.000	2.000	198.000	1321.000	409.554	412.025	413.996	9,	414.487,	nan	nan	9.000	417.013	-214.000	321.000	-321.000	107.000	1.484	1.971	3.833	
19	2.000	2.000	199.000	1321.000	420.861	423.081	424.932	8,	425.286,	nan	nan	8.000	427.949	-428.000	214.000	-321.000	428.000	1.233	1.850	2.643	
19	2.000	2.000	200.000	1321.000	430.607	433.363	435.304	8,	435.780,	nan	nan	8.000	438.317	-321.000	214.000	-107.000	321.000	1.768	1.942	3.691	
19	2.000	2.000	201.000	1321.000	442.023	443.511	445.457	9,	445.816,	nan	nan	9.000	448.476	-428.000	428.000	-214.000	214.000	0.500	1.947	3.891	
19	2.000	2.000	202.000	1321.000	452.384	454.636	455.685	9,	456.121,	nan	nan	9.000	458.698	-428.000	428.000	-321.000	214.000	1.267	1.050	2.907	
19	2.000	2.000	203.000	1321.000	461.618	463.339	464.519	9,	465.007,	nan	nan	9.000	467.532	-107.000	428.000	-321.000	214.000	0.732	1.180	3.010	
19	2.000	2.000	204.000	1321.000	470.556	472.048	474.043	8,	474.857,	nan	nan	8.000	477.060	-214.000	107.000	-107.000	428.000	0.505	1.995	2.463	
19	2.000	2.000	205.000	1321.000	479.536	481.102	482.055	8,	482.461,	nan	nan	8.000	485.068	-428.000	107.000	-107.000	214.000	0.577	0.953	3.910	
19	2.000	2.000	206.000	1321.000	489.176	491.353	492.103	8,	492.824,	nan	nan	8.000	495.116	-107.000	321.000	-214.000	428.000	1.373	0.751	3.666	
19	2.000	2.000	207.000	1321.000	498.807	500.588	502.177	8,	502.532,	nan	nan	8.000	505.194	-214.000	107.000	-107.000	321.000	0.804	1.590	3.736	
19	2.000	2.000	208.000	1321.000	508.942	511.889	513.879	9,	514.323,	nan	nan	9.000	516.897	-107.000	428.000	-321.000	321.000	1.957	1.990	2.624	
19	2.000	2.000	209.000	1321.000	519.559	521.428	522.921	8,	523.316,	nan	nan	8.000	525.934	214.000	-428.000	428.000	-428.000	0.905	1.494	3.344	
19	2.000	2.000	210.000	1321.000	529.306	531.007	532.683	8,	533.037,	nan	nan	8.000	535.696	-428.000	214.000	-107.000	321.000	0.727	1.677	3.859	
19	2.000	2.000	211.000	1321.000	539.578	541.842	543.659	8,	544.004,	nan	nan	8.000	546.677	-321.000	214.000	-428.000	428.000	1.286	1.817	3.241	
19	2.000	2.000	212.000	1321.000	549.943	552.004	553.294	8,	553.619,	nan	nan	8.000	556.312	-214.000	214.000	-428.000	428.000	1.084	1.291	3.460	
19	2.000	2.000	213.000	1321.000	559.784	561.371	562.116	8,	562.454,	nan	nan	8.000	565.130	-321.000	214.000	-214.000	321.000	0.596	0.746	2.785	
19	2.000	2.000	214.000	1321.000	567.925	569.682	570.205	9,	571.036,	nan	nan	9.000	573.224	-321.000	214.000	-428.000	321.000	0.765	0.524	2.746	
19	2.000	2.000	215.000	1321.000	575.999	577.858	578.598	9,	579.353,	nan	nan	9.000	581.611	-214.000	107.000	-428.000	321.000	0.886	0.741	3.942	
19	2.000	2.000	216.000	1321.000	585.569	588.015	588.544	9,	589.320,	nan	nan	9.000	591.561	-107.000	214.000	-321.000	107.000	1.460	0.529	3.479	
19	2.000	2.000	217.000	1321.000	595.055	597.024	598.952	9,	599.501,	nan	nan	9.000	601.965	-214.000	428.000	-321.000	321.000	0.982	1.928	2.135	
19	2.000	2.000	218.000	1321.000	604.115	605.655	607.578	8,	607.789,	nan	nan	8.000	610.595	-214.000	107.000	-428.000	428.000	0.553	1.923	2.026	
19	2.000	2.000	219.000	1321.000	612.636	615.015	616.561	9,	617.005,	nan	nan	9.000	619.574	-107.000	428.000	-428.000	214.000	1.392	1.547	2.740	
19	2.000	2.000	220.000	1321.000	622.343	624.814	626.389	8,	627.204,	nan	nan	8.000	629.408	-107.000	214.000	-214.000	321.000	1.498	1.576	2.521	
19	2.000	2.000	221.000	1321.000	631.944	634.010	634.630	8,	635.072,	nan	nan	8.000	637.647	-428.000	428.000	-214.000	321.000	1.079	0.621	3.434	
19	2.000	2.000	222.000	1321.000	641.096	644.025	645.436	8,	645.889,	nan	nan	8.000	648.452	214.000	321.000	428.000	321.000	1.942	1.412	3.318	
19	2.000	2.000	223.000	1321.000	651.786	653.572	654.992	8,	655.604,	nan	nan	8.000	658.005	-107.000	107.000	-214.000	214.000	0.799	1.421	2.116	
19	2.000	2.000	224.000	1321.000	660.136	662.968	663.724	9,	664.125,	nan	nan	9.000	666.736	-214.000	428.000	-428.000	214.000	1.846	0.756	3.087	
19	2.000	2.000	225.000	1321.000	669.838	671.479	672.331	9,	672.773,	nan	nan	9.000	675.349	-214.000	107.000	-428.000	214.000	0.654	0.852	2.727	
19	2.000	2.000	226.000	1321.000	678.090	679.761	680.873	9,	682.107,	nan	nan	9.000	683.887	-321.000	107.000	-428.000	214.000	0.683	1.113	3.453	
19	2.000	2.000	227.000	1321.000	687.355	689.662	690.301	9,	690.895,	nan	nan	9.000	693.318	-214.000	428.000	-428.000	321.000	1.320	0.640	3.659	
19	2.000	2.000	228.000	1321.000	696.992	698.600	699.437	9,	700.700,	nan	nan	9.000	702.455	-107.000	214.000	-428.000	428.000	0.621	0.838	3.331	
19	2.000	2.000	229.000	1321.000	705.815	708.079	708.593	8,	709.225,	nan	nan	8.000	711.611	-214.000	214.000	-107.000	428.000	1.291	0.514	3.588	
19	2.000	2.000	230.000	1321.000	715.215	718.139	720.009	9,	720.355,	nan	nan	9.000	723.021	-107.000	321.000	-321.000	107.000	1.937	1.870	3.852	
19	2.000	2.000	231.000	1321.000	726.930	729.205	730.746	9,	731.114,	nan	nan	9.000	733.759	-321.000	428.000	-428.000	321.000	1.330	1.542	3.698	
19	2.000	2.000	232.000	1321.000	737.485	739.948	741.571	8,	742.112,	nan	nan	8.000	744.584	-428.000	321.000	-214.000	107.000	1.489	1.624	2.360	
19	2.000	2.000	233.000	1321.000	746.960	748.765	749.853	8,	750.377,	nan	nan	8.000	752.866	-321.000	214.000	-107.000	428.000	0.818	1.088	2.450	
19	2.000	2.000	234.000	1321.000	755.330	757.320	758.779	9,	759.191,	nan	nan	9.000	761.792	-107.000	107.000	-428.000	214.000	1.002	1.460	3.151	
19	2.000	2.000	235.000	1321.000	764.961	767.597	768.372	8,	768.776,	nan	nan	8.000	771.385	-321.000	214.000	-107.000	214.000	1.653	0.775	3.363	
19	2.000	2.000	236.000	1321.000	774.763	777.104	778.158	9,	778.766,	nan	nan	9.000	781.177	-321.000	428.000	-107.000	214.000	1.354	1.055	3.756	
19	2.000	2.000	237.000	1321.000	784.950	787.192	787.788	8,	788.361,	nan	nan	8.000	790.800	-321.000	107.000	-107.000	214.000	1.257	0.596	2.836	
19	2.000	2.000	238.000	1321.000	793.651	795.669	796.694	8,	797.051,	nan	nan	8.000	799.706	-428.000	107.000	-214.000	321.000	1.031	1.026	2.669	
19	2.000	2.000	239.000	1321.000	802.440	805.112	806.538	8,	807.279,	nan	nan	8.000	809.555	-107.000	107.000	-214.000	321.000	1.735	1.426	2.559	
19	2.000	2.000	240.000	1321.000	812.179	814.871	816.769	8,	817.238,	nan	nan	8.000	819.782	-428.000	214.000	-214.000	428.000	1.754	1.899	3.350	
19	2.000	2.000	241.000	1321.000	823.160	824.697	826.364	9,	826.827,	nan	nan	9.000	829.377	-428.000	428.000	-321.000	321.000	0.563	1.667	3.916	
19	2.000	2.000	242.000	1321.000	833.320	836.257	837.036	9,	837.788,	nan	nan	9.000	840.054	-214.000	321.000	-107.000	214.000	1.961	0.780	2.225	
19	2.000	2.000	243.000	1321.000	842.294	844.153	844.937	9,	845.508,	nan	nan	9.000	847.949	-107.000	428.000	-428.000	321.000	0.871	0.785	3.209	
19	2.000	2.000	244.000	1321.000	851.185	853.350	854.824	8,	855.388,	nan	nan	8.000	857.837	-107.000	214.000	-321.000	428.000	1.190	1.474	2.682	
19	2.000	2.000	245.000	1321.000	860.560	862.489	863.895	9,	864.487,	nan	nan	9.000	866.908	-321.000	321.000	-428.000	107.000	0.968	1.407	2.399	
19	2.000	2.000	246.000	1321.000	869.337	871.947	873.903	8,	874.248,	nan	nan	8.000	876.916	-428.000	321.000	-107.000	107.000	1.638	1.957	3.563	
19	2.000	2.000	247.000	1321.000	880.494	883.452	885.283	9,	885.712,	nan	nan	9.000	888.295	-214.000	321.000	-107.000	107.000	1.971	1.831	3.627	
19	2.000	2.000	248.000	1321.000	891.937	894.596	895.631	8,	896.098,	nan	nan	8.000	898.649	-321.000	-428.000	-107.000	-428.000	1.672	1.035	3.383	
19	2.000	2.000	249.000	1321.000	902.053	903.721	905.075	8,	905.855,	nan	nan	8.000	908.087	-321.000	428.000	-107.000	321.000	0.688	1.354	3.370	
19	2.000	2.000	250.000	1321.000	911.472	914.271	914.775	9,	915.385,	nan	nan	9.000	917.787	-321.000	428.000	-107.000	107.000	1.812	0.505	3.871	
19	2.000	2.000	251.000	1321.000	921.674	923.599	924.393	8,	925.325,	nan	nan	8.000	927.411	-321.000	214.000	-214.000	428.000	0.939	0.794	3.884	
19	2.000	2.000	252.000	1321.000	931.310	933.641	934.353	9,	935.141,	nan	nan	9.000	937.369	-107.000	107.000	-321.000	214.000	1.344	0.712	3.415	
19	2.000	2.000	253.000	1321.000	940.799	942.850	943.774	9,	944.217,	nan	nan	9.000	946.787	-214.000	321.000	-428.000	214.000	1.064	0.924	3.685	
19	2.000	2.000	254.000	1321.000	950.488	952.876	953.419	8,	954.113,	nan	nan	8.000	956.437	-214.000	107.000	-107.000	214.000	1.402	0.543	2.881	
19	2.000	2.000	255.000	1321.000	959.332	961.726	962.583	8,	963.880,	nan	nan	8.000	965.594	-428.000	321.000	-321.000	214.000	1.407	0.857	2.296	
19	2.000	2.000	256.000	1321.000	967.913	970.241	971.932	8,	972.266,	nan	nan	8.000	974.945	-321.000	107.000	-214.000	214.000	1.349	1.691	3.473	
19	2.000	2.000	257.000	1321.000	978.448	980.841	982.378	9,	982.732,	nan	nan	9.000	985.397	-107.000	321.000	-321.000	428.000	1.421	1.537	3.839	
19	2.000	2.000	258.000	1321.000	989.260	991.515	993.297	9,	993.721,	nan	nan	9.000	996.311	-214.000	321.000	-428.000	107.000	1.277	1.783	3.029	
19	2.000	2.000	259.000	1321.000	999.354	1001.155	1001.882	9,	1002.496,	nan	nan	9.000	1004.900	-321.000	428.000	-428.000	214.000	0.814	0.727	3.672	
19	2.000	2.000	260.000	1321.000	1008.593	1010.547	1011.640	9,	1012.044,	nan	nan	9.000	1014.652	-214.000	428.000	-107.000	321.000	0.973	1.093	2.405	
19	2.000	2.000	261.000	1321.000	1017.072	1019.886	1020.853	8,	1021.403,	nan	nan	8.000	1023.872	214.000	-321.000	321.000	-321.000	1.826	0.968	2.077	
19	2.000	2.000	262.000	1321.000	1025.964	1027.596	1028.544	8,	1029.390,	nan	nan	8.000	1031.556	-321.000	107.000	-107.000	321.000	0.645	0.949	3.376	
19	2.000	2.000	263.000	1321.000	1034.958	1037.004	1037.668	9,	1038.130,	nan	nan	9.000	1040.685	-321.000	428.000	-428.000	107.000	1.069	0.664	3.016	
19	2.000	2.000	264.000	1321.000	1043.714	1046.081	1047.256	8,	1048.232,	nan	nan	8.000	1050.274	-107.000	107.000	-321.000	321.000	1.378	1.175	3.723	
19	2.000	2.000	265.000	1321.000	1054.013	1056.073	1057.653	9,	1058.138,	nan	nan	9.000	1060.666	-321.000	321.000	-107.000	107.000	1.074	1.580	2.617	
19	2.000	2.000	266.000	1321.000	1063.298	1065.928	1066.992	8,	1067.662,	nan	nan	8.000	1070.005	-428.000	107.000	-214.000	214.000	1.643	1.064	2.932	
19	2.000	2.000	267.000	1321.000	1072.952	1074.724	1075.262	8,	1075.863,	nan	nan	8.000	1078.275	-428.000	107.000	-107.000	321.000	0.785	0.539	3.955	
19	2.000	2.000	268.000	1321.000	1082.248	1084.055	1084.738	9,	1085.437,	nan	nan	9.000	1087.756	-214.000	321.000	-321.000	214.000	0.823	0.683	3.203	
19	2.000	2.000	269.000	1321.000	1090.973	1092.475	1093.741	9,	1094.163,	nan	nan	9.000	1096.754	-107.000	321.000	-214.000	107.000	0.514	1.267	3.299	
19	2.000	2.000	270.000	1321.000	1100.068	1101.912	1103.419	9,	1103.459,	nan	nan	9.000	1106.437	-428.000	214.000	-321.000	107.000	0.857	1.508	2.965	
19	2.000	2.000	271.000	1321.000	1109.418	1110.938	1112.904	8,	1113.204,	nan	nan	8.000	1115.917	-428.000	428.000	-107.000	321.000	0.534	1.966	3.305	
19	2.000	2.000	272.000	1321.000	1119.238	1121.153	1122.796	8,	1123.144,	nan	nan	8.000	1125.808	-428.000	321.000	-214.000	428.000	0.929	1.643	2.341	
19	2.000	2.000	273.000	1321.000	1128.183	1131.146	1132.032	9,	1132.427,	nan	nan	9.000	1135.044	-107.000	321.000	-428.000	214.000	1.995	0.886	3.183	
19	2.000	2.000	274.000	1321.000	1138.251	1140.346	1141.309	8,	1142.231,	nan	nan	8.000	1144.327	214.000	107.000	321.000	107.000	1.117	0.963	2.244	
19	2.000	2.000	275.000	1321.000	1146.603	1148.243	1149.678	8,	1149.994,	nan	nan	8.000	1152.690	-428.000	321.000	-214.000	214.000	0.669	1.436	3.608	
19	2.000	2.000	276.000	1321.000	1156.335	1158.562	1159.688	8,	1160.109,	nan	nan	8.000	1162.701	-107.000	107.000	-321.000	428.000	1.262	1.127	3.949	
19	2.000	2.000	277.000	1321.000	1166.687	1169.251	1170.980	8,	1172.060,	nan	nan	8.000	1173.999	-428.000	214.000	-107.000	428.000	1.600	1.730	2.006	
19	2.000	2.000	278.000	1321.000	1176.021	1178.158	1179.367	8,	1179.741,	nan	nan	8.000	1182.384	-428.000	321.000	-107.000	214.000	1.151	1.209	2.778	
19	2.000	2.000	279.000	1321.000	1185.190	1187.759	1189.243	8,	1189.577,	nan	nan	8.000	1192.256	-107.000	107.000	-428.000	428.000	1.595	1.484	2.174	
19	2.000	2.000	280.000	1321.000	1194.448	1197.098	1198.944	8,	1199.331,	nan	nan	8.000	1201.957	-428.000	107.000	-107.000	428.000	1.667	1.846	2.984	
19	2.000	2.000	281.000	1321.000	1204.977	1207.841	1209.648	9,	1210.074,	nan	nan	9.000	1212.666	-107.000	321.000	-214.000	214.000	1.899	1.807	2.920	
19	2.000	2.000	282.000	1321.000	1215.602	1218.197	1220.182	8,	1220.356,	nan	nan	8.000	1223.195	-214.000	107.000	-321.000	428.000	1.609	1.986	2.373	
19	2.000	2.000	283.000	1321.000	1225.583	1227.490	1229.393	9,	1229.445,	nan	nan	9.000	1232.411	-107.000	214.000	-214.000	107.000	0.920	1.904	2.212	
19	2.000	2.000	284.000	1321.000	1234.639	1236.328	1237.267	8,	1237.667,	nan	nan	8.000	1240.279	-107.000	214.000	-214.000	428.000	0.703	0.939	2.019	
19	2.000	2.000	285.000	1321.000	1242.314	1244.823	1246.702	9,	1247.071,	nan	nan	9.000	1249.715	-214.000	214.000	-321.000	107.000	1.523	1.879	3.498	
19	2.000	2.000	286.000	1321.000	1253.233	1255.323	1257.034	9,	1257.370,	nan	nan	9.000	1260.052	-321.000	321.000	-214.000	107.000	1.108	1.711	3.138	
19	2.000	2.000	287.000	1321.000	1263.205	1266.086	1267.247	8,	1267.644,	nan	nan	8.000	1270.264	-321.000	428.000	-214.000	428.000	1.894	1.161	3.158	
19	2.000	2.000	288.000	1321.000	1273.437	1275.864	1276.374	8,	1277.433,	nan	nan	8.000	1279.390	-321.000	321.000	-107.000	428.000	1.441	0.510	2.759	
19	2.000	2.000	289.000	1321.000	1282.171	1283.743	1285.719	8,	1286.119,	nan	nan	8.000	1288.731	-214.000	321.000	-107.000	428.000	0.592	1.976	2.148	
19	2.000	2.000	290.000	1321.000	1290.900	1292.974	1294.974	8,	1295.354,	nan	nan	8.000	1297.992	-321.000	107.000	-107.000	428.000	1.093	2.000	2.206	
19	2.000	2.000	291.000	1321.000	1300.214	1301.729	1302.263	9,	1303.755,	nan	nan	9.000	1305.275	-214.000	321.000	-428.000	428.000	0.529	0.534	2.084	
19	2.000	2.000	292.000	1321.000	1307.374	1309.791	1311.174	8,	1311.917,	nan	nan	8.000	1314.185	-321.000	107.000	-428.000	321.000	1.431	1.383	3.177	
19	2.000	2.000	293.000	1321.000	1317.378	1319.231	1320.551	9,	1320.909,	nan	nan	9.000	1323.569	-107.000	107.000	-428.000	321.000	0.867	1.320	3.621	
19	2.000	2.000	294.000	1321.000	1327.205	1329.251	1330.957	9,	1331.375,	nan	nan	9.000	1333.969	-321.000	428.000	-214.000	214.000	1.059	1.706	2.251	
19	2.000	2.000	295.000	1321.000	1336.235	1338.788	1340.701	8,	1341.488,	nan	nan	8.000	1343.718	-321.000	107.000	-214.000	428.000	1.566	1.913	3.768	
19	2.000	2.000	296.000	1321.000	1347.502	1349.138	1350.072	8,	1350.494,	nan	nan	8.000	1353.090	-428.000	107.000	-321.000	214.000	0.650	0.934	2.945	
19	2.000	2.000	297.000	1321.000	1356.050	1357.986	1358.828	9,	1359.786,	nan	nan	9.000	1361.840	-214.000	214.000	-428.000	321.000	0.949	0.842	2.032	
19	2.000	2.000	298.000	1321.000	1363.887	1366.455	1368.213	8,	1368.755,	nan	nan	8.000	1371.230	-214.000	321.000	-321.000	428.000	1.580	1.759	2.129	
19	2.000	2.000	299.000	1321.000	1373.406	1376.105	1376.995	8,	1377.376,	nan	nan	8.000	1380.007	-428.000	321.000	-107.000	428.000	1.744	0.891	3.312	
19	2.000	2.000	300.000	1321.000	1383.339	1385.029	1386.126	8,	1386.861,	nan	nan	8.000	1389.144	-321.000	-107.000	-214.000	-107.000	0.707	1.098	2.572	
19	2.000	2.000	301.000	1321.000	1391.735	1393.238	1394.070	8,	1395.341,	nan	nan	8.000	1397.083	-428.000	214.000	-107.000	107.000	0.519	0.833	3.820	
19	2.000	2.000	302.000	1321.000	1400.919	1403.433	1405.003	9,	1405.533,	nan	nan	9.000	1408.020	-321.000	321.000	-214.000	214.000	1.527	1.571	3.897	
19	2.000	2.000	303.000	1321.000	1411.933	1413.728	1415.332	8,	1415.718,	nan	nan	8.000	1418.351	-107.000	107.000	-214.000	428.000	0.809	1.605	2.469	
19	2.000	2.000	304.000	1321.000	1420.835	1422.747	1424.095	8,	1424.596,	nan	nan	8.000	1427.113	-321.000	107.000	-214.000	321.000	0.924	1.349	3.556	
19	2.000	2.000	305.000	1321.000	1430.685	1433.623	1434.340	9,	1435.655,	nan	nan	9.000	1437.353	-321.000	428.000	-214.000	321.000	1.952	0.717	2.952	
19	2.000	2.000	306.000	1321.000	1440.320	1442.284	1443.536	8,	1443.940,	nan	nan	8.000	1446.549	-428.000	107.000	-321.000	428.000	0.977	1.252	3.543	
19	2.000	2.000	307.000	1321.000	1450.126	1452.680	1453.368	8,	1453.888,	nan	nan	8.000	1456.386	-428.000	107.000	-214.000	428.000	1.585	0.688	2.270	
19	2.000	2.000	308.000	1321.000	1458.671	1461.537	1463.474	9,	1463.916,	nan	nan	9.000	1466.494	-321.000	321.000	-428.000	214.000	1.879	1.937	2.508	
19	2.000	2.000	309.000	1321.000	1469.024	1471.730	1472.798	8,	1473.674,	nan	nan	8.000	1475.811	-321.000	107.000	-428.000	428.000	1.725	1.069	2.823	
19	2.000	2.000	310.000	1321.000	1478.650	1481.265	1482.879	9,	1483.193,	nan	nan	9.000	1485.891	-107.000	321.000	-321.000	214.000	1.629	1.614	2.804	
19	2.000	2.000	311.000	1321.000	1488.759	1491.480	1492.539	8,	1492.939,	nan	nan	8.000	1495.551	-428.000	107.000	-321.000	321.000	1.783	1.059	2.109	
19	2.000	2.000	312.000	1321.000	1497.677	1499.404	1500.801	9,	1501.114,	nan	nan	9.000	1503.813	-214.000	214.000	-107.000	107.000	0.741	1.397	2.257	
