subjID	session	Block	trialCount	earnings	Gam1Onset	Gam2Onset	FBOnset	KPs	RT	KPlate	RTlate	KP_Final	SLOnset	Gam1_1	Gam1_2	Gam2_1	Gam2_2	jit1	jit2	jit3	
1	2.000	1.000	1.000	1321.000	78.231	79.727	81.557	8,	82.008,	nan	nan	8.000	84.573	321.000	-321.000	428.000	-321.000	0.500	1.831	3.826	
1	2.000	1.000	2.000	1321.000	88.411	91.142	92.138	8,	92.783,	nan	nan	8.000	95.156	-321.000	214.000	-107.000	107.000	1.740	0.997	2.270	
1	2.000	1.000	3.000	1321.000	97.436	99.387	100.832	9,	102.153,	nan	nan	9.000	103.845	-321.000	214.000	-428.000	107.000	0.958	1.445	3.260	
1	2.000	1.000	4.000	1321.000	107.124	109.027	110.800	9,	110.990,	nan	nan	9.000	113.813	-107.000	321.000	-428.000	428.000	0.920	1.773	2.103	
1	2.000	1.000	5.000	1321.000	115.926	118.055	119.172	9,	119.460,	nan	nan	9.000	122.184	-428.000	428.000	-214.000	107.000	1.137	1.117	2.701	
1	2.000	1.000	6.000	1321.000	124.917	127.820	129.101	8,	129.543,	nan	nan	8.000	132.113	-428.000	321.000	-321.000	428.000	1.932	1.281	3.518	
1	2.000	1.000	7.000	1321.000	135.644	138.290	139.369	9,	139.591,	nan	nan	9.000	142.388	-214.000	428.000	-321.000	107.000	1.658	1.079	2.521	
1	2.000	1.000	8.000	1321.000	144.938	147.013	148.145	9,	148.631,	nan	nan	9.000	151.157	-321.000	428.000	-214.000	107.000	1.103	1.132	3.904	
1	2.000	1.000	9.000	1321.000	155.076	156.726	157.757	9,9,	158.392,159.552,	nan	nan	9.000	160.770	-214.000	428.000	-107.000	214.000	0.664	1.031	3.209	
1	2.000	1.000	10.000	1321.000	163.990	166.392	168.199	8,	168.872,	nan	nan	8.000	171.217	-321.000	321.000	-214.000	428.000	1.412	1.807	3.601	
1	2.000	1.000	11.000	1321.000	174.834	177.685	178.277	9,	178.893,	nan	nan	9.000	181.289	-107.000	428.000	-428.000	107.000	1.865	0.592	3.119	
1	2.000	1.000	12.000	1321.000	184.425	186.591	188.175	9,	188.756,	nan	nan	9.000	191.188	-107.000	428.000	-214.000	214.000	1.180	1.585	3.299	
1	2.000	1.000	13.000	1321.000	194.500	196.337	197.251	9,	198.987,	nan	nan	9.000	200.270	-214.000	428.000	-428.000	107.000	0.847	0.915	3.691	
1	2.000	1.000	14.000	1321.000	204.003	205.540	207.115	8,	208.075,	nan	nan	8.000	210.128	321.000	107.000	428.000	107.000	0.577	1.576	2.637	
1	2.000	1.000	15.000	1321.000	212.786	214.783	215.775	9,	216.356,	nan	nan	9.000	218.787	-428.000	321.000	-321.000	107.000	1.016	0.992	2.000	
1	2.000	1.000	16.000	1321.000	220.797	222.843	223.811	8,	224.337,	nan	nan	8.000	226.829	-428.000	214.000	-214.000	321.000	1.055	0.968	3.080	
1	2.000	1.000	17.000	1321.000	229.943	232.289	233.450	8,	235.107,	nan	nan	8.000	236.463	-214.000	107.000	-321.000	214.000	1.378	1.161	2.386	
1	2.000	1.000	18.000	1321.000	238.870	240.982	242.394	9,	243.074,	nan	nan	9.000	245.407	-107.000	428.000	-321.000	107.000	1.132	1.412	2.707	
1	2.000	1.000	19.000	1321.000	248.156	250.065	252.064	9,	252.610,	nan	nan	9.000	255.077	-107.000	214.000	-321.000	321.000	0.949	2.000	2.907	
1	2.000	1.000	20.000	1321.000	258.002	260.624	262.566	8,	263.024,	nan	nan	8.000	265.579	-214.000	214.000	-321.000	428.000	1.638	1.942	2.225	
1	2.000	1.000	21.000	1321.000	267.828	270.778	272.483	9,	273.136,	nan	nan	9.000	275.496	-107.000	214.000	-428.000	321.000	1.971	1.706	2.585	
1	2.000	1.000	22.000	1321.000	278.105	280.533	282.166	8,	282.961,	nan	nan	8.000	285.185	-214.000	214.000	-107.000	321.000	1.450	1.633	2.643	
1	2.000	1.000	23.000	1321.000	287.855	290.536	292.058	8,	293.052,	nan	nan	8.000	295.071	-428.000	214.000	-321.000	321.000	1.706	1.523	3.781	
1	2.000	1.000	24.000	1321.000	298.870	301.748	302.475	9,	303.147,	nan	nan	9.000	305.492	-214.000	214.000	-428.000	107.000	1.894	0.727	3.717	
1	2.000	1.000	25.000	1321.000	309.243	312.062	313.652	9,	314.238,	nan	nan	9.000	316.664	-107.000	321.000	-428.000	107.000	1.850	1.590	2.109	
1	2.000	1.000	26.000	1321.000	318.787	320.652	322.082	9,	323.078,	nan	nan	9.000	325.095	-214.000	428.000	-321.000	214.000	0.876	1.431	3.248	
1	2.000	1.000	27.000	1321.000	328.357	331.075	331.651	8,	332.702,	nan	nan	8.000	334.665	-214.000	214.000	-107.000	214.000	1.730	0.577	3.723	
1	2.000	1.000	28.000	1321.000	338.403	340.994	342.695	nan	nan	9.000	345.742	nan	nan	-321.000	214.000	-214.000	107.000	1.605	1.701	3.125	
1	2.000	1.000	29.000	1321.000	348.891	351.459	352.031	8,	353.123,	nan	nan	8.000	355.043	-428.000	428.000	-321.000	107.000	1.590	0.572	3.415	
1	2.000	1.000	30.000	1321.000	358.483	360.799	361.472	9,	363.320,	nan	nan	9.000	364.491	-428.000	428.000	-107.000	107.000	1.339	0.674	3.158	
1	2.000	1.000	31.000	1321.000	367.684	369.594	371.271	9,	372.048,	nan	nan	9.000	374.284	-321.000	321.000	-428.000	428.000	0.944	1.677	2.945	
1	2.000	1.000	32.000	1321.000	377.248	378.914	380.808	9,	381.033,	nan	nan	9.000	383.822	-214.000	428.000	-107.000	107.000	0.683	1.894	3.981	
1	2.000	1.000	33.000	1321.000	387.827	389.965	391.140	8,	391.663,	nan	nan	8.000	394.158	-214.000	107.000	-321.000	321.000	1.161	1.175	2.759	
1	2.000	1.000	34.000	1321.000	396.939	399.847	401.688	8,	402.316,	nan	nan	8.000	404.707	-321.000	321.000	-107.000	214.000	1.928	1.841	2.148	
1	2.000	1.000	35.000	1321.000	406.878	409.645	410.448	9,	410.839,	nan	nan	9.000	413.461	-107.000	428.000	-214.000	107.000	1.788	0.804	3.736	
1	2.000	1.000	36.000	1321.000	417.221	419.813	421.740	9,	422.237,	nan	nan	9.000	424.759	-107.000	214.000	-428.000	107.000	1.614	1.928	2.064	
1	2.000	1.000	37.000	1321.000	426.845	429.175	431.001	9,	431.456,	nan	nan	9.000	434.013	-107.000	428.000	-214.000	321.000	1.349	1.826	3.132	
1	2.000	1.000	38.000	1321.000	437.169	440.114	441.858	8,	442.561,	nan	nan	8.000	444.871	-428.000	428.000	-107.000	214.000	1.966	1.744	3.563	
1	2.000	1.000	39.000	1321.000	448.458	450.669	451.901	8,	452.934,	nan	nan	8.000	454.919	-214.000	214.000	-321.000	321.000	1.233	1.233	2.939	
1	2.000	1.000	40.000	1321.000	457.884	459.698	460.540	nan	nan	nan	nan	nan	nan	-214.000	-428.000	-107.000	-428.000	0.838	0.842	2.894	
1	2.000	1.000	41.000	1321.000	466.483	468.584	469.783	8,	470.062,	nan	nan	8.000	472.802	-428.000	107.000	-107.000	214.000	1.113	1.199	3.241	
1	2.000	1.000	42.000	1321.000	476.066	478.891	479.868	8,	480.546,	nan	nan	8.000	482.886	-428.000	428.000	-214.000	214.000	1.846	0.977	3.788	
1	2.000	1.000	43.000	1321.000	486.689	488.586	489.206	9,	490.262,	nan	nan	9.000	492.224	-214.000	428.000	-321.000	321.000	0.910	0.621	3.466	
1	2.000	1.000	44.000	1321.000	495.708	498.336	499.892	9,	500.080,	nan	nan	9.000	502.911	-107.000	214.000	-321.000	107.000	1.643	1.556	2.990	
1	2.000	1.000	45.000	1321.000	505.916	508.088	509.138	8,	509.978,	nan	nan	8.000	512.155	-428.000	321.000	-214.000	107.000	1.185	1.050	2.232	
1	2.000	1.000	46.000	1321.000	514.419	516.221	517.748	9,	518.227,	nan	nan	9.000	520.766	-107.000	428.000	-321.000	214.000	0.833	1.527	3.421	
1	2.000	1.000	47.000	1321.000	524.211	525.877	527.645	9,	528.188,	nan	nan	9.000	530.664	-321.000	428.000	-428.000	321.000	0.688	1.768	2.315	
1	2.000	1.000	48.000	1321.000	533.003	535.185	536.582	9,	537.012,	nan	nan	9.000	539.595	-107.000	428.000	-321.000	321.000	1.204	1.397	3.215	
1	2.000	1.000	49.000	1321.000	542.842	545.572	546.274	8,	546.928,	nan	nan	8.000	549.292	-214.000	107.000	-107.000	428.000	1.759	0.703	3.286	
1	2.000	1.000	50.000	1321.000	552.602	555.306	556.669	9,	557.267,	nan	nan	9.000	559.687	-107.000	107.000	-428.000	214.000	1.725	1.363	4.000	
1	2.000	1.000	51.000	1321.000	563.702	566.053	566.572	9,	567.736,	nan	nan	9.000	569.590	-214.000	107.000	-428.000	428.000	1.363	0.519	3.698	
1	2.000	1.000	52.000	1321.000	573.302	575.465	577.059	9,	578.093,	nan	nan	9.000	580.072	-107.000	214.000	-214.000	321.000	1.175	1.595	2.360	
1	2.000	1.000	53.000	1321.000	582.468	583.958	585.813	8,	586.348,	nan	nan	8.000	588.831	214.000	-214.000	428.000	-214.000	0.524	1.855	2.199	
1	2.000	1.000	54.000	1321.000	591.054	593.276	593.954	8,	594.928,	nan	nan	8.000	596.966	-428.000	214.000	-321.000	428.000	1.243	0.678	3.177	
1	2.000	1.000	55.000	1321.000	600.158	603.068	604.127	9,	604.948,	nan	nan	9.000	607.146	-214.000	107.000	-428.000	214.000	1.923	1.059	3.743	
1	2.000	1.000	56.000	1321.000	610.903	613.808	615.413	8,	615.917,	nan	nan	8.000	618.426	-428.000	428.000	-321.000	214.000	1.918	1.605	2.830	
1	2.000	1.000	57.000	1321.000	621.285	623.066	623.874	nan	nan	nan	nan	nan	nan	-107.000	214.000	-428.000	428.000	0.809	0.809	3.473	
1	2.000	1.000	58.000	1321.000	630.395	632.824	634.182	9,	634.405,	nan	nan	9.000	637.195	-321.000	214.000	-428.000	321.000	1.441	1.359	3.235	
1	2.000	1.000	59.000	1321.000	640.453	642.940	644.809	8,	645.167,	nan	nan	8.000	647.828	-428.000	214.000	-107.000	321.000	1.508	1.870	2.206	
1	2.000	1.000	60.000	1321.000	650.066	651.859	653.569	8,	654.396,	nan	nan	8.000	656.582	-321.000	107.000	-428.000	214.000	0.823	1.711	2.971	
1	2.000	1.000	61.000	1321.000	659.577	661.200	662.505	8,	662.991,	nan	nan	8.000	665.523	-321.000	214.000	-214.000	321.000	0.645	1.305	2.277	
1	2.000	1.000	62.000	1321.000	667.815	669.644	671.432	8,	671.920,	nan	nan	8.000	674.445	-428.000	214.000	-214.000	107.000	0.842	1.788	2.862	
1	2.000	1.000	63.000	1321.000	677.321	679.286	679.854	8,	680.369,	nan	nan	8.000	682.867	-214.000	214.000	-107.000	428.000	0.977	0.568	3.936	
1	2.000	1.000	64.000	1321.000	686.817	689.583	691.433	9,	691.979,	nan	nan	9.000	694.445	-107.000	107.000	-214.000	214.000	1.778	1.850	2.746	
1	2.000	1.000	65.000	1321.000	697.206	699.986	701.566	9,	701.972,	nan	nan	9.000	704.578	-214.000	428.000	-428.000	321.000	1.793	1.580	2.534	
1	2.000	1.000	66.000	1321.000	707.137	709.125	711.009	8,	711.463,	nan	nan	8.000	714.027	214.000	321.000	428.000	321.000	1.011	1.884	3.878	
1	2.000	1.000	67.000	1321.000	717.930	719.561	720.225	9,	720.892,	nan	nan	9.000	723.243	-214.000	321.000	-321.000	107.000	0.654	0.664	2.122	
1	2.000	1.000	68.000	1321.000	725.390	727.899	729.229	9,	729.557,	nan	nan	9.000	732.241	-107.000	428.000	-428.000	214.000	1.532	1.330	2.823	
1	2.000	1.000	69.000	1321.000	735.078	737.333	739.289	9,	739.752,	nan	nan	9.000	742.307	-107.000	321.000	-214.000	428.000	1.267	1.957	3.434	
1	2.000	1.000	70.000	1321.000	745.756	748.314	749.267	9,	750.264,	nan	nan	9.000	752.280	-214.000	214.000	-428.000	428.000	1.571	0.953	2.842	
1	2.000	1.000	71.000	1321.000	755.137	757.637	758.325	8,	760.285,	nan	nan	8.000	761.337	-321.000	214.000	-428.000	428.000	1.513	0.688	3.376	
1	2.000	1.000	72.000	1321.000	764.741	766.977	768.547	8,	768.941,	nan	nan	8.000	771.566	-321.000	214.000	-107.000	428.000	1.262	1.571	3.048	
1	2.000	1.000	73.000	1321.000	774.628	776.695	777.552	9,	778.201,	nan	nan	9.000	780.570	-214.000	107.000	-428.000	321.000	1.079	0.857	3.968	
1	2.000	1.000	74.000	1321.000	784.555	786.648	787.331	9,	787.754,	nan	nan	9.000	790.348	-107.000	321.000	-321.000	107.000	1.108	0.683	3.395	
1	2.000	1.000	75.000	1321.000	793.759	796.625	798.307	8,	798.709,	nan	nan	8.000	801.324	-321.000	214.000	-107.000	321.000	1.879	1.682	2.238	
1	2.000	1.000	76.000	1321.000	803.577	805.648	806.254	8,	806.771,	nan	nan	8.000	809.272	-214.000	107.000	-107.000	321.000	1.084	0.606	2.135	
1	2.000	1.000	77.000	1321.000	811.420	813.343	814.643	8,	815.525,	nan	nan	8.000	817.661	-428.000	428.000	-214.000	321.000	0.934	1.301	2.412	
1	2.000	1.000	78.000	1321.000	820.102	821.633	823.059	9,	823.499,	nan	nan	9.000	826.071	-214.000	428.000	-428.000	214.000	0.558	1.426	3.498	
1	2.000	1.000	79.000	1321.000	829.593	831.438	832.661	8,	833.076,	nan	nan	8.000	835.673	-321.000	428.000	-107.000	428.000	0.867	1.223	3.113	
1	2.000	1.000	80.000	1321.000	838.809	840.693	842.673	8,	843.074,	nan	nan	8.000	845.692	-107.000	107.000	-214.000	321.000	0.905	1.981	3.312	
1	2.000	1.000	81.000	1321.000	849.036	851.214	852.944	9,	853.451,	nan	nan	9.000	855.962	-428.000	428.000	-321.000	321.000	1.209	1.730	3.653	
1	2.000	1.000	82.000	1321.000	859.635	862.598	863.869	8,	864.572,	nan	nan	8.000	866.882	-428.000	321.000	-107.000	107.000	1.981	1.272	2.785	
1	2.000	1.000	83.000	1321.000	869.699	871.444	872.648	9,	873.174,	nan	nan	9.000	875.665	-321.000	428.000	-107.000	107.000	0.775	1.204	3.531	
1	2.000	1.000	84.000	1321.000	879.257	880.958	881.655	9,	882.126,	nan	nan	9.000	884.668	-107.000	321.000	-214.000	107.000	0.760	0.698	3.029	
1	2.000	1.000	85.000	1321.000	887.717	889.378	891.127	8,	891.558,	nan	nan	8.000	894.145	-321.000	214.000	-214.000	428.000	0.678	1.749	3.151	
1	2.000	1.000	86.000	1321.000	897.312	899.801	900.677	9,	901.077,	nan	nan	9.000	903.696	-107.000	321.000	-428.000	214.000	1.503	0.876	3.267	
1	2.000	1.000	87.000	1321.000	906.983	908.696	909.668	8,	910.128,	nan	nan	8.000	912.687	-321.000	107.000	-107.000	321.000	0.732	0.973	2.090	
1	2.000	1.000	88.000	1321.000	914.791	916.568	918.018	8,	918.458,	nan	nan	8.000	921.037	-428.000	428.000	-107.000	321.000	0.789	1.450	2.752	
1	2.000	1.000	89.000	1321.000	923.808	926.690	927.754	9,	928.241,	nan	nan	9.000	930.767	-321.000	428.000	-428.000	107.000	1.899	1.064	3.441	
1	2.000	1.000	90.000	1321.000	934.222	936.978	938.086	9,	938.534,	nan	nan	9.000	941.104	-214.000	321.000	-428.000	107.000	1.768	1.108	3.325	
1	2.000	1.000	91.000	1321.000	944.446	946.201	947.810	9,	948.566,	nan	nan	9.000	950.828	-107.000	214.000	-321.000	428.000	0.770	1.609	3.543	
1	2.000	1.000	92.000	1321.000	954.394	956.732	957.623	8,	959.223,	nan	nan	8.000	960.635	-321.000	-428.000	-107.000	-428.000	1.359	0.891	3.190	
1	2.000	1.000	93.000	1321.000	963.842	965.592	966.526	8,	967.436,	nan	nan	8.000	969.539	-321.000	107.000	-107.000	214.000	0.765	0.934	3.003	
1	2.000	1.000	94.000	1321.000	972.561	975.100	976.184	8,	976.621,	nan	nan	8.000	979.201	-428.000	321.000	-214.000	428.000	1.556	1.084	3.055	
1	2.000	1.000	95.000	1321.000	982.326	985.075	987.060	9,	987.577,	nan	nan	9.000	990.071	-107.000	107.000	-321.000	214.000	1.817	1.986	2.630	
1	2.000	1.000	96.000	1321.000	992.716	995.284	996.903	8,	997.618,	nan	nan	8.000	999.921	-428.000	107.000	-214.000	214.000	1.580	1.619	3.659	
1	2.000	1.000	97.000	1321.000	1003.592	1006.100	1006.865	9,	1007.817,	nan	nan	9.000	1009.884	-214.000	321.000	-321.000	214.000	1.518	0.765	3.164	
1	2.000	1.000	98.000	1321.000	1013.068	1015.114	1016.834	9,	1017.178,	nan	nan	9.000	1019.852	-107.000	107.000	-321.000	321.000	1.064	1.720	2.212	
1	2.000	1.000	99.000	1321.000	1022.075	1024.545	1025.276	8,	1026.501,	nan	nan	8.000	1028.294	-214.000	321.000	-107.000	214.000	1.479	0.732	2.772	
1	2.000	1.000	100.000	1321.000	1031.090	1033.108	1034.153	9,	1034.638,	nan	nan	9.000	1037.172	-321.000	321.000	-428.000	107.000	1.040	1.045	2.887	
1	2.000	1.000	101.000	1321.000	1040.088	1041.846	1042.486	8,	1043.412,	nan	nan	8.000	1045.498	-107.000	321.000	-321.000	428.000	0.785	0.640	2.778	
1	2.000	1.000	102.000	1321.000	1048.305	1051.028	1052.183	8,	1053.055,	nan	nan	8.000	1055.196	-321.000	107.000	-214.000	214.000	1.749	1.156	3.370	
1	2.000	1.000	103.000	1321.000	1058.591	1060.617	1061.565	8,	1062.187,	nan	nan	8.000	1064.584	-428.000	214.000	-321.000	107.000	1.050	0.949	3.987	
1	2.000	1.000	104.000	1321.000	1068.587	1070.281	1071.244	9,	1071.845,	nan	nan	9.000	1074.262	-214.000	321.000	-107.000	107.000	0.707	0.963	3.929	
1	2.000	1.000	105.000	1321.000	1078.207	1080.769	1082.484	8,	1082.791,	nan	nan	8.000	1085.503	214.000	-321.000	321.000	-321.000	1.576	1.715	2.855	
1	2.000	1.000	106.000	1321.000	1088.426	1090.111	1091.551	9,	1092.024,	nan	nan	9.000	1094.569	-107.000	428.000	-428.000	321.000	0.751	1.441	3.859	
1	2.000	1.000	107.000	1321.000	1098.443	1100.301	1101.568	8,	1101.932,	nan	nan	8.000	1104.586	-428.000	107.000	-214.000	321.000	0.871	1.267	2.592	
1	2.000	1.000	108.000	1321.000	1107.193	1109.582	1111.514	9,	1111.884,	nan	nan	9.000	1114.527	-214.000	321.000	-428.000	214.000	1.402	1.932	3.588	
1	2.000	1.000	109.000	1321.000	1118.130	1120.736	1121.453	8,	1121.937,	nan	nan	8.000	1124.466	-428.000	214.000	-214.000	428.000	1.619	0.717	2.965	
1	2.000	1.000	110.000	1321.000	1127.463	1130.081	1130.793	8,	1132.409,	nan	nan	8.000	1133.805	-321.000	321.000	-107.000	107.000	1.648	0.712	3.595	
1	2.000	1.000	111.000	1321.000	1137.427	1139.890	1141.552	8,	1142.276,	nan	nan	8.000	1144.565	-428.000	321.000	-321.000	214.000	1.489	1.662	2.077	
1	2.000	1.000	112.000	1321.000	1146.666	1148.930	1149.826	9,	1150.395,	nan	nan	9.000	1152.838	-321.000	428.000	-107.000	214.000	1.286	0.895	2.932	
1	2.000	1.000	113.000	1321.000	1155.802	1158.763	1159.600	8,	1160.197,	nan	nan	8.000	1162.613	-214.000	428.000	-107.000	321.000	1.990	0.838	3.106	
1	2.000	1.000	114.000	1321.000	1165.739	1168.374	1169.568	9,	1170.337,	nan	nan	9.000	1172.587	-321.000	428.000	-107.000	321.000	1.653	1.195	3.460	
1	2.000	1.000	115.000	1321.000	1176.062	1178.514	1180.065	8,	1181.135,	nan	nan	8.000	1183.084	-428.000	107.000	-107.000	321.000	1.465	1.551	3.768	
1	2.000	1.000	116.000	1321.000	1186.886	1188.928	1189.780	9,	1190.230,	nan	nan	9.000	1192.792	-321.000	428.000	-428.000	214.000	1.074	0.852	2.161	
1	2.000	1.000	117.000	1321.000	1194.988	1197.299	1198.074	8,	1198.542,	nan	nan	8.000	1201.087	-214.000	107.000	-107.000	214.000	1.344	0.775	3.756	
1	2.000	1.000	118.000	1321.000	1204.859	1207.116	1208.928	8,	1209.350,	nan	nan	8.000	1211.946	214.000	107.000	321.000	107.000	1.272	1.812	2.450	
1	2.000	1.000	119.000	1321.000	1214.414	1216.024	1217.397	8,	1218.661,	nan	nan	8.000	1220.409	-107.000	214.000	-214.000	428.000	0.625	1.373	3.852	
1	2.000	1.000	120.000	1321.000	1224.276	1227.123	1228.790	8,	1229.531,	nan	nan	8.000	1231.803	-428.000	107.000	-321.000	428.000	1.860	1.667	2.495	
1	2.000	1.000	121.000	1321.000	1234.334	1236.582	1237.337	9,	1239.062,	nan	nan	9.000	1240.350	-107.000	107.000	-428.000	321.000	1.281	0.756	2.084	
1	2.000	1.000	122.000	1321.000	1242.461	1244.051	1244.936	8,	1245.343,	nan	nan	8.000	1247.949	-321.000	107.000	-107.000	428.000	0.616	0.886	3.775	
1	2.000	1.000	123.000	1321.000	1251.749	1253.419	1254.734	8,	1255.095,	nan	nan	8.000	1257.751	-428.000	214.000	-107.000	428.000	0.693	1.315	2.186	
1	2.000	1.000	124.000	1321.000	1259.962	1262.823	1264.037	8,	1265.155,	nan	nan	8.000	1267.050	-428.000	107.000	-107.000	428.000	1.884	1.214	2.881	
1	2.000	1.000	125.000	1321.000	1269.962	1272.378	1274.349	9,	1274.821,	nan	nan	9.000	1277.362	-321.000	321.000	-214.000	107.000	1.445	1.971	2.482	
1	2.000	1.000	126.000	1321.000	1279.871	1281.867	1283.346	9,	1283.751,	nan	nan	9.000	1286.359	-107.000	321.000	-214.000	214.000	1.021	1.479	2.174	
1	2.000	1.000	127.000	1321.000	1288.548	1290.155	1291.653	9,	1293.167,	nan	nan	9.000	1294.670	-428.000	107.000	-321.000	214.000	0.621	1.498	2.283	
1	2.000	1.000	128.000	1321.000	1296.968	1299.507	1300.252	8,	1301.384,	nan	nan	8.000	1303.264	-321.000	107.000	-214.000	321.000	1.551	0.746	2.219	
1	2.000	1.000	129.000	1321.000	1305.509	1307.954	1309.915	8,	1310.241,	nan	nan	8.000	1312.934	-214.000	321.000	-107.000	428.000	1.469	1.961	3.614	
1	2.000	1.000	130.000	1321.000	1316.576	1318.412	1320.291	8,	1320.706,	nan	nan	8.000	1323.310	-107.000	107.000	-321.000	428.000	0.862	1.879	2.508	
1	2.000	1.000	131.000	1321.000	1325.844	1328.251	1329.653	8,	1330.186,	nan	nan	8.000	1332.671	-321.000	321.000	-214.000	321.000	1.431	1.402	3.916	
1	2.000	1.000	132.000	1321.000	1336.613	1338.615	1339.727	9,	1340.256,	nan	nan	9.000	1342.739	-321.000	321.000	-428.000	214.000	1.026	1.113	3.672	
1	2.000	1.000	133.000	1321.000	1346.434	1348.559	1349.121	9,	1349.622,	nan	nan	9.000	1352.139	-107.000	321.000	-321.000	214.000	1.146	0.563	2.804	
1	2.000	1.000	134.000	1321.000	1354.969	1357.043	1358.083	nan	nan	8.000	1361.110	nan	nan	-214.000	214.000	-428.000	321.000	1.098	1.040	2.463	
1	2.000	1.000	135.000	1321.000	1363.588	1366.136	1367.789	8,	1368.175,	nan	nan	8.000	1370.802	-321.000	107.000	-214.000	428.000	1.561	1.653	3.833	
1	2.000	1.000	136.000	1321.000	1374.650	1377.347	1378.194	9,	1378.780,	nan	nan	9.000	1381.206	-321.000	321.000	-214.000	214.000	1.711	0.847	2.849	
1	2.000	1.000	137.000	1321.000	1384.070	1385.885	1387.171	8,	1387.634,	nan	nan	8.000	1390.184	-428.000	321.000	-214.000	214.000	0.828	1.286	3.363	
1	2.000	1.000	138.000	1321.000	1393.571	1395.642	1397.425	8,	1397.754,	nan	nan	8.000	1400.437	-428.000	214.000	-107.000	107.000	1.093	1.783	2.977	
1	2.000	1.000	139.000	1321.000	1403.430	1405.737	1407.013	9,	1407.623,	nan	nan	9.000	1410.026	-107.000	107.000	-428.000	428.000	1.320	1.277	3.196	
1	2.000	1.000	140.000	1321.000	1413.238	1416.224	1416.985	9,	1417.894,	nan	nan	9.000	1420.004	-214.000	214.000	-321.000	107.000	2.000	0.760	3.318	
1	2.000	1.000	141.000	1321.000	1423.337	1425.128	1425.961	9,	1426.515,	nan	nan	9.000	1428.980	-214.000	321.000	-428.000	428.000	0.804	0.833	3.408	
1	2.000	1.000	142.000	1321.000	1432.409	1434.643	1436.440	9,	1437.473,	nan	nan	9.000	1439.459	-321.000	428.000	-214.000	321.000	1.252	1.797	2.051	
1	2.000	1.000	143.000	1321.000	1441.528	1443.770	1445.659	8,	1446.017,	nan	nan	8.000	1448.671	-428.000	107.000	-214.000	428.000	1.257	1.889	2.302	
1	2.000	1.000	144.000	1321.000	1450.996	1453.430	1454.967	8,	1455.909,	nan	nan	8.000	1457.979	-321.000	-428.000	-214.000	-428.000	1.455	1.537	2.244	
1	2.000	1.000	145.000	1321.000	1460.238	1462.314	1463.142	8,	1464.020,	nan	nan	8.000	1466.154	-214.000	321.000	-321.000	428.000	1.088	0.828	2.392	
1	2.000	1.000	146.000	1321.000	1468.575	1470.941	1472.627	8,	1473.074,	nan	nan	8.000	1475.639	-107.000	107.000	-214.000	428.000	1.392	1.686	3.704	
1	2.000	1.000	147.000	1321.000	1479.362	1481.887	1483.033	9,	1483.852,	nan	nan	9.000	1486.052	-321.000	428.000	-214.000	214.000	1.542	1.146	2.900	
1	2.000	1.000	148.000	1321.000	1488.978	1490.493	1491.421	8,	1492.675,	nan	nan	8.000	1494.439	-214.000	107.000	-321.000	428.000	0.539	0.929	3.884	
1	2.000	1.000	149.000	1321.000	1498.339	1500.824	1501.483	9,	1502.978,	nan	nan	9.000	1504.502	-321.000	107.000	-428.000	321.000	1.498	0.659	2.720	
1	2.000	1.000	150.000	1321.000	1507.246	1510.162	1510.951	8,	1511.647,	nan	nan	8.000	1513.963	-321.000	107.000	-428.000	428.000	1.937	0.789	2.251	
1	2.000	1.000	151.000	1321.000	1516.231	1519.086	1520.439	8,	1520.842,	nan	nan	8.000	1523.457	-321.000	321.000	-107.000	428.000	1.870	1.354	3.910	
1	2.000	1.000	152.000	1321.000	1527.391	1529.000	1530.531	9,	1530.933,	nan	nan	9.000	1533.550	-107.000	214.000	-214.000	107.000	0.630	1.532	3.074	
1	2.000	1.000	153.000	1321.000	1536.644	1539.062	1539.832	9,	1540.792,	nan	nan	9.000	1542.849	-214.000	214.000	-107.000	107.000	1.436	0.770	3.891	
1	2.000	1.000	154.000	1321.000	1546.759	1548.338	1548.886	8,	1549.373,	nan	nan	8.000	1551.904	-428.000	107.000	-321.000	321.000	0.596	0.548	3.453	
1	2.000	1.000	155.000	1321.000	1555.368	1557.105	1558.241	8,	1558.616,	nan	nan	8.000	1561.260	-428.000	321.000	-107.000	214.000	0.746	1.137	2.469	
1	2.000	1.000	156.000	1321.000	1563.765	1566.365	1568.210	8,	1568.520,	nan	nan	8.000	1571.223	-428.000	321.000	-107.000	428.000	1.633	1.846	3.923	
1	2.000	2.000	157.000	1321.000	42.637	45.333	47.072	8,	47.449,	nan	nan	8.000	50.088	321.000	-214.000	428.000	-214.000	1.696	1.740	3.807	
1	2.000	2.000	158.000	1321.000	53.931	55.489	56.389	9,	56.793,	nan	nan	9.000	59.407	-214.000	428.000	-321.000	214.000	0.592	0.900	2.669	
1	2.000	2.000	159.000	1321.000	62.097	64.615	66.340	9,	67.791,	nan	nan	9.000	69.353	-214.000	107.000	-321.000	214.000	1.537	1.725	3.794	
1	2.000	2.000	160.000	1321.000	73.168	75.817	76.611	9,	77.151,	nan	nan	9.000	79.630	-321.000	214.000	-428.000	107.000	1.667	0.794	2.264	
1	2.000	2.000	161.000	1321.000	81.909	83.502	84.643	8,	85.488,	nan	nan	8.000	87.655	-214.000	214.000	-321.000	321.000	0.606	1.141	3.839	
1	2.000	2.000	162.000	1321.000	91.510	93.918	95.406	8,	95.743,	nan	nan	8.000	98.418	-321.000	321.000	-214.000	428.000	1.421	1.489	3.994	
1	2.000	2.000	163.000	1321.000	102.427	104.444	106.092	8,	106.870,	nan	nan	8.000	109.109	-428.000	321.000	-321.000	107.000	1.031	1.648	2.071	
1	2.000	2.000	164.000	1321.000	111.208	112.745	113.954	9,	114.373,	nan	nan	9.000	116.966	-107.000	214.000	-321.000	321.000	0.563	1.209	3.100	
1	2.000	2.000	165.000	1321.000	120.170	122.393	123.380	9,	123.774,	nan	nan	9.000	126.392	-214.000	428.000	-107.000	214.000	1.325	0.987	2.116	
1	2.000	2.000	166.000	1321.000	128.520	130.555	131.204	8,	132.082,	nan	nan	8.000	134.216	-428.000	214.000	-214.000	321.000	1.045	0.650	2.334	
1	2.000	2.000	167.000	1321.000	136.592	138.882	139.864	8,	140.234,	nan	nan	8.000	142.877	-214.000	214.000	-107.000	321.000	1.330	0.982	2.553	
1	2.000	2.000	168.000	1321.000	145.467	148.254	149.593	9,	150.307,	nan	nan	9.000	152.606	-214.000	428.000	-107.000	107.000	1.822	1.339	2.341	
1	2.000	2.000	169.000	1321.000	154.962	157.225	158.738	8,	159.303,	nan	nan	8.000	161.757	-321.000	321.000	-428.000	428.000	1.277	1.513	3.492	
1	2.000	2.000	170.000	1321.000	165.272	167.773	168.731	8,	169.727,	nan	nan	8.000	171.743	321.000	214.000	428.000	214.000	1.523	0.958	2.572	
1	2.000	2.000	171.000	1321.000	174.341	175.822	176.766	8,	177.362,	nan	nan	8.000	179.778	-428.000	321.000	-321.000	428.000	0.505	0.944	3.633	
1	2.000	2.000	172.000	1321.000	183.429	186.221	188.042	9,	188.539,	nan	nan	9.000	191.060	-321.000	428.000	-214.000	107.000	1.807	1.822	2.180	
1	2.000	2.000	173.000	1321.000	193.256	195.210	196.727	9,	197.156,	nan	nan	9.000	199.745	-428.000	428.000	-107.000	107.000	0.968	1.518	3.087	
1	2.000	2.000	174.000	1321.000	202.848	205.062	206.854	9,	207.236,	nan	nan	9.000	209.871	-107.000	321.000	-428.000	428.000	1.228	1.793	2.257	
1	2.000	2.000	175.000	1321.000	212.159	214.301	215.553	9,	216.005,	nan	nan	9.000	218.566	-107.000	214.000	-428.000	107.000	1.170	1.252	2.045	
1	2.000	2.000	176.000	1321.000	220.643	222.576	224.513	9,	224.902,	nan	nan	9.000	227.531	-214.000	428.000	-428.000	107.000	0.963	1.937	3.035	
1	2.000	2.000	177.000	1321.000	230.598	233.370	234.917	9,	235.277,	nan	nan	9.000	237.934	-107.000	321.000	-428.000	107.000	1.802	1.547	2.791	
1	2.000	2.000	178.000	1321.000	240.751	243.674	245.331	9,	245.736,	nan	nan	9.000	248.345	-107.000	428.000	-214.000	214.000	1.947	1.658	2.193	
1	2.000	2.000	179.000	1321.000	250.553	252.855	254.204	8,	254.697,	nan	nan	8.000	257.220	-428.000	428.000	-107.000	214.000	1.315	1.349	3.344	
1	2.000	2.000	180.000	1321.000	260.590	263.480	265.021	8,	265.883,	nan	nan	8.000	268.033	-321.000	214.000	-107.000	107.000	1.913	1.542	3.871	
1	2.000	2.000	181.000	1321.000	271.938	274.782	276.641	9,	277.056,	nan	nan	9.000	279.658	-107.000	214.000	-428.000	321.000	1.875	1.860	3.897	
1	2.000	2.000	182.000	1321.000	283.579	285.776	286.444	9,	287.431,	nan	nan	9.000	289.462	-428.000	428.000	-214.000	107.000	1.219	0.669	3.145	
1	2.000	2.000	183.000	1321.000	292.631	294.533	295.636	8,	296.209,	nan	nan	8.000	298.649	-214.000	321.000	-107.000	321.000	0.924	1.103	3.222	
1	2.000	2.000	184.000	1321.000	301.897	303.508	305.373	9,	305.705,	nan	nan	9.000	308.385	-107.000	428.000	-214.000	107.000	0.635	1.865	2.322	
1	2.000	2.000	185.000	1321.000	310.727	313.304	314.995	9,	315.333,	nan	nan	9.000	318.008	-107.000	428.000	-321.000	107.000	1.595	1.691	3.093	
1	2.000	2.000	186.000	1321.000	321.117	322.690	323.783	8,	324.517,	nan	nan	8.000	326.801	-321.000	321.000	-107.000	214.000	0.587	1.093	3.447	
1	2.000	2.000	187.000	1321.000	330.264	332.107	332.925	8,	333.559,	nan	nan	8.000	335.943	-214.000	214.000	-321.000	428.000	0.857	0.818	3.010	
1	2.000	2.000	188.000	1321.000	338.991	341.371	342.150	9,	343.350,	nan	nan	9.000	345.168	-321.000	214.000	-214.000	107.000	1.416	0.780	2.296	
1	2.000	2.000	189.000	1321.000	347.486	349.106	350.112	9,	351.243,	nan	nan	9.000	353.125	-107.000	428.000	-214.000	321.000	0.640	1.006	2.810	
1	2.000	2.000	190.000	1321.000	355.951	358.175	360.126	9,	360.486,	nan	nan	9.000	363.144	-428.000	428.000	-321.000	107.000	1.238	1.952	3.293	
1	2.000	2.000	191.000	1321.000	366.462	369.279	371.245	9,	371.678,	nan	nan	9.000	374.262	-107.000	428.000	-428.000	107.000	1.841	1.966	3.331	
1	2.000	2.000	192.000	1321.000	377.621	380.422	381.284	8,	382.535,	nan	nan	8.000	384.301	-214.000	107.000	-321.000	321.000	1.826	0.862	2.605	
1	2.000	2.000	193.000	1321.000	386.967	389.107	390.344	8,	390.725,	nan	nan	8.000	393.358	-428.000	214.000	-321.000	321.000	1.199	1.238	2.039	
1	2.000	2.000	194.000	1321.000	395.424	397.390	397.895	9,	398.400,	nan	nan	9.000	400.908	-214.000	428.000	-321.000	107.000	0.992	0.505	3.383	
1	2.000	2.000	195.000	1321.000	404.302	406.183	407.744	9,	408.134,	nan	nan	9.000	410.761	-214.000	214.000	-428.000	107.000	0.891	1.561	3.486	
1	2.000	2.000	196.000	1321.000	414.258	415.767	417.150	8,	417.680,	nan	nan	8.000	420.167	-214.000	-321.000	-107.000	-321.000	0.519	1.383	2.926	
1	2.000	2.000	197.000	1321.000	423.109	424.996	426.894	9,	427.206,	nan	nan	9.000	429.911	-214.000	321.000	-321.000	107.000	0.900	1.899	2.958	
1	2.000	2.000	198.000	1321.000	432.885	435.331	436.357	9,	436.727,	nan	nan	9.000	439.369	-107.000	428.000	-428.000	214.000	1.460	1.026	2.984	
1	2.000	2.000	199.000	1321.000	442.369	445.027	445.778	8,	446.415,	nan	nan	8.000	448.795	-428.000	321.000	-214.000	107.000	1.672	0.751	2.617	
1	2.000	2.000	200.000	1321.000	451.436	452.982	454.759	8,	455.111,	nan	nan	8.000	457.773	-321.000	214.000	-107.000	428.000	0.568	1.778	2.740	
1	2.000	2.000	201.000	1321.000	460.528	462.024	462.668	8,	463.302,	nan	nan	8.000	465.681	-107.000	321.000	-214.000	428.000	0.510	0.645	2.026	
1	2.000	2.000	202.000	1321.000	467.722	469.874	471.608	9,	473.187,	nan	nan	9.000	474.626	-214.000	107.000	-428.000	321.000	1.166	1.735	3.511	
1	2.000	2.000	203.000	1321.000	478.149	479.750	481.084	9,	481.583,	nan	nan	9.000	484.097	-321.000	107.000	-428.000	214.000	0.611	1.334	2.457	
1	2.000	2.000	204.000	1321.000	486.565	488.374	489.158	8,	489.661,	nan	nan	8.000	492.172	-428.000	214.000	-107.000	321.000	0.818	0.785	2.141	
1	2.000	2.000	205.000	1321.000	494.326	496.712	498.090	9,	498.425,	nan	nan	9.000	501.102	-107.000	428.000	-321.000	214.000	1.397	1.378	2.096	
1	2.000	2.000	206.000	1321.000	503.210	505.878	506.946	8,	507.755,	nan	nan	8.000	509.964	-214.000	107.000	-428.000	428.000	1.677	1.069	2.424	
1	2.000	2.000	207.000	1321.000	512.416	514.546	516.015	8,	516.357,	nan	nan	8.000	519.028	-428.000	428.000	-214.000	321.000	1.156	1.469	2.714	
1	2.000	2.000	208.000	1321.000	521.755	523.886	524.472	8,	525.009,	nan	nan	8.000	527.485	-214.000	214.000	-428.000	428.000	1.141	0.587	3.974	
1	2.000	2.000	209.000	1321.000	531.496	534.235	535.154	8,	535.673,	nan	nan	8.000	538.173	214.000	-214.000	428.000	-214.000	1.773	0.920	3.569	
1	2.000	2.000	210.000	1321.000	541.771	544.740	546.035	9,	546.799,	nan	nan	9.000	549.054	-107.000	107.000	-214.000	214.000	1.995	1.296	3.801	
1	2.000	2.000	211.000	1321.000	552.879	554.839	555.912	8,	556.245,	nan	nan	8.000	558.925	-321.000	214.000	-107.000	321.000	0.982	1.074	3.949	
1	2.000	2.000	212.000	1321.000	562.901	564.945	566.862	9,	567.219,	nan	nan	9.000	569.875	-214.000	428.000	-428.000	321.000	1.069	1.918	2.836	
1	2.000	2.000	213.000	1321.000	572.723	575.477	576.512	8,	576.973,	nan	nan	8.000	579.525	-428.000	214.000	-214.000	107.000	1.764	1.035	3.183	
1	2.000	2.000	214.000	1321.000	582.725	584.254	585.472	9,	586.486,	nan	nan	9.000	588.484	-321.000	214.000	-428.000	321.000	0.543	1.219	2.013	
1	2.000	2.000	215.000	1321.000	590.566	592.293	593.541	9,	594.040,	nan	nan	9.000	596.553	-321.000	428.000	-428.000	321.000	0.794	1.248	3.016	
1	2.000	2.000	216.000	1321.000	599.586	601.766	602.280	9,	602.757,	nan	nan	9.000	605.297	-107.000	107.000	-428.000	214.000	1.195	0.514	3.042	
1	2.000	2.000	217.000	1321.000	608.355	610.468	611.638	8,	611.881,	nan	nan	8.000	614.651	-321.000	214.000	-214.000	321.000	1.127	1.170	2.379	
1	2.000	2.000	218.000	1321.000	617.046	619.777	621.415	9,	621.723,	nan	nan	9.000	624.428	-107.000	214.000	-321.000	107.000	1.744	1.638	2.154	
1	2.000	2.000	219.000	1321.000	626.631	628.513	629.380	9,	629.754,	nan	nan	9.000	632.392	-214.000	428.000	-428.000	214.000	0.929	0.867	3.762	
1	2.000	2.000	220.000	1321.000	636.186	637.912	639.478	9,	639.668,	nan	nan	9.000	642.496	-107.000	321.000	-321.000	107.000	0.756	1.566	3.640	
1	2.000	2.000	221.000	1321.000	646.166	648.444	649.151	8,	649.571,	nan	nan	8.000	652.164	-214.000	107.000	-107.000	321.000	1.305	0.707	3.627	
1	2.000	2.000	222.000	1321.000	655.813	657.674	658.728	8,	660.004,	nan	nan	8.000	661.742	214.000	107.000	428.000	107.000	0.881	1.055	2.514	
1	2.000	2.000	223.000	1321.000	664.285	665.932	667.082	8,	667.716,	nan	nan	8.000	670.095	-107.000	214.000	-214.000	321.000	0.674	1.151	2.559	
1	2.000	2.000	224.000	1321.000	672.685	675.565	677.319	8,	677.670,	nan	nan	8.000	680.331	-428.000	214.000	-321.000	428.000	1.908	1.754	3.170	
1	2.000	2.000	225.000	1321.000	683.529	685.052	686.965	9,	687.363,	nan	nan	9.000	689.977	-428.000	428.000	-321.000	214.000	0.548	1.913	2.167	
1	2.000	2.000	226.000	1321.000	692.195	694.442	695.265	9,	695.764,	nan	nan	9.000	698.278	-107.000	428.000	-321.000	321.000	1.296	0.823	3.942	
1	2.000	2.000	227.000	1321.000	702.251	703.804	704.540	9,	705.186,	nan	nan	9.000	707.552	-107.000	214.000	-428.000	428.000	0.582	0.736	2.289	
1	2.000	2.000	228.000	1321.000	709.872	711.556	712.461	9,	713.411,	nan	nan	9.000	715.479	-214.000	107.000	-428.000	214.000	0.712	0.905	2.444	
1	2.000	2.000	229.000	1321.000	717.938	720.139	721.974	9,	722.434,	nan	nan	9.000	724.986	-214.000	428.000	-321.000	321.000	1.214	1.836	2.727	
1	2.000	2.000	230.000	1321.000	727.729	729.432	730.752	8,	731.651,	nan	nan	8.000	733.765	-321.000	214.000	-428.000	428.000	0.717	1.320	2.611	
1	2.000	2.000	231.000	1321.000	736.401	738.731	739.284	8,	739.719,	nan	nan	8.000	742.301	-214.000	107.000	-107.000	428.000	1.354	0.553	3.428	
1	2.000	2.000	232.000	1321.000	745.753	747.669	749.153	8,	749.516,	nan	nan	8.000	752.171	-428.000	107.000	-107.000	214.000	0.939	1.484	2.129	
1	2.000	2.000	233.000	1321.000	754.316	756.361	757.869	8,	759.217,	nan	nan	8.000	760.882	-428.000	428.000	-214.000	214.000	1.059	1.508	3.138	
1	2.000	2.000	234.000	1321.000	764.038	766.704	768.207	8,	768.501,	nan	nan	8.000	771.225	-214.000	214.000	-107.000	428.000	1.682	1.503	3.479	
1	2.000	2.000	235.000	1321.000	774.716	777.682	778.606	8,	778.985,	nan	nan	8.000	781.625	-321.000	428.000	-107.000	428.000	1.976	0.924	2.797	
1	2.000	2.000	236.000	1321.000	784.435	787.024	787.567	9,	787.975,	nan	nan	9.000	790.584	-107.000	321.000	-428.000	214.000	1.600	0.543	3.273	
1	2.000	2.000	237.000	1321.000	793.904	795.413	796.872	8,	797.299,	nan	nan	8.000	799.890	-428.000	321.000	-107.000	107.000	0.553	1.460	3.646	
1	2.000	2.000	238.000	1321.000	803.552	805.275	806.691	9,	807.193,	nan	nan	9.000	809.709	-321.000	321.000	-107.000	107.000	0.736	1.416	2.476	
1	2.000	2.000	239.000	1321.000	812.211	814.810	815.932	8,	817.443,	nan	nan	8.000	818.946	-428.000	214.000	-321.000	107.000	1.624	1.122	3.357	
1	2.000	2.000	240.000	1321.000	822.330	825.290	825.983	9,	826.596,	nan	nan	9.000	829.001	-214.000	321.000	-428.000	214.000	1.986	0.693	3.621	
1	2.000	2.000	241.000	1321.000	832.638	834.346	834.870	8,	835.750,	nan	nan	8.000	837.888	-428.000	428.000	-107.000	321.000	0.722	0.524	3.068	
1	2.000	2.000	242.000	1321.000	840.972	843.075	844.839	9,	845.183,	nan	nan	9.000	847.851	-321.000	428.000	-428.000	107.000	1.117	1.764	3.556	
1	2.000	2.000	243.000	1321.000	851.424	853.136	853.877	9,	854.509,	nan	nan	9.000	856.895	-321.000	428.000	-428.000	214.000	0.727	0.741	2.019	
1	2.000	2.000	244.000	1321.000	858.930	861.805	862.932	8,	863.342,	nan	nan	8.000	865.949	-321.000	107.000	-107.000	321.000	1.889	1.127	3.749	
1	2.000	2.000	245.000	1321.000	869.715	872.416	873.890	9,	874.234,	nan	nan	9.000	876.908	-214.000	321.000	-321.000	214.000	1.715	1.474	2.650	
1	2.000	2.000	246.000	1321.000	879.582	881.942	883.131	8,	883.674,	nan	nan	8.000	886.144	-214.000	107.000	-107.000	214.000	1.383	1.190	2.328	
1	2.000	2.000	247.000	1321.000	888.489	890.369	891.250	8,	891.643,	nan	nan	8.000	894.268	-321.000	214.000	-214.000	428.000	0.895	0.881	3.961	
1	2.000	2.000	248.000	1321.000	898.259	899.766	900.579	8,	901.442,	nan	nan	8.000	903.596	-321.000	-428.000	-107.000	-428.000	0.534	0.814	3.305	
1	2.000	2.000	249.000	1321.000	906.921	908.683	909.216	8,	909.644,	nan	nan	8.000	912.229	-428.000	107.000	-107.000	321.000	0.780	0.534	2.997	
1	2.000	2.000	250.000	1321.000	915.240	918.131	919.296	9,	919.972,	nan	nan	9.000	922.313	-214.000	321.000	-107.000	214.000	1.904	1.166	3.846	
1	2.000	2.000	251.000	1321.000	926.188	928.568	929.222	9,	929.594,	nan	nan	9.000	932.239	-107.000	321.000	-321.000	428.000	1.407	0.654	3.524	
1	2.000	2.000	252.000	1321.000	935.803	937.506	938.416	9,	938.761,	nan	nan	9.000	941.429	-214.000	321.000	-428.000	107.000	0.741	0.910	2.920	
1	2.000	2.000	253.000	1321.000	944.365	946.236	948.038	9,	948.534,	nan	nan	9.000	951.051	-107.000	107.000	-321.000	321.000	0.886	1.802	2.875	
1	2.000	2.000	254.000	1321.000	953.942	956.262	957.519	8,	957.959,	nan	nan	8.000	960.531	-428.000	107.000	-214.000	321.000	1.334	1.257	3.576	
1	2.000	2.000	255.000	1321.000	964.124	966.718	968.154	9,	968.684,	nan	nan	9.000	971.172	-214.000	321.000	-107.000	107.000	1.609	1.436	2.662	
1	2.000	2.000	256.000	1321.000	973.859	976.620	978.610	9,	979.315,	nan	nan	9.000	981.622	-321.000	428.000	-107.000	214.000	1.783	1.990	2.437	
1	2.000	2.000	257.000	1321.000	984.083	986.049	986.987	8,	987.490,	nan	nan	8.000	990.000	-321.000	107.000	-214.000	214.000	0.987	0.939	2.566	
1	2.000	2.000	258.000	1321.000	992.591	995.424	996.608	8,	997.127,	nan	nan	8.000	999.627	-107.000	214.000	-321.000	428.000	1.855	1.185	3.730	
1	2.000	2.000	259.000	1321.000	1003.382	1006.113	1006.834	8,	1007.251,	nan	nan	8.000	1009.851	-428.000	214.000	-214.000	428.000	1.754	0.722	3.685	
1	2.000	2.000	260.000	1321.000	1013.553	1016.032	1017.978	8,	1018.799,	nan	nan	8.000	1020.996	-428.000	321.000	-214.000	428.000	1.494	1.947	2.399	
1	2.000	2.000	261.000	1321.000	1023.416	1025.394	1026.685	8,	1027.085,	nan	nan	8.000	1029.697	214.000	-321.000	321.000	-321.000	0.997	1.291	2.405	
1	2.000	2.000	262.000	1321.000	1032.119	1034.588	1035.599	8,	1036.205,	nan	nan	8.000	1038.612	-107.000	107.000	-214.000	321.000	1.484	1.011	3.338	
1	2.000	2.000	263.000	1321.000	1041.976	1043.953	1044.974	9,	1045.366,	nan	nan	9.000	1047.987	-107.000	428.000	-428.000	321.000	1.002	1.021	2.624	
1	2.000	2.000	264.000	1321.000	1050.628	1052.914	1053.495	9,	1054.066,	nan	nan	9.000	1056.508	-428.000	321.000	-321.000	214.000	1.301	0.582	2.502	
1	2.000	2.000	265.000	1321.000	1059.026	1060.680	1062.304	9,	1062.703,	nan	nan	9.000	1065.317	-321.000	321.000	-428.000	107.000	0.669	1.624	2.347	
1	2.000	2.000	266.000	1321.000	1067.694	1069.856	1070.452	9,	1071.241,	nan	nan	9.000	1073.464	-107.000	321.000	-214.000	107.000	1.190	0.596	3.955	
1	2.000	2.000	267.000	1321.000	1077.448	1079.336	1080.680	8,	1081.132,	nan	nan	8.000	1083.697	-321.000	428.000	-107.000	321.000	0.915	1.344	3.678	
1	2.000	2.000	268.000	1321.000	1087.396	1090.112	1091.567	8,	1092.151,	nan	nan	8.000	1094.585	-214.000	428.000	-107.000	321.000	1.735	1.455	2.006	
1	2.000	2.000	269.000	1321.000	1096.608	1099.429	1100.228	9,	1101.153,	nan	nan	9.000	1103.246	-107.000	107.000	-321.000	214.000	1.836	0.799	2.817	
1	2.000	2.000	270.000	1321.000	1106.080	1108.539	1109.097	8,	1109.880,	nan	nan	8.000	1112.110	-428.000	107.000	-214.000	214.000	1.474	0.558	2.765	
1	2.000	2.000	271.000	1321.000	1114.905	1116.526	1118.169	9,	1118.487,	nan	nan	9.000	1121.181	-428.000	428.000	-321.000	321.000	0.650	1.643	2.656	
1	2.000	2.000	272.000	1321.000	1123.868	1125.990	1127.749	9,	1128.076,	nan	nan	9.000	1130.766	-321.000	428.000	-107.000	107.000	1.151	1.759	2.695	
1	2.000	2.000	273.000	1321.000	1133.477	1135.276	1137.184	8,	1137.575,	nan	nan	8.000	1140.198	-321.000	107.000	-107.000	214.000	0.814	1.908	2.431	
1	2.000	2.000	274.000	1321.000	1142.645	1144.333	1146.309	8,	1146.729,	nan	nan	8.000	1149.323	214.000	107.000	321.000	107.000	0.703	1.976	2.373	
1	2.000	2.000	275.000	1321.000	1151.721	1153.704	1154.305	8,	1155.334,	nan	nan	8.000	1157.317	-428.000	214.000	-107.000	107.000	1.006	0.601	3.666	
1	2.000	2.000	276.000	1321.000	1161.017	1163.358	1163.992	8,	1164.547,	nan	nan	8.000	1167.005	-107.000	107.000	-321.000	428.000	1.373	0.635	2.682	
1	2.000	2.000	277.000	1321.000	1169.722	1172.255	1173.927	9,	1174.310,	nan	nan	9.000	1176.940	-214.000	214.000	-321.000	107.000	1.566	1.672	2.527	
1	2.000	2.000	278.000	1321.000	1179.484	1182.016	1183.032	8,	1183.481,	nan	nan	8.000	1186.050	-321.000	107.000	-428.000	321.000	1.547	1.016	2.418	
1	2.000	2.000	279.000	1321.000	1188.485	1190.323	1192.197	8,	1192.521,	nan	nan	8.000	1195.209	-428.000	107.000	-214.000	428.000	0.852	1.875	3.550	
1	2.000	2.000	280.000	1321.000	1198.778	1200.363	1201.827	8,	1203.343,	nan	nan	8.000	1204.840	-214.000	321.000	-321.000	428.000	0.601	1.465	2.309	
1	2.000	2.000	281.000	1321.000	1207.166	1208.849	1210.477	9,	1210.925,	nan	nan	9.000	1213.489	-321.000	428.000	-214.000	214.000	0.698	1.629	2.688	
1	2.000	2.000	282.000	1321.000	1216.192	1219.131	1220.393	8,	1220.783,	nan	nan	8.000	1223.411	-428.000	107.000	-321.000	214.000	1.952	1.262	3.280	
1	2.000	2.000	283.000	1321.000	1226.707	1229.394	1230.395	8,	1230.774,	nan	nan	8.000	1233.408	-321.000	321.000	-107.000	428.000	1.701	1.002	2.058	
1	2.000	2.000	284.000	1321.000	1235.482	1237.691	1238.316	8,	1238.930,	nan	nan	8.000	1241.329	-214.000	321.000	-107.000	428.000	1.223	0.625	3.254	
1	2.000	2.000	285.000	1321.000	1244.608	1246.876	1248.871	8,	1249.766,	nan	nan	8.000	1251.884	-428.000	107.000	-321.000	428.000	1.291	1.995	2.547	
1	2.000	2.000	286.000	1321.000	1254.448	1256.005	1257.701	9,	1258.081,	nan	nan	9.000	1260.714	-107.000	214.000	-214.000	107.000	0.572	1.696	3.350	
1	2.000	2.000	287.000	1321.000	1264.097	1266.377	1266.876	8,	1267.869,	nan	nan	8.000	1269.889	-321.000	321.000	-214.000	321.000	1.310	0.500	2.733	
1	2.000	2.000	288.000	1321.000	1272.643	1274.747	1275.357	8,	1275.841,	nan	nan	8.000	1278.370	-107.000	107.000	-428.000	428.000	1.122	0.611	3.505	
1	2.000	2.000	289.000	1321.000	1281.901	1284.598	1285.989	8,	1286.440,	nan	nan	8.000	1289.008	-428.000	321.000	-107.000	428.000	1.720	1.392	3.402	
1	2.000	2.000	290.000	1321.000	1292.454	1293.940	1295.120	9,	1295.529,	nan	nan	9.000	1298.138	-107.000	321.000	-214.000	214.000	0.529	1.180	2.579	
1	2.000	2.000	291.000	1321.000	1300.755	1303.145	1304.962	9,	1305.298,	nan	nan	9.000	1307.980	-107.000	321.000	-321.000	214.000	1.426	1.817	3.820	
1	2.000	2.000	292.000	1321.000	1311.817	1314.600	1315.697	8,	1316.185,	nan	nan	8.000	1318.711	-107.000	107.000	-214.000	428.000	1.797	1.098	3.203	
1	2.000	2.000	293.000	1321.000	1321.937	1324.877	1326.370	8,	1326.834,	nan	nan	8.000	1329.388	-321.000	107.000	-428.000	428.000	1.961	1.494	2.367	
1	2.000	2.000	294.000	1321.000	1331.776	1334.004	1335.247	8,	1335.693,	nan	nan	8.000	1338.260	-428.000	321.000	-107.000	214.000	1.248	1.243	2.675	
1	2.000	2.000	295.000	1321.000	1340.962	1342.972	1344.297	8,	1344.652,	nan	nan	8.000	1347.309	-428.000	214.000	-107.000	428.000	1.035	1.325	3.228	
1	2.000	2.000	296.000	1321.000	1350.565	1353.067	1354.155	8,	1355.347,	nan	nan	8.000	1357.168	-321.000	321.000	-214.000	214.000	1.527	1.088	3.608	
1	2.000	2.000	297.000	1321.000	1360.793	1362.731	1364.654	8,	1365.002,	nan	nan	8.000	1367.672	-428.000	321.000	-214.000	214.000	0.953	1.923	2.913	
1	2.000	2.000	298.000	1321.000	1370.611	1373.279	1375.182	8,	1375.555,	nan	nan	8.000	1378.195	-428.000	107.000	-321.000	321.000	1.691	1.904	2.868	
1	2.000	2.000	299.000	1321.000	1381.079	1384.007	1384.536	9,	1385.554,	nan	nan	9.000	1387.548	-321.000	428.000	-214.000	321.000	1.942	0.529	3.711	
1	2.000	2.000	300.000	1321.000	1391.280	1393.234	1394.544	8,	1394.947,	nan	nan	8.000	1397.561	-321.000	-428.000	-214.000	-428.000	0.973	1.310	2.032	
1	2.000	2.000	301.000	1321.000	1399.608	1402.257	1402.796	8,	1403.456,	nan	nan	8.000	1405.809	-321.000	107.000	-214.000	428.000	1.662	0.539	3.389	
1	2.000	2.000	302.000	1321.000	1409.250	1411.587	1412.458	9,	1413.814,	nan	nan	9.000	1415.471	-214.000	321.000	-428.000	428.000	1.387	0.871	2.489	
1	2.000	2.000	303.000	1321.000	1417.989	1420.547	1421.934	8,	1422.285,	nan	nan	8.000	1424.947	-321.000	107.000	-107.000	428.000	1.585	1.387	2.354	
1	2.000	2.000	304.000	1321.000	1427.331	1430.259	1430.889	9,	1431.810,	nan	nan	9.000	1433.906	-107.000	107.000	-428.000	321.000	1.957	0.630	2.540	
1	2.000	2.000	305.000	1321.000	1436.504	1438.816	1439.326	8,	1439.834,	nan	nan	8.000	1442.339	-214.000	107.000	-321.000	428.000	1.368	0.510	3.865	
1	2.000	2.000	306.000	1321.000	1446.230	1448.834	1450.202	9,	1450.719,	nan	nan	9.000	1453.219	-214.000	214.000	-428.000	321.000	1.629	1.368	3.582	
1	2.000	2.000	307.000	1321.000	1456.830	1458.317	1459.738	8,	1460.086,	nan	nan	8.000	1462.756	-321.000	107.000	-214.000	321.000	0.514	1.421	2.952	
1	2.000	2.000	308.000	1321.000	1465.741	1467.369	1468.597	9,	1469.318,	nan	nan	9.000	1471.613	-321.000	321.000	-214.000	107.000	0.659	1.228	3.814	
1	2.000	2.000	309.000	1321.000	1475.443	1478.115	1479.714	8,	1480.139,	nan	nan	8.000	1482.731	-428.000	107.000	-107.000	428.000	1.686	1.600	3.537	
1	2.000	2.000	310.000	1321.000	1486.284	1489.082	1489.697	8,	1490.438,	nan	nan	8.000	1492.715	-107.000	214.000	-214.000	428.000	1.812	0.616	2.598	
1	2.000	2.000	311.000	1321.000	1495.339	1497.114	1498.728	8,	1499.088,	nan	nan	8.000	1501.747	-214.000	214.000	-107.000	107.000	0.799	1.614	3.023	
1	2.000	2.000	312.000	1321.000	1504.786	1507.602	1509.009	9,	1509.431,	nan	nan	9.000	1512.027	-321.000	321.000	-428.000	214.000	1.831	1.407	3.061	
