subjID	session	Block	trialCount	earnings	Gam1Onset	Gam2Onset	FBOnset	KPlate	RTlate	KPs	RT	KP_Final	SLOnset	Gam1_1	Gam1_2	Gam2_1	Gam2_2	jit1	jit2	jit3	
2	2.000	1.000	1.000	572.000	110.768	112.852	113.500	8.000	116.517	nan	nan	nan	nan	-107.000	428.000	-321.000	107.000	1.084	0.650	3.190	
2	2.000	1.000	2.000	572.000	119.718	121.866	122.823	nan	nan	9,9,9,	123.973,124.354,124.668,	9.000	125.825	-321.000	321.000	-428.000	428.000	1.156	0.958	3.273	
2	2.000	1.000	3.000	572.000	129.110	131.765	133.170	nan	nan	8,8,8,8,	133.477,133.786,134.049,134.312,	8.000	136.172	-214.000	214.000	-107.000	321.000	1.662	1.407	3.794	
2	2.000	1.000	4.000	572.000	140.009	142.134	143.839	nan	nan	9,9,9,9,	144.832,145.103,145.375,145.738,	9.000	146.841	-107.000	214.000	-321.000	321.000	1.166	1.706	3.981	
2	2.000	1.000	5.000	572.000	150.845	152.758	154.593	nan	nan	8,8,8,	155.010,155.333,155.629,	8.000	157.595	-214.000	214.000	-321.000	321.000	0.934	1.836	3.666	
2	2.000	1.000	6.000	572.000	161.271	163.583	164.806	nan	nan	9,9,9,9,	165.358,165.662,165.948,166.244,	9.000	167.807	-214.000	428.000	-107.000	214.000	1.320	1.223	2.965	
2	2.000	1.000	7.000	572.000	170.782	172.375	173.917	nan	nan	8,8,8,	174.494,174.780,175.025,	8.000	176.918	-428.000	214.000	-214.000	321.000	0.601	1.542	2.161	
2	2.000	1.000	8.000	572.000	179.102	181.806	182.981	nan	nan	9,9,9,	183.463,183.744,184.021,	9.000	185.983	-107.000	321.000	-428.000	107.000	1.725	1.175	2.238	
2	2.000	1.000	9.000	572.000	188.254	190.939	191.708	nan	nan	9,9,9,9,9,	192.270,192.573,192.832,193.102,193.609,	9.000	194.710	-214.000	428.000	-107.000	107.000	1.715	0.770	3.672	
2	2.000	1.000	10.000	572.000	198.404	200.425	201.619	nan	nan	8,8,	203.151,203.412,	8.000	204.620	-107.000	214.000	-428.000	321.000	1.040	1.195	2.791	
2	2.000	1.000	11.000	572.000	207.433	209.652	211.429	nan	nan	9,9,9,9,	211.573,211.868,212.138,212.464,	9.000	214.431	-214.000	428.000	-321.000	107.000	1.238	1.778	2.662	
2	2.000	1.000	12.000	572.000	217.129	220.043	221.565	nan	nan	9,9,9,9,	222.147,222.474,222.736,222.976,	9.000	224.566	-428.000	428.000	-214.000	107.000	1.947	1.523	2.283	
2	2.000	1.000	13.000	572.000	226.889	229.837	230.949	nan	nan	8,8,	232.486,232.789,	8.000	233.951	-428.000	214.000	-321.000	321.000	1.986	1.113	3.248	
2	2.000	1.000	14.000	572.000	237.238	239.338	240.855	nan	nan	9,9,9,9,9,	241.301,241.585,241.841,242.103,242.403,	9.000	243.856	-321.000	428.000	-214.000	107.000	1.137	1.518	3.871	
2	2.000	1.000	15.000	572.000	247.777	250.262	251.890	nan	nan	9,9,9,	253.190,253.483,253.728,	9.000	254.892	-107.000	321.000	-428.000	428.000	1.532	1.629	3.415	
2	2.000	1.000	16.000	572.000	258.351	261.261	262.137	9.000	265.150	nan	nan	nan	nan	-428.000	321.000	-321.000	107.000	1.952	0.876	3.260	
2	2.000	1.000	17.000	572.000	268.444	270.766	272.201	nan	nan	9,9,9,9,	272.777,273.053,273.284,273.509,	9.000	275.202	-428.000	428.000	-107.000	214.000	1.354	1.436	2.199	
2	2.000	1.000	18.000	572.000	277.438	279.859	281.116	nan	nan	8,8,8,8,	281.433,281.734,282.004,282.254,	8.000	284.117	-214.000	214.000	-321.000	428.000	1.455	1.257	2.360	
2	2.000	1.000	19.000	572.000	286.515	289.369	290.090	nan	nan	8,8,8,8,	291.134,291.417,291.684,291.961,	8.000	293.092	-428.000	321.000	-321.000	428.000	1.889	0.722	3.087	
2	2.000	1.000	20.000	572.000	296.203	298.371	299.917	nan	nan	9,9,9,9,9,9,	300.469,300.750,301.010,301.281,301.565,301.867,	9.000	302.918	-107.000	428.000	-214.000	107.000	1.190	1.547	3.151	
2	2.000	1.000	21.000	572.000	306.088	308.869	309.783	nan	nan	9,9,9,	311.176,311.494,311.765,	9.000	312.785	-321.000	321.000	-107.000	214.000	1.797	0.915	3.177	
2	2.000	1.000	22.000	572.000	315.987	318.174	319.450	nan	nan	8,8,	320.908,321.243,	8.000	322.452	-321.000	214.000	-107.000	107.000	1.209	1.277	3.730	
2	2.000	1.000	23.000	572.000	326.198	327.766	328.309	nan	nan	9,9,	329.701,330.280,	9.000	331.311	-107.000	428.000	-428.000	107.000	0.582	0.543	2.309	
2	2.000	1.000	24.000	572.000	333.672	335.527	336.167	8.000	339.180	nan	nan	nan	nan	-321.000	214.000	-428.000	107.000	0.905	0.640	2.341	
2	2.000	1.000	25.000	572.000	341.559	343.196	344.178	nan	nan	8,8,8,	345.363,345.645,345.909,	8.000	347.179	107.000	321.000	428.000	321.000	0.674	0.982	3.814	
2	2.000	1.000	26.000	572.000	351.046	353.441	354.736	nan	nan	9,9,9,9,	355.803,356.060,356.323,356.596,	9.000	357.738	-428.000	428.000	-107.000	107.000	1.445	1.296	2.566	
2	2.000	1.000	27.000	572.000	360.329	362.110	363.912	nan	nan	9,9,9,9,9,	364.172,364.401,364.638,364.873,365.092,	9.000	366.914	-214.000	428.000	-428.000	107.000	0.804	1.802	2.630	
2	2.000	1.000	28.000	572.000	369.564	372.045	373.900	nan	nan	9,9,9,9,9,	374.191,374.455,374.706,374.986,375.238,	9.000	376.901	-428.000	428.000	-321.000	107.000	1.498	1.855	3.781	
2	2.000	1.000	29.000	572.000	380.729	383.454	385.144	nan	nan	9,9,9,9,9,	385.281,385.544,385.801,386.075,386.334,	9.000	388.146	-214.000	214.000	-428.000	107.000	1.768	1.691	3.003	
2	2.000	1.000	30.000	572.000	391.188	393.906	395.418	nan	nan	9,9,9,9,9,9,9,	395.700,395.962,396.239,396.495,396.762,397.058,397.377,	9.000	398.420	-107.000	428.000	-214.000	214.000	1.754	1.513	2.373	
2	2.000	1.000	31.000	572.000	400.841	402.710	403.846	nan	nan	8,8,8,8,8,8,	404.280,404.624,404.912,405.203,405.487,405.759,	8.000	406.848	-321.000	214.000	-214.000	107.000	0.915	1.137	3.839	
2	2.000	1.000	32.000	572.000	410.730	413.087	414.536	nan	nan	8,8,8,8,	415.143,415.455,415.761,416.062,	8.000	417.538	-214.000	107.000	-321.000	214.000	1.397	1.450	3.910	
2	2.000	1.000	33.000	572.000	421.475	424.088	425.557	nan	nan	9,9,9,9,	426.453,426.716,426.977,427.231,	9.000	428.560	-107.000	214.000	-428.000	107.000	1.638	1.469	3.029	
2	2.000	1.000	34.000	572.000	431.616	433.091	433.952	nan	nan	8,8,8,	435.156,435.459,435.756,	8.000	436.954	-214.000	107.000	-321.000	321.000	0.500	0.862	3.228	
2	2.000	1.000	35.000	572.000	440.211	443.016	444.408	nan	nan	9,9,9,9,	444.945,445.252,445.512,445.753,	9.000	447.410	-214.000	428.000	-321.000	214.000	1.831	1.392	3.865	
2	2.000	1.000	36.000	572.000	451.326	454.190	456.006	nan	nan	8,8,8,8,8,8,	456.227,456.490,456.802,457.116,457.436,457.737,	8.000	459.008	-321.000	321.000	-214.000	428.000	1.913	1.817	3.293	
2	2.000	1.000	37.000	572.000	462.327	463.827	465.591	nan	nan	9,9,9,9,9,	466.338,466.646,466.905,467.169,467.438,	9.000	468.592	-107.000	428.000	-214.000	321.000	0.524	1.764	2.804	
2	2.000	1.000	38.000	572.000	471.420	473.617	474.286	nan	nan	9,	476.075,	9.000	477.287	-321.000	428.000	-428.000	321.000	1.219	0.669	2.424	
2	2.000	1.000	39.000	572.000	479.731	481.909	483.475	nan	nan	8,8,8,8,8,	483.807,484.123,484.403,484.707,485.001,	8.000	486.476	-321.000	214.000	-107.000	428.000	1.195	1.566	3.093	
2	2.000	1.000	40.000	572.000	489.633	492.152	493.380	nan	nan	8,8,8,8,8,	494.095,494.408,494.720,495.030,495.347,	8.000	496.382	-214.000	214.000	-428.000	428.000	1.580	1.228	2.514	
2	2.000	1.000	41.000	572.000	498.963	501.875	502.451	nan	nan	8,8,8,	503.706,504.052,504.348,	8.000	505.453	-321.000	214.000	-107.000	321.000	1.976	0.577	3.241	
2	2.000	1.000	42.000	572.000	508.717	510.471	511.882	nan	nan	8,8,8,8,8,8,	512.156,512.455,512.740,513.037,513.333,513.630,	8.000	514.884	-107.000	214.000	-214.000	321.000	0.775	1.412	3.402	
2	2.000	1.000	43.000	572.000	518.307	519.875	521.074	nan	nan	9,9,9,9,9,	521.764,522.096,522.380,522.697,523.015,	9.000	524.076	-214.000	107.000	-428.000	214.000	0.587	1.199	3.968	
2	2.000	1.000	44.000	572.000	528.070	530.911	532.896	nan	nan	9,9,9,	532.957,533.212,533.460,	9.000	535.898	-428.000	428.000	-214.000	321.000	1.865	1.986	2.347	
2	2.000	1.000	45.000	572.000	538.292	541.247	542.755	nan	nan	9,9,9,9,	543.306,543.615,543.873,544.120,	9.000	545.756	-107.000	428.000	-321.000	321.000	2.000	1.508	3.543	
2	2.000	1.000	46.000	572.000	549.345	551.173	551.769	nan	nan	9,	553.629,	9.000	554.771	-107.000	107.000	-428.000	214.000	0.871	0.596	3.466	
2	2.000	1.000	47.000	572.000	558.266	560.184	560.717	nan	nan	9,	562.518,	9.000	563.719	-321.000	107.000	-428.000	214.000	0.944	0.534	3.338	
2	2.000	1.000	48.000	572.000	567.081	569.755	570.433	nan	nan	9,9,	571.617,571.932,	9.000	573.435	-107.000	428.000	-321.000	214.000	1.696	0.678	3.608	
2	2.000	1.000	49.000	572.000	577.071	578.690	579.305	nan	nan	9,	581.033,	9.000	582.307	-321.000	214.000	-428.000	321.000	0.645	0.616	3.897	
2	2.000	1.000	50.000	572.000	586.250	589.009	590.493	nan	nan	8,8,8,	591.015,591.360,591.978,	8.000	593.495	-428.000	214.000	-107.000	214.000	1.802	1.484	2.232	
2	2.000	1.000	51.000	572.000	595.779	598.622	600.207	nan	nan	8,8,8,8,	601.087,601.459,601.732,601.994,	8.000	603.209	-107.000	321.000	-321.000	107.000	1.894	1.585	3.807	
2	2.000	1.000	52.000	572.000	607.067	608.533	610.065	nan	nan	8,8,8,8,8,8,	610.295,610.560,610.863,611.172,611.494,611.845,	8.000	613.067	-321.000	214.000	-214.000	321.000	0.514	1.532	2.090	
2	2.000	1.000	53.000	572.000	615.208	617.455	618.673	nan	nan	9,9,9,9,	618.840,619.109,619.364,619.588,	9.000	621.674	-214.000	321.000	-321.000	107.000	1.296	1.219	3.305	
2	2.000	1.000	54.000	572.000	625.005	627.794	629.673	nan	nan	8,8,8,	629.980,630.177,630.436,	8.000	632.674	-428.000	214.000	-321.000	428.000	1.812	1.879	2.733	
2	2.000	1.000	55.000	572.000	635.429	637.180	637.843	nan	nan	9,9,	639.293,639.620,	9.000	640.845	-214.000	107.000	-428.000	321.000	0.770	0.664	3.891	
2	2.000	1.000	56.000	572.000	644.779	646.913	647.808	nan	nan	8,8,8,	648.818,649.464,649.773,	8.000	650.810	-214.000	107.000	-107.000	321.000	1.175	0.895	2.945	
2	2.000	1.000	57.000	572.000	653.804	656.681	658.019	nan	nan	8,8,8,8,8,	658.247,658.538,658.848,659.201,659.793,	8.000	661.021	-107.000	214.000	-428.000	428.000	1.923	1.339	3.826	
2	2.000	1.000	58.000	572.000	664.873	667.324	667.934	nan	nan	9,9,9,9,9,	668.344,668.647,668.911,669.176,669.484,	9.000	670.936	-214.000	428.000	-428.000	321.000	1.474	0.611	2.669	
2	2.000	1.000	59.000	572.000	673.635	676.240	677.073	nan	nan	8,8,8,	677.859,678.190,678.781,	8.000	680.074	-428.000	214.000	-214.000	107.000	1.633	0.833	3.498	
2	2.000	1.000	60.000	572.000	683.614	686.537	687.167	nan	nan	8,8,8,8,8,	687.644,687.963,688.269,688.638,689.054,	8.000	690.168	-214.000	107.000	-107.000	428.000	1.961	0.630	3.704	
2	2.000	1.000	61.000	572.000	693.918	695.900	696.631	nan	nan	8,8,8,8,	697.400,697.759,698.066,698.390,	8.000	699.633	-214.000	107.000	-428.000	428.000	1.026	0.732	2.270	
2	2.000	1.000	62.000	572.000	701.934	704.722	705.458	nan	nan	9,9,9,9,	706.492,706.809,707.111,707.406,	9.000	708.459	-214.000	428.000	-321.000	321.000	1.817	0.736	2.830	
2	2.000	1.000	63.000	572.000	711.348	713.071	714.415	nan	nan	9,9,9,9,9,	714.702,714.980,715.237,715.482,715.695,	9.000	717.417	-107.000	428.000	-428.000	214.000	0.780	1.344	2.418	
2	2.000	1.000	64.000	572.000	719.863	722.109	722.714	nan	nan	8,	724.713,	8.000	725.720	-107.000	321.000	-214.000	428.000	1.272	0.606	3.312	
2	2.000	1.000	65.000	572.000	729.056	731.238	732.953	nan	nan	8,8,8,8,	733.192,733.442,733.733,734.104,	8.000	735.955	-428.000	214.000	-107.000	321.000	1.204	1.715	2.740	
2	2.000	1.000	66.000	572.000	738.721	741.388	741.945	nan	nan	9,	743.615,	9.000	744.947	-428.000	428.000	-321.000	214.000	1.691	0.558	2.186	
2	2.000	1.000	67.000	572.000	747.159	749.712	750.274	nan	nan	8,8,	751.439,751.801,	8.000	753.276	-107.000	107.000	-214.000	214.000	1.576	0.563	2.469	
2	2.000	1.000	68.000	572.000	755.771	757.744	759.406	nan	nan	9,9,9,9,9,	760.179,760.524,760.803,761.067,761.315,	9.000	762.408	-107.000	214.000	-321.000	107.000	0.997	1.662	3.132	
2	2.000	1.000	69.000	572.000	765.569	767.105	768.530	nan	nan	9,9,9,9,9,9,	768.786,769.050,769.289,769.522,769.751,769.956,	9.000	771.532	-428.000	428.000	-214.000	214.000	0.563	1.426	2.109	
2	2.000	1.000	70.000	572.000	773.669	775.867	776.632	nan	nan	9,9,9,9,9,9,	777.198,777.482,777.721,777.951,778.185,778.408,	9.000	779.634	-428.000	321.000	-214.000	107.000	1.223	0.765	3.383	
2	2.000	1.000	71.000	572.000	783.038	784.856	785.727	nan	nan	8,8,8,8,8,	785.948,786.238,786.500,786.783,787.047,	8.000	788.729	-214.000	214.000	-107.000	428.000	0.838	0.871	3.061	
2	2.000	1.000	72.000	572.000	791.814	794.257	795.899	nan	nan	8,8,8,	796.170,796.441,796.702,	8.000	798.901	-428.000	107.000	-107.000	214.000	1.465	1.643	3.280	
2	2.000	1.000	73.000	572.000	802.220	804.864	806.232	nan	nan	8,8,8,8,	807.172,807.465,807.699,807.959,	8.000	809.233	-321.000	214.000	-428.000	428.000	1.682	1.368	3.961	
2	2.000	1.000	74.000	572.000	813.223	815.556	816.407	nan	nan	9,9,9,9,	817.393,817.703,817.968,818.217,	9.000	819.409	-214.000	428.000	-428.000	214.000	1.359	0.852	2.932	
2	2.000	1.000	75.000	572.000	822.368	824.153	825.824	nan	nan	8,8,8,8,	826.681,827.028,827.327,827.631,	8.000	828.826	-428.000	-214.000	-107.000	-214.000	0.809	1.672	3.685	
2	2.000	1.000	76.000	572.000	832.541	834.023	835.236	nan	nan	8,8,8,8,	835.759,836.196,836.482,836.753,	8.000	838.237	-321.000	428.000	-107.000	321.000	0.510	1.214	3.904	
2	2.000	1.000	77.000	572.000	842.185	844.116	845.773	nan	nan	9,9,9,9,	846.245,846.533,846.980,847.188,	9.000	848.774	-321.000	428.000	-107.000	214.000	0.973	1.658	3.833	
2	2.000	1.000	78.000	572.000	852.634	854.539	856.485	nan	nan	8,8,8,8,8,	856.877,857.208,857.504,857.789,858.034,	8.000	859.487	-107.000	107.000	-321.000	321.000	0.929	1.947	3.627	
2	2.000	1.000	79.000	572.000	863.142	864.857	865.820	nan	nan	8,8,8,8,8,	866.514,866.845,867.136,867.429,867.700,	8.000	868.822	-107.000	321.000	-321.000	428.000	0.741	0.963	2.354	
2	2.000	1.000	80.000	572.000	871.202	873.445	874.942	nan	nan	9,9,9,	875.109,875.297,875.554,	9.000	877.944	-107.000	321.000	-214.000	107.000	1.267	1.498	2.592	
2	2.000	1.000	81.000	572.000	880.561	882.650	883.459	nan	nan	9,9,9,9,	884.675,884.958,885.214,885.454,	9.000	886.460	-321.000	428.000	-428.000	107.000	1.113	0.809	3.138	
2	2.000	1.000	82.000	572.000	889.625	891.892	893.843	nan	nan	8,8,8,8,8,	894.015,894.363,894.652,894.927,895.210,	8.000	896.845	-428.000	107.000	-214.000	214.000	1.291	1.952	2.913	
2	2.000	1.000	83.000	572.000	899.785	901.333	902.146	nan	nan	9,9,	903.477,903.822,	9.000	905.147	-214.000	321.000	-428.000	107.000	0.572	0.814	3.582	
2	2.000	1.000	84.000	572.000	908.757	911.515	912.434	nan	nan	8,8,8,8,8,8,	912.841,913.147,913.457,913.756,914.049,914.326,	8.000	915.435	-428.000	214.000	-214.000	428.000	1.783	0.920	2.727	
2	2.000	1.000	85.000	572.000	918.190	920.682	921.191	nan	nan	8,8,	922.798,923.136,	8.000	924.193	-321.000	321.000	-107.000	107.000	1.518	0.510	2.559	
2	2.000	1.000	86.000	572.000	926.779	929.350	930.447	nan	nan	9,9,9,9,9,	931.258,931.605,931.890,932.170,932.410,	9.000	933.449	-428.000	321.000	-107.000	107.000	1.595	1.098	3.325	
2	2.000	1.000	87.000	572.000	936.798	939.554	940.498	nan	nan	8,8,	942.077,942.368,	8.000	943.499	-428.000	107.000	-214.000	321.000	1.778	0.944	2.765	
2	2.000	1.000	88.000	572.000	946.292	949.108	950.056	nan	nan	8,8,8,8,	950.938,951.263,951.556,951.863,	8.000	953.058	-428.000	321.000	-214.000	428.000	1.841	0.949	3.254	
2	2.000	1.000	89.000	572.000	956.340	957.954	959.679	nan	nan	9,9,9,9,	960.633,960.999,961.268,961.511,	9.000	962.680	-428.000	428.000	-107.000	321.000	0.640	1.725	2.302	
2	2.000	1.000	90.000	572.000	965.010	967.353	969.319	nan	nan	8,8,8,8,8,8,	969.491,969.752,970.045,970.333,970.615,970.876,	8.000	972.320	-214.000	107.000	-107.000	214.000	1.368	1.966	3.203	
2	2.000	1.000	91.000	572.000	975.573	977.044	978.875	nan	nan	9,9,9,9,9,9,9,	979.121,979.469,979.748,980.005,980.270,980.506,980.751,	9.000	981.876	-214.000	321.000	-107.000	107.000	0.519	1.831	3.916	
2	2.000	1.000	92.000	572.000	985.846	987.778	988.904	nan	nan	8,8,8,	990.018,990.365,990.678,	8.000	991.906	-321.000	428.000	-107.000	107.000	0.982	1.127	2.392	
2	2.000	1.000	93.000	572.000	994.328	996.249	998.109	nan	nan	8,8,8,8,8,	998.447,998.714,998.998,999.300,999.564,	8.000	1001.110	-107.000	107.000	-214.000	321.000	0.949	1.860	2.797	
2	2.000	1.000	94.000	572.000	1003.935	1005.502	1006.102	nan	nan	9,9,9,	1007.248,1007.583,1007.860,	9.000	1009.104	-214.000	321.000	-428.000	214.000	0.592	0.601	2.611	
2	2.000	1.000	95.000	572.000	1011.746	1013.565	1014.455	nan	nan	8,8,8,8,	1015.289,1015.652,1016.002,1016.337,	8.000	1017.457	-107.000	214.000	-321.000	428.000	0.847	0.891	2.193	
2	2.000	1.000	96.000	572.000	1019.679	1022.445	1023.996	nan	nan	9,9,9,9,9,	1024.453,1024.786,1025.057,1025.321,1025.576,	9.000	1026.997	-107.000	107.000	-321.000	214.000	1.793	1.551	3.299	
2	2.000	1.000	97.000	572.000	1030.325	1031.832	1032.689	8.000	1035.702	nan	nan	nan	nan	-428.000	214.000	-321.000	107.000	0.534	0.857	2.675	
2	2.000	1.000	98.000	572.000	1038.407	1039.990	1041.734	nan	nan	9,9,9,9,	1042.078,1042.337,1042.616,1043.046,	9.000	1044.735	-107.000	321.000	-428.000	214.000	0.611	1.744	3.531	
2	2.000	1.000	99.000	572.000	1048.298	1050.236	1052.226	nan	nan	9,9,	1052.581,1052.830,	9.000	1055.228	-321.000	428.000	-428.000	214.000	0.968	1.990	2.868	
2	2.000	1.000	100.000	572.000	1058.127	1060.298	1062.239	nan	nan	8,8,8,8,8,	1062.469,1062.702,1062.995,1063.286,1063.568,	8.000	1065.241	107.000	-214.000	321.000	-214.000	1.199	1.942	2.148	
2	2.000	1.000	101.000	572.000	1067.430	1069.977	1071.209	nan	nan	9,9,9,9,9,9,9,9,	1071.278,1071.607,1071.909,1072.172,1072.404,1072.635,1072.863,1073.080,	9.000	1074.211	-214.000	321.000	-107.000	214.000	1.585	1.233	2.013	
2	2.000	1.000	102.000	572.000	1076.267	1078.344	1079.133	nan	nan	9,9,9,	1080.284,1080.617,1080.912,	9.000	1082.134	-107.000	428.000	-428.000	321.000	1.117	0.789	2.334	
2	2.000	1.000	103.000	572.000	1084.496	1086.747	1087.811	nan	nan	8,8,8,8,8,	1088.254,1088.604,1088.926,1089.272,1089.606,	8.000	1090.813	-428.000	107.000	-107.000	321.000	1.277	1.064	2.116	
2	2.000	1.000	104.000	572.000	1092.959	1094.682	1095.316	nan	nan	9,9,9,9,	1096.157,1096.488,1096.766,1097.011,	9.000	1098.318	-214.000	428.000	-107.000	321.000	0.751	0.635	3.736	
2	2.000	1.000	105.000	572.000	1102.085	1104.497	1105.817	nan	nan	8,8,8,8,	1106.256,1106.634,1106.966,1107.470,	8.000	1108.818	-321.000	107.000	-214.000	214.000	1.441	1.320	2.720	
2	2.000	1.000	106.000	572.000	1111.569	1113.518	1114.669	nan	nan	9,9,9,9,9,	1115.218,1115.607,1115.895,1116.180,1116.433,	9.000	1117.670	-428.000	321.000	-321.000	214.000	0.977	1.151	2.688	
2	2.000	1.000	107.000	572.000	1120.391	1123.240	1124.550	nan	nan	9,9,9,9,9,	1125.147,1125.454,1125.709,1125.962,1126.186,	9.000	1127.552	-214.000	321.000	-321.000	214.000	1.879	1.310	2.019	
2	2.000	1.000	108.000	572.000	1129.623	1131.208	1132.976	nan	nan	9,9,9,9,	1133.588,1133.892,1134.149,1134.377,	9.000	1135.978	-428.000	428.000	-321.000	321.000	0.635	1.768	3.209	
2	2.000	1.000	109.000	572.000	1139.219	1141.929	1142.945	nan	nan	8,8,8,8,8,	1143.156,1143.419,1143.717,1144.000,1144.279,	8.000	1145.946	-321.000	107.000	-107.000	214.000	1.740	1.016	3.640	
2	2.000	1.000	110.000	572.000	1149.618	1151.185	1152.393	nan	nan	8,8,8,8,8,	1153.070,1153.354,1153.629,1153.877,1154.101,	8.000	1155.395	-321.000	107.000	-107.000	321.000	0.596	1.209	2.135	
2	2.000	1.000	111.000	572.000	1157.562	1160.359	1161.042	nan	nan	9,9,9,9,9,9,	1161.540,1161.859,1162.119,1162.359,1162.584,1162.811,	9.000	1164.043	-321.000	321.000	-428.000	107.000	1.826	0.683	2.322	
2	2.000	1.000	112.000	572.000	1166.405	1169.140	1169.867	nan	nan	8,8,8,8,8,8,	1170.339,1170.654,1170.925,1171.193,1171.462,1171.710,	8.000	1172.868	-321.000	214.000	-214.000	428.000	1.773	0.727	2.154	
2	2.000	1.000	113.000	572.000	1175.054	1176.824	1178.756	nan	nan	9,9,9,	1178.899,1179.105,1179.354,	9.000	1181.757	-214.000	214.000	-321.000	107.000	0.799	1.932	2.855	
2	2.000	1.000	114.000	572.000	1184.644	1186.978	1187.907	nan	nan	9,9,9,9,	1188.708,1189.066,1189.351,1189.859,	9.000	1190.909	-107.000	214.000	-214.000	107.000	1.363	0.929	2.701	
2	2.000	1.000	115.000	572.000	1193.642	1196.497	1198.385	nan	nan	8,8,8,	1198.677,1198.969,1199.218,	8.000	1201.387	-107.000	107.000	-428.000	321.000	1.884	1.889	3.074	
2	2.000	1.000	116.000	572.000	1204.493	1207.140	1208.344	nan	nan	8,8,8,8,	1209.127,1209.481,1209.777,1210.100,	8.000	1211.345	-428.000	107.000	-214.000	428.000	1.677	1.204	3.344	
2	2.000	1.000	117.000	572.000	1214.721	1216.630	1218.422	nan	nan	8,8,8,8,8,8,	1218.906,1219.241,1219.534,1219.832,1220.087,1220.315,	8.000	1221.424	-428.000	107.000	-321.000	321.000	0.939	1.793	2.637	
2	2.000	1.000	118.000	572.000	1224.091	1225.906	1227.206	nan	nan	8,8,8,8,	1227.305,1227.593,1228.182,1228.452,	8.000	1230.207	-321.000	321.000	-107.000	428.000	0.842	1.301	3.408	
2	2.000	1.000	119.000	572.000	1233.646	1235.788	1236.500	nan	nan	8,8,8,8,	1237.249,1237.607,1237.887,1238.140,	8.000	1239.502	-107.000	107.000	-214.000	428.000	1.170	0.712	3.331	
2	2.000	1.000	120.000	572.000	1242.867	1244.383	1246.233	nan	nan	8,8,8,8,	1246.410,1246.693,1246.946,1247.679,	8.000	1249.235	-428.000	214.000	-107.000	428.000	0.548	1.850	2.842	
2	2.000	1.000	121.000	572.000	1252.110	1254.694	1256.394	nan	nan	8,8,8,	1256.597,1256.847,1257.096,	8.000	1259.396	-107.000	321.000	-214.000	214.000	1.614	1.701	3.621	
2	2.000	1.000	122.000	572.000	1263.049	1265.039	1266.793	nan	nan	9,9,9,	1267.732,1268.079,1268.651,	9.000	1269.794	-214.000	214.000	-428.000	321.000	1.021	1.754	3.421	
2	2.000	1.000	123.000	572.000	1273.260	1275.837	1276.684	nan	nan	8,8,	1278.149,1278.563,	8.000	1279.685	-321.000	321.000	-214.000	107.000	1.619	0.847	3.486	
2	2.000	1.000	124.000	572.000	1283.204	1284.856	1285.563	nan	nan	8,8,8,8,8,	1286.096,1286.464,1286.773,1287.078,1287.367,	8.000	1288.565	-321.000	107.000	-107.000	428.000	0.683	0.707	3.492	
2	2.000	1.000	125.000	572.000	1292.091	1294.732	1296.162	nan	nan	8,8,8,	1297.287,1297.695,1298.032,	8.000	1299.164	107.000	214.000	321.000	214.000	1.672	1.431	3.691	
2	2.000	1.000	126.000	572.000	1302.889	1305.558	1307.269	nan	nan	8,8,8,8,	1307.399,1307.662,1307.957,1308.248,	8.000	1310.270	-214.000	321.000	-107.000	428.000	1.701	1.711	2.264	
2	2.000	1.000	127.000	572.000	1312.568	1314.185	1314.723	nan	nan	8,8,	1316.268,1316.639,	8.000	1317.725	-214.000	214.000	-107.000	107.000	0.650	0.539	2.875	
2	2.000	1.000	128.000	572.000	1320.634	1323.332	1324.155	nan	nan	8,8,8,8,8,	1324.834,1325.182,1325.484,1325.777,1326.069,	8.000	1327.156	-214.000	321.000	-428.000	428.000	1.730	0.823	3.987	
2	2.000	1.000	129.000	572.000	1331.198	1333.451	1334.915	nan	nan	8,8,8,	1335.145,1335.475,1335.772,	8.000	1337.917	-321.000	107.000	-428.000	428.000	1.305	1.465	2.971	
2	2.000	1.000	130.000	572.000	1340.950	1343.495	1345.243	nan	nan	8,8,8,8,	1345.491,1345.789,1346.075,1346.307,	8.000	1348.245	-428.000	321.000	-107.000	214.000	1.605	1.749	2.437	
2	2.000	1.000	131.000	572.000	1350.746	1352.348	1353.938	nan	nan	8,	1355.924,	8.000	1356.939	-428.000	107.000	-321.000	214.000	0.664	1.590	3.357	
2	2.000	1.000	132.000	572.000	1360.357	1363.226	1363.774	nan	nan	9,9,9,9,	1364.597,1364.980,1365.297,1365.585,	9.000	1366.776	-321.000	321.000	-428.000	214.000	1.928	0.548	3.479	
2	2.000	1.000	133.000	572.000	1370.293	1372.582	1374.365	nan	nan	8,8,8,8,8,	1374.481,1374.740,1375.010,1375.345,1375.680,	8.000	1377.366	-107.000	107.000	-428.000	428.000	1.325	1.783	2.752	
2	2.000	1.000	134.000	572.000	1380.177	1382.455	1384.243	nan	nan	8,8,8,8,8,	1384.704,1385.073,1385.389,1385.716,1386.013,	8.000	1387.245	-428.000	107.000	-321.000	428.000	1.334	1.788	2.540	
2	2.000	1.000	135.000	572.000	1389.818	1392.430	1393.480	nan	nan	8,8,8,8,8,8,	1393.998,1394.314,1394.610,1394.910,1395.204,1395.474,	8.000	1396.481	-321.000	321.000	-214.000	214.000	1.643	1.050	3.884	
2	2.000	1.000	136.000	572.000	1400.430	1402.596	1404.480	nan	nan	9,9,9,9,	1404.751,1405.059,1405.357,1405.630,	9.000	1407.482	-321.000	428.000	-214.000	321.000	1.228	1.884	2.939	
2	2.000	1.000	137.000	572.000	1410.478	1412.044	1412.968	nan	nan	8,8,8,8,	1413.522,1413.886,1414.203,1414.460,	8.000	1415.969	-428.000	321.000	-214.000	214.000	0.621	0.924	3.183	
2	2.000	1.000	138.000	572.000	1419.208	1420.785	1421.810	nan	nan	8,8,8,8,8,	1422.364,1422.716,1423.054,1423.383,1423.689,	8.000	1424.812	-214.000	107.000	-321.000	428.000	0.630	1.026	3.723	
2	2.000	1.000	139.000	572.000	1428.576	1430.920	1432.394	nan	nan	8,8,8,8,8,8,8,	1432.602,1432.808,1433.049,1433.324,1433.602,1433.882,1434.169,	8.000	1435.395	-107.000	214.000	-214.000	428.000	1.383	1.474	3.505	
2	2.000	1.000	140.000	572.000	1438.940	1441.150	1442.402	nan	nan	9,9,9,9,9,	1442.529,1442.813,1443.094,1443.347,1443.575,	9.000	1445.404	-428.000	214.000	-107.000	107.000	1.248	1.252	2.444	
2	2.000	1.000	141.000	572.000	1447.899	1449.706	1450.481	nan	nan	9,	1452.184,	9.000	1453.482	-107.000	321.000	-321.000	214.000	0.857	0.775	3.286	
2	2.000	1.000	142.000	572.000	1456.838	1459.680	1460.377	nan	nan	8,8,8,8,	1461.090,1461.752,1462.019,1462.284,	8.000	1463.378	-107.000	107.000	-321.000	428.000	1.908	0.698	2.836	
2	2.000	1.000	143.000	572.000	1466.276	1468.286	1470.199	nan	nan	8,8,	1470.343,1470.686,	8.000	1473.200	-321.000	107.000	-428.000	321.000	1.069	1.913	3.196	
2	2.000	1.000	144.000	572.000	1476.484	1479.355	1480.009	nan	nan	8,8,8,8,	1481.061,1481.401,1481.690,1481.974,	8.000	1483.010	-321.000	428.000	-214.000	214.000	1.957	0.654	2.399	
2	2.000	1.000	145.000	572.000	1485.473	1487.760	1489.355	nan	nan	8,8,8,	1489.563,1489.802,1490.039,	8.000	1492.356	-321.000	107.000	-214.000	428.000	1.349	1.595	3.601	
2	2.000	1.000	146.000	572.000	1496.018	1498.304	1500.173	nan	nan	8,8,8,8,	1500.254,1500.543,1501.100,1501.413,	8.000	1503.175	-321.000	107.000	-214.000	321.000	1.344	1.870	2.572	
2	2.000	1.000	147.000	572.000	1505.809	1507.838	1509.437	nan	nan	8,8,8,8,	1509.769,1510.088,1510.392,1510.735,	8.000	1512.439	-428.000	321.000	-107.000	428.000	1.088	1.600	2.006	
2	2.000	1.000	148.000	572.000	1514.504	1516.492	1517.209	nan	nan	8,8,8,8,8,8,8,	1517.431,1517.701,1518.015,1518.317,1518.593,1518.857,1519.114,	8.000	1520.210	-428.000	107.000	-107.000	428.000	1.045	0.717	2.990	
2	2.000	1.000	149.000	572.000	1523.240	1524.741	1525.583	nan	nan	8,8,8,8,	1526.363,1526.761,1527.079,1527.381,	8.000	1528.585	-214.000	321.000	-321.000	428.000	0.539	0.842	3.633	
2	2.000	1.000	150.000	572.000	1532.275	1533.837	1535.610	nan	nan	8,8,8,8,8,	1536.491,1536.823,1537.081,1537.330,1537.573,	8.000	1538.612	-428.000	428.000	-214.000	428.000	0.616	1.773	2.508	
2	2.000	1.000	151.000	572.000	1541.155	1544.026	1544.650	nan	nan	8,8,	1546.261,1546.586,	8.000	1547.652	-428.000	214.000	-321.000	321.000	1.904	0.625	2.026	
2	2.000	1.000	152.000	572.000	1549.733	1552.652	1553.233	nan	nan	9,9,9,9,9,	1554.043,1554.332,1554.604,1554.869,1555.125,	9.000	1556.235	-107.000	428.000	-428.000	107.000	1.971	0.582	2.772	
2	2.000	1.000	153.000	572.000	1559.062	1560.615	1561.202	nan	nan	8,8,8,8,8,	1562.033,1562.383,1562.669,1562.938,1563.184,	8.000	1564.203	-428.000	428.000	-107.000	214.000	0.606	0.587	2.129	
2	2.000	1.000	154.000	572.000	1566.387	1568.828	1570.567	nan	nan	9,9,	1570.702,1571.303,	9.000	1573.568	-321.000	214.000	-428.000	107.000	1.494	1.740	2.167	
2	2.000	1.000	155.000	572.000	1575.809	1577.725	1579.107	nan	nan	9,9,9,9,	1580.006,1580.404,1580.697,1580.951,	9.000	1582.109	-107.000	214.000	-428.000	321.000	0.987	1.383	2.064	
2	2.000	1.000	156.000	572.000	1584.234	1586.433	1587.795	nan	nan	8,8,8,8,8,	1588.173,1588.445,1588.741,1589.037,1589.308,	8.000	1590.797	-321.000	321.000	-214.000	428.000	1.257	1.363	3.042	
2	2.000	2.000	157.000	572.000	65.987	68.080	69.693	nan	nan	9,9,9,	69.828,70.223,70.675,	9.000	72.695	-214.000	428.000	-107.000	214.000	1.093	1.614	3.518	
2	2.000	2.000	158.000	572.000	76.280	78.936	79.464	nan	nan	9,9,9,9,9,	79.715,80.041,80.346,80.630,80.917,	9.000	82.466	-107.000	428.000	-214.000	107.000	1.720	0.529	2.502	
2	2.000	2.000	159.000	572.000	85.033	87.657	88.735	nan	nan	9,9,9,9,	89.167,89.502,89.802,90.108,	9.000	91.736	-107.000	214.000	-428.000	107.000	1.686	1.079	3.215	
2	2.000	2.000	160.000	572.000	95.020	96.917	98.598	nan	nan	9,	98.742,	9.000	101.603	-107.000	428.000	-214.000	214.000	0.963	1.682	3.170	
2	2.000	2.000	161.000	572.000	104.839	106.541	108.478	nan	nan	8,8,8,	108.604,108.890,109.372,	8.000	111.479	-214.000	107.000	-321.000	321.000	0.765	1.937	3.859	
2	2.000	2.000	162.000	572.000	115.406	117.153	118.130	nan	nan	9,9,9,9,9,9,	118.676,119.025,119.313,119.596,119.860,120.093,	9.000	121.132	-107.000	428.000	-214.000	321.000	0.814	0.977	2.894	
2	2.000	2.000	163.000	572.000	124.095	125.683	126.848	nan	nan	8,8,8,8,	127.276,127.688,128.009,128.271,	8.000	129.849	-321.000	321.000	-107.000	214.000	0.654	1.166	3.550	
2	2.000	2.000	164.000	572.000	133.472	136.049	136.935	nan	nan	9,9,9,9,9,	137.617,137.977,138.275,138.569,138.849,	9.000	139.936	-107.000	321.000	-428.000	107.000	1.648	0.886	3.563	
2	2.000	2.000	165.000	572.000	143.547	146.212	147.739	nan	nan	8,8,8,8,	148.771,149.081,149.412,149.671,	8.000	150.740	-428.000	321.000	-321.000	428.000	1.711	1.527	3.936	
2	2.000	2.000	166.000	572.000	154.741	157.345	159.220	nan	nan	9,9,9,9,9,9,9,	159.421,159.668,159.906,160.166,160.392,160.592,160.802,	9.000	162.221	-107.000	428.000	-321.000	107.000	1.667	1.875	2.553	
2	2.000	2.000	167.000	572.000	164.818	166.918	168.020	nan	nan	9,9,9,9,9,9,	168.365,168.671,168.953,169.240,169.500,169.750,	9.000	171.022	-214.000	214.000	-428.000	107.000	1.141	1.103	2.778	
2	2.000	2.000	168.000	572.000	173.871	175.621	176.361	nan	nan	8,8,8,8,	177.093,177.517,177.862,178.155,	8.000	179.363	-107.000	214.000	-321.000	321.000	0.818	0.741	2.039	
2	2.000	2.000	169.000	572.000	181.472	183.097	183.881	nan	nan	9,9,9,9,	184.865,185.224,185.499,185.752,	9.000	186.883	-214.000	107.000	-321.000	214.000	0.693	0.785	2.547	
2	2.000	2.000	170.000	572.000	189.508	191.685	193.612	nan	nan	9,9,9,	193.775,194.269,195.530,	9.000	196.613	-107.000	428.000	-428.000	107.000	1.252	1.928	2.579	
2	2.000	2.000	171.000	572.000	199.240	200.931	202.371	nan	nan	9,9,9,9,9,9,9,9,	202.398,202.696,202.906,203.130,203.363,203.587,204.019,204.249,	9.000	205.372	-214.000	428.000	-107.000	107.000	0.736	1.441	3.949	
2	2.000	2.000	172.000	572.000	209.395	211.214	212.124	nan	nan	8,	214.041,	8.000	215.125	-428.000	321.000	-321.000	107.000	0.891	0.910	2.900	
2	2.000	2.000	173.000	572.000	218.105	220.589	221.677	nan	nan	9,9,9,9,9,9,	221.796,222.136,222.472,222.712,223.243,223.482,	9.000	224.679	-428.000	428.000	-214.000	107.000	1.561	1.088	2.817	
2	2.000	2.000	174.000	572.000	227.572	229.359	230.360	nan	nan	9,9,9,9,9,9,	230.766,231.141,231.417,231.699,231.930,232.167,	9.000	233.362	-428.000	428.000	-321.000	107.000	0.862	1.002	2.907	
2	2.000	2.000	175.000	572.000	236.338	239.015	239.761	nan	nan	9,9,9,9,9,	240.209,240.538,240.823,241.085,241.676,	9.000	242.763	-107.000	214.000	-428.000	321.000	1.744	0.746	3.350	
2	2.000	2.000	176.000	572.000	246.183	248.638	249.928	nan	nan	8,8,8,8,8,8,8,	250.289,250.612,250.875,251.140,251.400,251.651,251.885,	8.000	252.930	-107.000	321.000	-428.000	428.000	1.523	1.291	3.048	
2	2.000	2.000	177.000	572.000	256.044	257.698	259.495	nan	nan	8,8,8,8,	260.292,260.675,260.971,261.246,	8.000	262.496	-321.000	214.000	-107.000	107.000	0.717	1.797	2.650	
2	2.000	2.000	178.000	572.000	265.215	268.008	268.653	nan	nan	nan	nan	nan	nan	-214.000	214.000	-321.000	321.000	1.860	0.645	3.768	
2	2.000	2.000	179.000	572.000	275.490	277.537	278.716	nan	nan	9,9,9,9,9,9,9,	278.947,279.159,279.409,279.661,279.904,280.137,280.561,	9.000	281.718	-214.000	428.000	-428.000	107.000	1.098	1.180	2.032	
2	2.000	2.000	180.000	572.000	283.805	286.352	287.343	nan	nan	8,8,8,	288.578,288.936,289.238,	8.000	290.345	-428.000	214.000	-321.000	321.000	1.600	0.992	2.656	
2	2.000	2.000	181.000	572.000	293.051	295.454	297.429	nan	nan	8,8,8,	297.578,297.810,298.074,	8.000	300.431	107.000	321.000	428.000	321.000	1.450	1.976	3.164	
2	2.000	2.000	182.000	572.000	303.648	306.346	307.386	nan	nan	8,8,8,	308.481,308.838,309.161,	8.000	310.388	-321.000	214.000	-214.000	107.000	1.749	1.040	2.707	
2	2.000	2.000	183.000	572.000	313.142	315.523	316.510	nan	nan	9,9,9,9,	317.426,317.769,318.046,318.348,	9.000	319.512	-321.000	428.000	-214.000	107.000	1.426	0.987	2.457	
2	2.000	2.000	184.000	572.000	322.023	323.847	325.495	9.000	328.508	nan	nan	nan	nan	-214.000	428.000	-321.000	107.000	0.876	1.648	3.646	
2	2.000	2.000	185.000	572.000	332.236	333.946	334.990	nan	nan	8,8,8,	335.349,335.595,335.840,	8.000	337.992	-214.000	214.000	-321.000	428.000	0.789	1.045	3.100	
2	2.000	2.000	186.000	572.000	341.167	343.930	344.690	nan	nan	8,8,8,8,8,	345.078,345.475,345.773,346.048,346.304,	8.000	347.692	-428.000	428.000	-107.000	214.000	1.836	0.760	2.823	
2	2.000	2.000	187.000	572.000	350.584	352.176	353.172	nan	nan	8,8,8,	354.398,354.750,355.033,	8.000	356.174	-428.000	214.000	-214.000	321.000	0.659	0.997	3.447	
2	2.000	2.000	188.000	572.000	359.704	361.784	363.470	nan	nan	9,9,9,9,9,9,	363.696,363.998,364.267,364.519,364.734,364.965,	9.000	366.472	-321.000	214.000	-428.000	107.000	1.161	1.686	2.695	
2	2.000	2.000	189.000	572.000	369.239	371.725	372.784	nan	nan	8,8,8,8,8,	373.208,373.603,373.913,374.194,374.512,	8.000	375.786	-321.000	321.000	-214.000	428.000	1.556	1.059	2.379	
2	2.000	2.000	190.000	572.000	378.238	380.791	382.251	9.000	385.263	nan	nan	nan	nan	-214.000	214.000	-107.000	321.000	1.624	1.460	3.119	
2	2.000	2.000	191.000	572.000	388.437	390.053	390.953	nan	nan	9,9,9,9,9,9,	391.313,391.675,391.957,392.234,392.527,392.853,	9.000	393.954	-214.000	428.000	-321.000	214.000	0.669	0.900	2.598	
2	2.000	2.000	192.000	572.000	396.624	399.106	400.078	nan	nan	8,8,8,8,8,	400.571,400.954,401.287,401.575,401.863,	8.000	403.080	-321.000	321.000	-428.000	428.000	1.551	0.973	2.489	
2	2.000	2.000	193.000	572.000	405.626	407.404	408.097	nan	nan	8,8,8,8,8,	408.636,408.939,409.230,409.533,410.022,	8.000	411.098	-428.000	428.000	-107.000	107.000	0.833	0.693	2.431	
2	2.000	2.000	194.000	572.000	413.615	415.456	416.616	nan	nan	9,9,9,9,	416.864,417.076,417.365,417.645,	9.000	419.618	-321.000	428.000	-428.000	321.000	0.924	1.161	2.997	
2	2.000	2.000	195.000	572.000	422.692	424.576	426.184	nan	nan	8,8,	426.446,426.731,	8.000	429.186	-428.000	428.000	-214.000	321.000	0.958	1.609	3.460	
2	2.000	2.000	196.000	572.000	432.722	434.274	435.443	nan	nan	8,8,8,8,8,8,	435.758,436.126,436.447,436.739,437.019,437.286,	8.000	438.445	-107.000	321.000	-214.000	428.000	0.625	1.170	3.923	
2	2.000	2.000	197.000	572.000	442.419	445.192	446.540	nan	nan	9,9,9,9,9,9,9,	446.796,447.019,447.267,447.500,447.728,447.955,448.151,	9.000	449.541	-214.000	428.000	-428.000	321.000	1.822	1.349	2.984	
2	2.000	2.000	198.000	572.000	452.601	455.426	456.509	nan	nan	8,8,8,8,8,	456.987,457.370,457.689,458.006,458.309,	8.000	459.511	-428.000	321.000	-214.000	107.000	1.899	1.084	2.000	
2	2.000	2.000	199.000	572.000	461.561	464.479	466.436	nan	nan	9,9,9,	466.670,466.945,467.210,	9.000	469.437	-107.000	428.000	-321.000	214.000	1.966	1.957	3.441	
2	2.000	2.000	200.000	572.000	472.953	474.833	476.119	nan	nan	9,9,	477.577,477.931,	9.000	479.121	-321.000	214.000	-107.000	321.000	0.953	1.286	2.141	
2	2.000	2.000	201.000	572.000	481.322	482.953	483.886	nan	nan	9,9,9,9,9,	484.428,484.744,485.026,485.460,485.834,	9.000	486.888	-107.000	428.000	-428.000	214.000	0.688	0.934	2.920	
2	2.000	2.000	202.000	572.000	489.879	491.696	493.618	nan	nan	8,8,8,8,8,8,8,	493.855,494.119,494.391,494.662,494.940,495.218,495.474,	8.000	496.620	-428.000	214.000	-107.000	321.000	0.886	1.923	2.296	
2	2.000	2.000	203.000	572.000	498.990	501.624	502.138	nan	nan	8,8,8,8,	502.948,503.363,503.697,503.987,	8.000	505.139	-214.000	107.000	-107.000	428.000	1.706	0.514	3.576	
2	2.000	2.000	204.000	572.000	508.772	510.295	511.537	nan	nan	9,9,9,9,9,9,9,	511.751,511.991,512.264,512.527,512.813,513.098,513.351,	9.000	514.538	-107.000	107.000	-428.000	214.000	0.577	1.243	4.000	
2	2.000	2.000	205.000	572.000	518.612	520.841	522.344	nan	nan	9,9,9,	522.617,522.812,523.387,	9.000	525.346	-428.000	428.000	-321.000	214.000	1.301	1.503	3.318	
2	2.000	2.000	206.000	572.000	528.727	530.345	531.905	nan	nan	8,8,8,8,	532.343,532.754,533.103,533.502,	8.000	534.907	-428.000	214.000	-107.000	214.000	0.678	1.561	2.810	
2	2.000	2.000	207.000	572.000	537.792	539.852	540.925	nan	nan	9,9,9,9,	541.898,542.246,542.538,542.819,	9.000	543.926	-214.000	107.000	-428.000	428.000	1.132	1.074	2.077	
2	2.000	2.000	208.000	572.000	546.067	548.534	550.374	nan	nan	9,9,9,9,9,	550.698,550.984,551.546,551.804,552.041,	9.000	553.376	-107.000	214.000	-428.000	428.000	1.527	1.841	2.450	
2	2.000	2.000	209.000	572.000	555.909	557.844	558.344	nan	nan	9,	560.331,	9.000	561.345	-321.000	214.000	-214.000	321.000	1.016	0.500	3.055	
2	2.000	2.000	210.000	572.000	564.476	566.713	567.594	nan	nan	9,9,9,9,9,	567.799,568.078,568.370,568.653,568.913,	9.000	570.595	-214.000	428.000	-321.000	321.000	1.310	0.881	3.846	
2	2.000	2.000	211.000	572.000	574.515	576.362	577.667	nan	nan	9,9,9,9,9,	578.165,578.553,578.856,579.159,579.466,	9.000	580.669	-214.000	107.000	-107.000	321.000	0.920	1.305	3.113	
2	2.000	2.000	212.000	572.000	583.855	586.162	587.400	nan	nan	9,9,9,9,9,9,	587.756,588.032,588.561,588.827,589.085,589.327,	9.000	590.401	-107.000	321.000	-321.000	107.000	1.378	1.238	2.058	
2	2.000	2.000	213.000	572.000	592.513	594.704	596.598	nan	nan	9,9,9,9,9,	596.758,597.032,597.304,597.578,597.823,	9.000	599.600	-214.000	428.000	-428.000	214.000	1.243	1.894	3.222	
2	2.000	2.000	214.000	572.000	602.894	604.883	606.454	nan	nan	9,9,9,9,9,9,	606.579,606.993,607.359,607.671,607.980,608.294,	9.000	609.455	-214.000	321.000	-321.000	107.000	1.059	1.571	2.714	
2	2.000	2.000	215.000	572.000	612.219	614.226	616.091	nan	nan	9,9,9,9,9,9,9,9,	616.212,616.395,616.635,616.861,617.079,617.295,617.503,617.948,	9.000	619.092	-107.000	214.000	-321.000	107.000	1.055	1.865	3.434	
2	2.000	2.000	216.000	572.000	622.606	624.410	626.062	nan	nan	nan	nan	nan	nan	-214.000	214.000	-107.000	428.000	0.881	1.653	2.386	
2	2.000	2.000	217.000	572.000	631.513	633.645	635.374	nan	nan	9,9,9,9,9,9,	635.764,636.035,636.294,636.538,636.844,637.110,	9.000	638.376	-321.000	214.000	-428.000	428.000	1.185	1.730	2.412	
2	2.000	2.000	218.000	572.000	640.847	643.076	643.735	nan	nan	9,9,9,9,9,	644.477,644.853,645.151,645.443,645.727,	9.000	646.740	-321.000	214.000	-428.000	321.000	1.286	0.659	3.010	
2	2.000	2.000	219.000	572.000	649.816	652.685	654.221	nan	nan	9,9,9,9,9,9,	654.464,654.726,654.955,655.185,655.408,655.640,	9.000	657.223	-214.000	107.000	-428.000	321.000	1.932	1.537	2.952	
2	2.000	2.000	220.000	572.000	660.244	662.965	664.019	nan	nan	8,8,8,8,	664.445,664.888,665.234,665.786,	8.000	667.021	-428.000	107.000	-107.000	214.000	1.788	1.055	2.257	
2	2.000	2.000	221.000	572.000	669.358	670.988	672.746	nan	nan	nan	nan	nan	nan	-321.000	107.000	-428.000	214.000	0.707	1.759	3.756	
2	2.000	2.000	222.000	572.000	679.594	682.363	684.082	nan	nan	8,8,8,8,8,8,	684.387,684.743,685.303,685.553,685.790,686.042,	8.000	687.084	-107.000	428.000	-321.000	321.000	1.846	1.720	2.051	
2	2.000	2.000	223.000	572.000	689.194	690.860	692.830	nan	nan	8,8,8,8,	693.675,694.018,694.302,694.574,	8.000	695.832	-428.000	214.000	-214.000	107.000	0.722	1.971	3.878	
2	2.000	2.000	224.000	572.000	699.784	702.124	702.951	nan	nan	8,8,8,8,8,8,	703.234,703.527,703.833,704.153,704.471,704.796,	8.000	705.953	-428.000	428.000	-214.000	214.000	1.412	0.828	3.145	
2	2.000	2.000	225.000	572.000	709.178	711.164	712.609	nan	nan	9,9,	714.075,714.442,	9.000	715.610	-107.000	107.000	-214.000	214.000	1.064	1.445	2.746	
2	2.000	2.000	226.000	572.000	718.432	721.123	722.153	nan	nan	9,9,9,9,9,	723.064,723.391,723.654,723.908,724.153,	9.000	725.165	-214.000	214.000	-428.000	428.000	1.764	1.031	2.244	
2	2.000	2.000	227.000	572.000	727.490	729.239	730.598	nan	nan	9,9,9,9,9,9,9,	730.723,730.935,731.185,731.700,731.947,732.179,732.426,	9.000	733.599	-107.000	214.000	-214.000	321.000	0.828	1.359	3.994	
2	2.000	2.000	228.000	572.000	737.674	739.307	740.173	nan	nan	8,8,8,8,8,8,	740.508,740.875,741.209,741.573,741.885,742.169,	8.000	743.175	-428.000	214.000	-321.000	428.000	0.712	0.867	2.277	
2	2.000	2.000	229.000	572.000	745.507	747.687	748.722	nan	nan	9,9,9,9,9,	749.470,749.821,750.102,750.362,750.607,	9.000	751.723	-214.000	107.000	-428.000	214.000	1.233	1.035	3.125	
2	2.000	2.000	230.000	572.000	754.913	757.282	758.775	nan	nan	8,8,8,8,8,8,8,	758.866,759.124,759.394,759.653,759.887,760.108,760.321,	8.000	761.777	-321.000	214.000	-107.000	428.000	1.431	1.494	3.942	
2	2.000	2.000	231.000	572.000	765.773	767.250	768.372	nan	nan	8,8,8,8,	768.607,768.842,769.094,769.360,	8.000	771.374	-428.000	-214.000	-107.000	-214.000	0.529	1.122	2.521	
2	2.000	2.000	232.000	572.000	773.981	775.658	776.451	nan	nan	9,9,	777.943,778.260,	9.000	779.453	-321.000	428.000	-428.000	214.000	0.760	0.794	3.395	
2	2.000	2.000	233.000	572.000	782.909	785.706	786.297	8.000	789.310	nan	nan	nan	nan	-428.000	428.000	-107.000	321.000	1.855	0.592	3.711	
2	2.000	2.000	234.000	572.000	793.098	795.015	796.344	nan	nan	8,8,8,	797.176,797.567,797.874,	8.000	799.346	-321.000	321.000	-107.000	107.000	0.992	1.330	2.849	
2	2.000	2.000	235.000	572.000	802.281	804.787	805.291	nan	nan	9,9,9,9,9,9,	805.912,806.261,806.529,806.790,807.028,807.250,	9.000	808.293	-321.000	428.000	-107.000	107.000	1.590	0.505	3.852	
2	2.000	2.000	236.000	572.000	812.200	814.535	816.269	nan	nan	9,9,9,	816.557,816.754,817.137,	9.000	819.271	-214.000	321.000	-428.000	107.000	1.387	1.735	2.926	
2	2.000	2.000	237.000	572.000	822.278	824.201	826.196	nan	nan	9,9,9,9,9,9,9,	826.681,826.899,827.108,827.320,827.540,827.784,828.011,	9.000	829.197	-428.000	107.000	-214.000	214.000	1.002	1.995	3.743	
2	2.000	2.000	238.000	572.000	832.993	834.853	835.922	nan	nan	8,8,8,8,8,	836.191,836.491,837.154,837.622,837.922,	8.000	838.934	-321.000	214.000	-214.000	428.000	0.910	1.069	2.180	
2	2.000	2.000	239.000	572.000	841.167	843.774	845.692	nan	nan	8,8,8,8,8,	846.328,846.674,846.972,847.283,847.564,	8.000	848.693	-428.000	214.000	-321.000	107.000	1.658	1.918	2.174	
2	2.000	2.000	240.000	572.000	850.919	853.720	854.243	nan	nan	8,8,8,8,	855.230,855.546,855.819,856.102,	8.000	857.245	-107.000	107.000	-321.000	321.000	1.850	0.524	2.251	
2	2.000	2.000	241.000	572.000	859.549	862.127	863.316	nan	nan	nan	nan	nan	nan	-107.000	321.000	-321.000	428.000	1.629	1.190	3.801	
2	2.000	2.000	242.000	572.000	870.193	872.524	874.219	nan	nan	8,8,8,8,8,	874.509,874.778,875.062,875.346,875.645,	8.000	877.221	-107.000	321.000	-214.000	107.000	1.392	1.696	2.534	
2	2.000	2.000	243.000	572.000	879.818	882.193	883.826	nan	nan	9,9,	884.003,884.274,	9.000	886.827	-107.000	321.000	-428.000	214.000	1.436	1.633	3.473	
2	2.000	2.000	244.000	572.000	890.368	892.618	894.106	nan	nan	8,8,8,	894.365,894.668,895.515,	8.000	897.107	-428.000	214.000	-214.000	428.000	1.315	1.489	2.122	
2	2.000	2.000	245.000	572.000	899.283	901.774	902.341	nan	nan	9,9,	903.673,904.059,	9.000	905.342	-321.000	428.000	-428.000	107.000	1.542	0.568	3.235	
2	2.000	2.000	246.000	572.000	908.631	910.682	911.799	nan	nan	9,9,9,9,9,	912.134,912.473,913.033,913.361,913.620,	9.000	914.800	-321.000	428.000	-107.000	321.000	1.103	1.117	2.405	
2	2.000	2.000	247.000	572.000	917.259	919.060	920.394	nan	nan	nan	nan	nan	nan	-214.000	321.000	-107.000	214.000	0.852	1.334	3.749	
2	2.000	2.000	248.000	572.000	927.238	929.660	930.179	9.000	933.194	nan	nan	nan	nan	-107.000	107.000	-214.000	321.000	1.503	0.519	3.158	
2	2.000	2.000	249.000	572.000	936.413	938.761	940.336	nan	nan	8,8,8,8,	940.612,940.844,941.160,941.508,	8.000	943.337	-428.000	321.000	-214.000	428.000	1.407	1.576	2.045	
2	2.000	2.000	250.000	572.000	945.437	947.854	949.434	nan	nan	8,8,8,8,	950.126,950.486,950.811,951.140,	8.000	952.435	-428.000	321.000	-321.000	214.000	1.469	1.580	3.080	
2	2.000	2.000	251.000	572.000	955.570	957.418	957.990	nan	nan	8,8,8,8,	958.919,959.303,959.615,959.911,	8.000	960.992	-428.000	428.000	-321.000	321.000	0.900	0.572	2.585	
2	2.000	2.000	252.000	572.000	963.632	965.731	967.084	nan	nan	8,8,8,8,8,8,	967.258,967.539,967.830,968.160,968.483,968.804,	8.000	970.085	-428.000	107.000	-214.000	321.000	1.151	1.354	3.955	
2	2.000	2.000	253.000	572.000	974.095	976.324	977.711	nan	nan	8,8,8,8,8,8,	978.057,978.348,978.628,978.901,979.147,979.407,	8.000	980.713	-321.000	107.000	-214.000	214.000	1.281	1.387	3.717	
2	2.000	2.000	254.000	572.000	984.510	986.511	987.604	nan	nan	nan	nan	nan	nan	-214.000	321.000	-107.000	107.000	1.079	1.093	3.376	
2	2.000	2.000	255.000	572.000	994.061	995.895	996.848	nan	nan	8,8,8,8,8,	997.052,997.347,997.619,997.895,998.214,	8.000	999.849	-107.000	214.000	-321.000	428.000	0.895	0.953	2.206	
2	2.000	2.000	256.000	572.000	1002.111	1004.069	1006.030	nan	nan	9,9,9,	1007.477,1007.771,1008.030,	9.000	1009.045	107.000	-321.000	321.000	-321.000	1.011	1.961	3.363	
2	2.000	2.000	257.000	572.000	1012.498	1015.348	1016.456	nan	nan	8,8,8,	1017.684,1018.080,1018.420,	8.000	1019.457	-321.000	107.000	-107.000	321.000	1.937	1.108	3.370	
2	2.000	2.000	258.000	572.000	1022.913	1025.825	1026.498	nan	nan	9,9,9,9,9,9,9,	1026.853,1027.153,1027.442,1027.707,1027.944,1028.203,1028.437,	9.000	1029.499	-321.000	428.000	-107.000	214.000	1.995	0.674	2.071	
2	2.000	2.000	259.000	572.000	1031.663	1034.515	1036.119	nan	nan	8,8,8,	1036.302,1036.628,1037.053,	8.000	1039.121	-321.000	107.000	-107.000	214.000	1.942	1.605	2.617	
2	2.000	2.000	260.000	572.000	1041.830	1043.308	1045.307	nan	nan	9,9,9,	1046.568,1046.921,1047.225,	9.000	1048.308	-107.000	107.000	-321.000	214.000	0.568	2.000	3.762	
2	2.000	2.000	261.000	572.000	1052.133	1053.858	1054.560	nan	nan	9,9,9,9,9,9,9,	1054.905,1055.224,1055.485,1055.725,1056.004,1056.253,1056.516,	9.000	1057.561	-321.000	321.000	-428.000	107.000	0.785	0.703	3.820	
2	2.000	2.000	262.000	572.000	1061.466	1063.993	1064.680	nan	nan	9,9,9,9,9,	1065.124,1065.529,1065.839,1066.151,1066.453,	9.000	1067.682	-214.000	321.000	-428.000	214.000	1.609	0.688	2.096	
2	2.000	2.000	263.000	572.000	1069.839	1071.856	1073.334	nan	nan	nan	nan	nan	nan	-214.000	428.000	-107.000	321.000	1.074	1.479	2.887	
2	2.000	2.000	264.000	572.000	1079.320	1081.725	1083.049	nan	nan	8,8,8,8,8,8,8,	1083.300,1083.549,1083.807,1084.045,1084.260,1084.721,1084.958,	8.000	1086.050	-428.000	107.000	-107.000	321.000	1.489	1.325	3.389	
2	2.000	2.000	265.000	572.000	1089.523	1091.472	1092.310	nan	nan	nan	nan	nan	nan	-428.000	321.000	-107.000	107.000	1.031	0.838	3.068	
2	2.000	2.000	266.000	572.000	1098.471	1100.094	1100.849	nan	nan	9,9,9,9,	1101.532,1101.953,1102.538,1102.813,	9.000	1103.850	-107.000	428.000	-428.000	321.000	0.703	0.756	2.682	
2	2.000	2.000	267.000	572.000	1106.615	1108.951	1110.323	nan	nan	9,	1110.662,	9.000	1113.325	-214.000	107.000	-107.000	214.000	1.416	1.373	3.106	
2	2.000	2.000	268.000	572.000	1116.497	1118.560	1120.367	nan	nan	9,9,9,9,9,9,	1120.806,1121.159,1121.437,1121.689,1121.924,1122.156,	9.000	1123.368	-214.000	321.000	-321.000	214.000	1.127	1.807	2.482	
2	2.000	2.000	269.000	572.000	1125.933	1128.506	1129.960	9.000	1132.973	nan	nan	nan	nan	-107.000	107.000	-214.000	428.000	1.653	1.455	3.428	
2	2.000	2.000	270.000	572.000	1136.505	1138.583	1140.139	nan	nan	8,8,8,	1141.176,1141.516,1142.101,	8.000	1143.140	-428.000	107.000	-214.000	428.000	1.180	1.556	3.614	
2	2.000	2.000	271.000	572.000	1146.820	1148.513	1149.316	nan	nan	9,9,9,9,9,9,	1149.799,1150.131,1150.411,1150.684,1150.950,1151.200,	9.000	1152.318	-321.000	321.000	-428.000	214.000	0.756	0.804	2.084	
2	2.000	2.000	272.000	572.000	1154.553	1156.150	1157.570	nan	nan	9,	1159.428,	9.000	1160.572	-321.000	107.000	-214.000	428.000	0.746	1.421	2.643	
2	2.000	2.000	273.000	572.000	1163.304	1164.770	1165.323	8.000	1168.335	nan	nan	nan	nan	-321.000	321.000	-214.000	107.000	0.553	0.553	3.929	
2	2.000	2.000	274.000	572.000	1172.349	1174.316	1175.694	nan	nan	8,8,8,8,8,8,	1175.962,1176.269,1176.586,1176.916,1177.234,1177.553,	8.000	1178.695	-428.000	214.000	-107.000	107.000	1.050	1.378	2.219	
2	2.000	2.000	275.000	572.000	1181.008	1183.791	1184.589	nan	nan	8,8,8,	1184.955,1185.740,1186.137,	8.000	1187.591	-428.000	107.000	-321.000	428.000	1.875	0.799	3.035	
2	2.000	2.000	276.000	572.000	1190.709	1193.137	1194.143	nan	nan	8,8,8,8,8,8,	1194.286,1194.633,1194.994,1195.320,1195.637,1195.925,	8.000	1197.144	-321.000	107.000	-214.000	321.000	1.508	1.006	2.862	
2	2.000	2.000	277.000	572.000	1200.069	1202.989	1204.144	nan	nan	nan	nan	nan	nan	-214.000	321.000	-107.000	428.000	1.981	1.156	3.595	
2	2.000	2.000	278.000	572.000	1210.833	1213.624	1215.470	nan	nan	8,8,8,8,8,8,8,	1215.699,1215.955,1216.202,1216.444,1216.690,1216.949,1217.219,	8.000	1218.471	-214.000	321.000	-321.000	428.000	1.870	1.846	3.569	
2	2.000	2.000	279.000	572.000	1222.101	1224.372	1225.644	nan	nan	8,8,8,8,	1226.087,1226.468,1226.793,1227.443,	8.000	1228.645	-107.000	214.000	-214.000	107.000	1.330	1.272	3.524	
2	2.000	2.000	280.000	572.000	1232.240	1233.995	1235.618	nan	nan	8,8,8,8,8,	1236.180,1236.545,1236.880,1237.202,1237.507,	8.000	1238.620	-428.000	107.000	-321.000	214.000	0.823	1.624	2.624	
2	2.000	2.000	281.000	572.000	1241.326	1243.619	1244.881	nan	nan	9,9,	1246.316,1246.653,	9.000	1247.882	107.000	214.000	321.000	214.000	1.373	1.262	2.212	
2	2.000	2.000	282.000	572.000	1250.219	1251.602	1253.510	nan	nan	8,8,8,8,8,	1254.131,1254.492,1254.787,1255.062,1255.450,	8.000	1256.511	-428.000	107.000	-321.000	321.000	0.505	1.908	2.785	
2	2.000	2.000	283.000	572.000	1259.394	1261.512	1262.451	nan	nan	9,9,9,	1263.140,1263.650,1264.072,	9.000	1265.452	-214.000	321.000	-428.000	428.000	1.214	0.939	3.267	
2	2.000	2.000	284.000	572.000	1268.821	1271.205	1272.337	nan	nan	8,8,8,8,8,8,8,	1272.428,1272.736,1273.006,1273.295,1273.604,1273.889,1274.175,	8.000	1275.338	-428.000	214.000	-107.000	428.000	1.484	1.132	3.588	
2	2.000	2.000	285.000	572.000	1279.016	1281.442	1282.409	nan	nan	8,8,	1283.507,1284.233,	8.000	1285.411	-321.000	428.000	-214.000	321.000	1.513	0.968	3.016	
2	2.000	2.000	286.000	572.000	1288.510	1290.575	1292.213	nan	nan	9,9,9,9,9,9,	1292.581,1292.904,1293.217,1293.490,1293.731,1294.029,	9.000	1295.215	-107.000	321.000	-321.000	214.000	1.146	1.638	2.463	
2	2.000	2.000	287.000	572.000	1297.744	1300.101	1301.286	nan	nan	nan	nan	nan	nan	-428.000	107.000	-107.000	428.000	1.421	1.185	3.974	
2	2.000	2.000	288.000	572.000	1308.370	1310.313	1311.710	nan	nan	8,8,8,8,8,8,	1311.800,1312.192,1312.557,1312.895,1313.227,1313.513,	8.000	1314.711	-428.000	321.000	-214.000	214.000	1.035	1.397	3.453	
2	2.000	2.000	289.000	572.000	1318.251	1321.085	1322.366	nan	nan	nan	nan	nan	nan	-214.000	214.000	-428.000	321.000	1.918	1.281	2.289	
2	2.000	2.000	290.000	572.000	1327.761	1330.210	1331.115	nan	nan	8,8,8,8,8,8,8,	1331.365,1331.579,1331.890,1332.176,1332.450,1332.694,1332.941,	8.000	1334.116	-428.000	321.000	-107.000	428.000	1.537	0.905	2.476	
2	2.000	2.000	291.000	572.000	1336.682	1338.997	1340.615	nan	nan	8,8,8,	1341.904,1342.199,1342.462,	8.000	1343.617	-107.000	107.000	-321.000	428.000	1.402	1.619	3.698	
2	2.000	2.000	292.000	572.000	1347.388	1349.324	1350.990	nan	nan	8,8,8,8,8,	1351.337,1351.546,1351.830,1352.421,1352.886,	8.000	1353.992	-321.000	321.000	-107.000	428.000	1.006	1.667	2.881	
2	2.000	2.000	293.000	572.000	1356.940	1359.422	1360.688	nan	nan	9,9,9,9,	1360.986,1361.249,1361.547,1362.086,	9.000	1363.690	-107.000	107.000	-428.000	428.000	1.547	1.267	3.511	
2	2.000	2.000	294.000	572.000	1367.267	1368.998	1370.313	nan	nan	nan	nan	nan	nan	-214.000	107.000	-321.000	428.000	0.794	1.315	2.225	
2	2.000	2.000	295.000	572.000	1375.613	1377.096	1378.237	nan	nan	9,9,9,9,	1379.223,1379.590,1379.888,1380.148,	9.000	1381.239	-214.000	214.000	-321.000	107.000	0.543	1.141	2.958	
2	2.000	2.000	296.000	572.000	1384.288	1386.308	1387.709	nan	nan	8,8,8,8,8,	1388.105,1388.435,1388.722,1389.012,1389.327,	8.000	1390.711	-321.000	107.000	-428.000	321.000	1.108	1.402	3.653	
2	2.000	2.000	297.000	572.000	1394.459	1396.937	1398.917	nan	nan	8,8,8,8,8,8,8,	1399.176,1399.371,1399.651,1399.932,1400.203,1400.452,1400.708,	8.000	1401.918	-107.000	214.000	-214.000	428.000	1.571	1.981	3.678	
2	2.000	2.000	298.000	572.000	1405.665	1407.297	1408.047	nan	nan	9,9,9,9,	1408.847,1409.231,1409.535,1409.844,	9.000	1411.049	-321.000	107.000	-428.000	428.000	0.698	0.751	3.023	
2	2.000	2.000	299.000	572.000	1414.145	1415.940	1417.086	nan	nan	8,8,8,8,	1417.573,1418.055,1418.434,1419.008,	8.000	1420.088	-107.000	321.000	-214.000	214.000	0.867	1.146	3.788	
2	2.000	2.000	300.000	572.000	1423.963	1426.357	1427.175	nan	nan	nan	nan	nan	nan	-321.000	321.000	-214.000	214.000	1.479	0.818	2.103	
2	2.000	2.000	301.000	572.000	1432.384	1434.020	1435.923	nan	nan	8,8,8,8,8,	1436.169,1436.423,1436.732,1437.036,1437.350,	8.000	1438.925	-214.000	214.000	-107.000	107.000	0.727	1.904	2.495	
2	2.000	2.000	302.000	572.000	1441.507	1443.762	1445.660	nan	nan	8,8,8,	1445.926,1446.242,1446.551,	8.000	1448.662	-321.000	107.000	-107.000	428.000	1.339	1.899	2.759	
2	2.000	2.000	303.000	572.000	1451.494	1454.413	1456.239	nan	nan	8,8,8,8,8,	1456.647,1457.014,1457.651,1457.960,1458.237,	8.000	1459.246	-428.000	321.000	-107.000	214.000	1.990	1.826	2.367	
2	2.000	2.000	304.000	572.000	1461.680	1464.074	1465.886	nan	nan	9,9,9,9,9,9,	1466.274,1466.576,1466.870,1467.159,1467.442,1467.737,	9.000	1468.887	-107.000	107.000	-428.000	321.000	1.460	1.812	3.537	
2	2.000	2.000	305.000	572.000	1472.497	1475.185	1476.862	nan	nan	8,8,8,8,8,	1477.286,1477.644,1477.992,1478.335,1478.636,	8.000	1479.863	-321.000	428.000	-214.000	214.000	1.759	1.677	2.977	
2	2.000	2.000	306.000	572.000	1482.914	1485.578	1486.357	nan	nan	nan	nan	nan	nan	-428.000	428.000	-214.000	428.000	1.735	0.780	3.556	
2	2.000	2.000	307.000	572.000	1493.028	1495.050	1496.871	nan	nan	9,9,9,9,9,9,	1497.203,1497.506,1497.781,1498.038,1498.301,1498.575,	9.000	1499.873	-214.000	428.000	-107.000	107.000	1.122	1.822	3.775	
2	2.000	2.000	308.000	572.000	1503.749	1505.382	1506.629	nan	nan	8,8,8,8,	1507.502,1507.848,1508.178,1508.514,	8.000	1509.630	-428.000	214.000	-321.000	321.000	0.732	1.248	3.659	
2	2.000	2.000	309.000	572.000	1513.361	1514.850	1515.870	nan	nan	nan	nan	nan	nan	-214.000	107.000	-321.000	321.000	0.558	1.021	2.605	
2	2.000	2.000	310.000	572.000	1521.559	1524.055	1525.471	nan	nan	8,8,8,8,8,	1525.954,1526.348,1526.658,1526.948,1527.243,	8.000	1528.473	-428.000	321.000	-321.000	107.000	1.566	1.416	2.328	
2	2.000	2.000	311.000	572.000	1530.867	1533.066	1534.076	nan	nan	8,	1535.609,	8.000	1537.078	-107.000	321.000	-428.000	107.000	1.262	1.011	2.315	
2	2.000	2.000	312.000	572.000	1539.486	1542.203	1542.823	nan	nan	8,8,8,8,	1543.581,1543.924,1544.208,1544.775,	8.000	1545.824	-321.000	214.000	-214.000	107.000	1.807	0.621	2.527	
