subjID	session	Block	trialCount	earnings	Gam1Onset	Gam2Onset	FBOnset	KPlate	RTlate	KPs	RT	KP_Final	SLOnset	Gam1_1	Gam1_2	Gam2_1	Gam2_2	jit1	jit2	jit3	
3	2.000	1.000	1.000	786.000	106.214	108.753	110.299	nan	nan	8,	110.384,	8.000	113.302	321.000	-321.000	428.000	-321.000	1.547	1.547	3.897	
3	2.000	1.000	2.000	786.000	117.220	119.527	120.451	nan	nan	9,	121.228,	9.000	123.454	-214.000	214.000	-321.000	321.000	1.325	0.924	3.633	
3	2.000	1.000	3.000	786.000	127.129	128.759	129.775	nan	nan	8,	130.193,	8.000	132.776	-428.000	321.000	-321.000	107.000	0.669	1.016	2.997	
3	2.000	1.000	4.000	786.000	135.805	138.688	140.104	nan	nan	9,	140.300,	9.000	143.108	-107.000	214.000	-428.000	107.000	1.913	1.416	3.859	
3	2.000	1.000	5.000	786.000	147.007	149.106	149.798	nan	nan	9,	150.747,	9.000	152.800	-107.000	428.000	-321.000	107.000	1.137	0.693	2.727	
3	2.000	1.000	6.000	786.000	155.551	158.104	159.506	nan	nan	9,	160.085,	9.000	162.507	-214.000	214.000	-428.000	107.000	1.576	1.402	2.958	
3	2.000	1.000	7.000	786.000	165.502	168.241	169.671	nan	nan	8,	170.084,	8.000	172.676	-321.000	321.000	-214.000	428.000	1.773	1.431	2.797	
3	2.000	1.000	8.000	786.000	175.483	177.052	178.198	nan	nan	9,	178.544,	9.000	181.202	-107.000	428.000	-214.000	321.000	0.577	1.146	3.524	
3	2.000	1.000	9.000	786.000	184.749	186.620	188.320	nan	nan	9,	188.843,	9.000	191.321	-214.000	428.000	-321.000	107.000	0.891	1.701	2.431	
3	2.000	1.000	10.000	786.000	193.774	195.722	197.008	nan	nan	8,	197.311,	8.000	200.010	-214.000	107.000	-321.000	321.000	0.968	1.286	2.849	
3	2.000	1.000	11.000	786.000	202.888	205.190	206.640	nan	nan	9,9,	206.705,208.244,	9.000	209.642	-107.000	321.000	-428.000	428.000	1.330	1.450	3.775	
3	2.000	1.000	12.000	786.000	213.440	215.044	216.803	nan	nan	9,	217.236,	9.000	219.804	-214.000	428.000	-107.000	107.000	0.625	1.759	3.531	
3	2.000	1.000	13.000	786.000	223.363	225.816	226.860	nan	nan	9,	227.353,	9.000	229.862	-214.000	428.000	-321.000	214.000	1.479	1.045	3.299	
3	2.000	1.000	14.000	786.000	233.173	235.363	236.711	nan	nan	8,8,	236.931,237.867,	8.000	239.713	321.000	107.000	428.000	107.000	1.199	1.349	2.296	
3	2.000	1.000	15.000	786.000	242.057	244.755	245.838	nan	nan	8,	246.289,	8.000	248.841	-214.000	214.000	-107.000	321.000	1.744	1.084	3.582	
3	2.000	1.000	16.000	786.000	252.449	254.658	255.298	nan	nan	8,	256.122,	8.000	258.299	-321.000	214.000	-107.000	107.000	1.233	0.640	2.457	
3	2.000	1.000	17.000	786.000	260.768	262.373	263.326	nan	nan	8,	263.988,	8.000	266.328	-428.000	428.000	-107.000	214.000	0.616	0.953	3.678	
3	2.000	1.000	18.000	786.000	270.033	272.734	274.125	nan	nan	8,	274.609,	8.000	277.127	-428.000	428.000	-107.000	107.000	1.725	1.392	2.264	
3	2.000	1.000	19.000	786.000	279.406	281.534	282.468	nan	nan	8,8,	282.853,284.171,	8.000	285.469	-428.000	321.000	-321.000	428.000	1.141	0.934	2.193	
3	2.000	1.000	20.000	786.000	287.677	290.360	291.381	nan	nan	9,	292.584,	9.000	294.383	-107.000	214.000	-321.000	321.000	1.696	1.021	3.383	
3	2.000	1.000	21.000	786.000	297.781	299.841	301.821	nan	nan	8,	302.243,	8.000	304.823	-321.000	321.000	-107.000	214.000	1.074	1.981	3.267	
3	2.000	1.000	22.000	786.000	308.122	310.055	310.907	nan	nan	9,	312.671,	9.000	313.908	-214.000	214.000	-321.000	428.000	0.963	0.852	3.370	
3	2.000	1.000	23.000	786.000	317.293	319.677	321.156	nan	nan	8,	321.832,	8.000	324.158	-428.000	214.000	-321.000	321.000	1.397	1.479	3.003	
3	2.000	1.000	24.000	786.000	327.182	329.450	330.171	nan	nan	9,	330.575,	9.000	333.175	-214.000	428.000	-428.000	107.000	1.286	0.722	2.084	
3	2.000	1.000	25.000	786.000	335.279	337.620	339.180	nan	nan	8,	339.557,	8.000	342.184	-428.000	214.000	-214.000	321.000	1.359	1.561	3.222	
3	2.000	1.000	26.000	786.000	345.429	348.167	348.980	nan	nan	9,	349.679,	9.000	351.982	-107.000	214.000	-428.000	321.000	1.759	0.814	3.151	
3	2.000	1.000	27.000	786.000	355.171	358.034	359.590	nan	nan	8,	359.841,	8.000	362.594	-214.000	321.000	-107.000	321.000	1.899	1.556	3.955	
3	2.000	1.000	28.000	786.000	366.571	368.920	369.747	nan	nan	9,	370.147,	9.000	372.752	-107.000	428.000	-214.000	214.000	1.368	0.828	3.402	
3	2.000	1.000	29.000	786.000	376.178	377.806	378.305	nan	nan	9,	378.923,	9.000	381.307	-107.000	428.000	-428.000	107.000	0.650	0.500	2.502	
3	2.000	1.000	30.000	786.000	383.831	385.707	386.988	nan	nan	8,	388.173,	8.000	389.989	-321.000	428.000	-214.000	107.000	0.895	1.281	3.563	
3	2.000	1.000	31.000	786.000	393.576	395.281	396.104	nan	nan	8,	397.689,	8.000	399.105	-428.000	428.000	-214.000	107.000	0.727	0.823	3.601	
3	2.000	1.000	32.000	786.000	402.728	404.537	406.122	nan	nan	9,	407.199,	9.000	409.123	-214.000	428.000	-107.000	214.000	0.828	1.585	2.444	
3	2.000	1.000	33.000	786.000	411.600	413.865	415.334	nan	nan	9,	415.649,	9.000	418.339	-107.000	321.000	-428.000	107.000	1.296	1.469	2.392	
3	2.000	1.000	34.000	786.000	420.753	422.291	422.882	nan	nan	9,	423.863,	9.000	425.884	-107.000	428.000	-214.000	107.000	0.558	0.592	2.051	
3	2.000	1.000	35.000	786.000	427.960	429.751	430.921	nan	nan	9,	431.331,	9.000	433.923	-321.000	321.000	-428.000	428.000	0.814	1.170	3.453	
3	2.000	1.000	36.000	786.000	437.396	440.287	441.018	nan	nan	9,	442.994,	9.000	444.019	-214.000	107.000	-321.000	214.000	1.908	0.732	3.884	
3	2.000	1.000	37.000	786.000	447.931	449.864	451.222	nan	nan	9,	451.525,	9.000	454.227	-321.000	214.000	-428.000	107.000	0.958	1.359	2.354	
3	2.000	1.000	38.000	786.000	456.597	458.165	460.063	nan	nan	8,	460.435,	8.000	463.067	-321.000	214.000	-214.000	107.000	0.582	1.899	3.074	
3	2.000	1.000	39.000	786.000	466.163	468.405	469.069	nan	nan	9,	470.207,	9.000	472.071	-428.000	428.000	-321.000	107.000	1.262	0.664	2.984	
3	2.000	1.000	40.000	786.000	475.077	476.586	478.228	nan	nan	9,	479.340,	9.000	481.230	-214.000	-428.000	-107.000	-428.000	0.529	1.643	3.916	
3	2.000	1.000	41.000	786.000	485.166	487.208	488.730	nan	nan	8,	488.934,	8.000	491.735	-321.000	214.000	-214.000	321.000	1.059	1.523	2.489	
3	2.000	1.000	42.000	786.000	494.249	496.074	497.456	nan	nan	8,	497.770,	8.000	500.458	-321.000	214.000	-107.000	428.000	0.847	1.383	2.579	
3	2.000	1.000	43.000	786.000	503.054	504.727	505.535	nan	nan	8,	506.363,	8.000	508.537	-321.000	214.000	-428.000	428.000	0.688	0.809	3.659	
3	2.000	1.000	44.000	786.000	512.220	514.793	516.055	nan	nan	9,	516.492,	9.000	519.057	-107.000	214.000	-321.000	107.000	1.595	1.262	3.749	
3	2.000	1.000	45.000	786.000	522.832	525.780	526.617	nan	nan	9,	526.800,	9.000	529.621	-214.000	321.000	-321.000	107.000	1.971	0.838	2.514	
3	2.000	1.000	46.000	786.000	532.171	535.118	536.457	nan	nan	8,	536.687,	8.000	539.461	-428.000	428.000	-214.000	321.000	1.981	1.339	3.801	
3	2.000	1.000	47.000	786.000	543.288	546.018	546.744	nan	nan	8,	548.319,	8.000	549.746	-321.000	214.000	-428.000	321.000	1.754	0.727	2.148	
3	2.000	1.000	48.000	786.000	551.917	554.090	555.926	nan	nan	9,	556.355,	9.000	558.931	-107.000	428.000	-428.000	214.000	1.195	1.836	2.688	
3	2.000	1.000	49.000	786.000	561.640	563.372	565.043	nan	nan	9,	565.216,	9.000	568.047	-107.000	107.000	-428.000	214.000	0.751	1.672	2.482	
3	2.000	1.000	50.000	786.000	570.560	573.489	574.726	nan	nan	8,	575.087,	8.000	577.728	-428.000	214.000	-107.000	321.000	1.957	1.238	2.270	
3	2.000	1.000	51.000	786.000	580.024	582.161	583.046	nan	nan	8,	584.090,	8.000	586.048	-428.000	428.000	-214.000	214.000	1.161	0.886	3.235	
3	2.000	1.000	52.000	786.000	589.303	590.997	592.225	nan	nan	8,	592.645,	8.000	595.226	-428.000	214.000	-321.000	428.000	0.712	1.228	2.424	
3	2.000	1.000	53.000	786.000	597.673	600.205	600.714	nan	nan	8,	601.736,	8.000	603.716	214.000	-107.000	428.000	-107.000	1.551	0.510	3.550	
3	2.000	1.000	54.000	786.000	607.308	609.983	611.886	nan	nan	8,	612.487,	8.000	614.888	-214.000	214.000	-107.000	428.000	1.715	1.904	2.733	
3	2.000	1.000	55.000	786.000	617.645	619.475	620.457	nan	nan	8,	621.489,	8.000	623.459	-428.000	214.000	-214.000	107.000	0.852	0.982	2.907	
3	2.000	1.000	56.000	786.000	626.391	628.586	630.461	nan	nan	8,	631.205,	8.000	633.462	-214.000	107.000	-107.000	321.000	1.219	1.875	2.212	
3	2.000	1.000	57.000	786.000	635.692	638.194	639.345	nan	nan	9,8,	639.882,640.827,	8.000	642.346	-214.000	107.000	-428.000	428.000	1.518	1.151	2.592	
3	2.000	1.000	58.000	786.000	644.963	646.913	648.579	nan	nan	8,	648.845,	8.000	651.583	-428.000	321.000	-214.000	107.000	0.973	1.667	2.077	
3	2.000	1.000	59.000	786.000	653.713	656.243	657.061	nan	nan	9,	657.328,	9.000	660.065	-321.000	428.000	-428.000	321.000	1.580	0.818	3.704	
3	2.000	1.000	60.000	786.000	663.818	665.980	666.938	nan	nan	8,	667.642,	8.000	669.939	-321.000	214.000	-107.000	321.000	1.209	0.958	2.283	
3	2.000	1.000	61.000	786.000	672.252	674.318	675.358	nan	nan	9,	676.076,	9.000	678.359	-214.000	107.000	-428.000	214.000	1.093	1.040	2.360	
3	2.000	1.000	62.000	786.000	680.746	682.231	682.789	nan	nan	8,	683.347,	8.000	685.791	-428.000	107.000	-107.000	214.000	0.510	0.558	2.913	
3	2.000	1.000	63.000	786.000	688.728	690.486	691.038	nan	nan	9,	692.556,	9.000	694.040	-107.000	107.000	-214.000	214.000	0.780	0.553	2.019	
3	2.000	1.000	64.000	786.000	696.087	698.796	699.411	nan	nan	9,	701.189,	9.000	702.413	-214.000	214.000	-428.000	428.000	1.735	0.616	2.379	
3	2.000	1.000	65.000	786.000	704.816	707.780	709.379	nan	nan	9,	709.606,	9.000	712.383	-214.000	428.000	-428.000	214.000	1.986	1.600	2.238	
3	2.000	1.000	66.000	786.000	714.644	716.195	717.447	nan	nan	8,	717.907,	8.000	720.452	214.000	321.000	428.000	321.000	0.572	1.252	3.228	
3	2.000	1.000	67.000	786.000	723.782	725.621	726.280	nan	nan	9,	727.833,	9.000	729.281	-107.000	321.000	-214.000	428.000	0.939	0.659	3.241	
3	2.000	1.000	68.000	786.000	732.550	734.729	735.407	nan	nan	9,	736.801,	9.000	738.408	-214.000	428.000	-321.000	321.000	1.204	0.678	3.408	
3	2.000	1.000	69.000	786.000	741.890	743.680	745.164	nan	nan	9,	745.804,	9.000	748.165	-107.000	214.000	-428.000	428.000	0.862	1.484	3.466	
3	2.000	1.000	70.000	786.000	751.682	753.635	754.955	nan	nan	9,	755.474,	9.000	757.957	-321.000	107.000	-428.000	214.000	1.002	1.320	2.405	
3	2.000	1.000	71.000	786.000	760.384	763.214	764.278	nan	nan	9,	764.682,	9.000	767.280	-107.000	428.000	-321.000	214.000	1.850	1.064	2.791	
3	2.000	1.000	72.000	786.000	770.101	772.600	773.635	nan	nan	9,	774.577,	9.000	776.637	-214.000	107.000	-428.000	321.000	1.527	1.035	3.569	
3	2.000	1.000	73.000	786.000	780.239	782.379	783.346	nan	nan	9,	784.740,	9.000	786.348	-107.000	321.000	-321.000	107.000	1.170	0.968	2.650	
3	2.000	1.000	74.000	786.000	789.041	791.609	793.020	nan	nan	9,	793.390,	9.000	796.022	-107.000	428.000	-321.000	321.000	1.609	1.412	3.595	
3	2.000	1.000	75.000	786.000	799.644	802.204	803.895	nan	nan	8,	805.426,	8.000	806.897	-107.000	214.000	-214.000	321.000	1.585	1.691	3.646	
3	2.000	1.000	76.000	786.000	810.569	812.542	813.915	nan	nan	9,	814.357,	9.000	816.917	-214.000	428.000	-428.000	321.000	0.997	1.373	2.122	
3	2.000	1.000	77.000	786.000	819.065	821.308	822.333	nan	nan	8,	822.738,	8.000	825.337	-214.000	107.000	-107.000	428.000	1.267	1.026	2.315	
3	2.000	1.000	78.000	786.000	827.682	829.945	830.647	nan	nan	8,	831.918,	8.000	833.649	-428.000	428.000	-321.000	214.000	1.291	0.703	3.100	
3	2.000	1.000	79.000	786.000	836.776	838.574	839.865	nan	nan	8,	839.914,	8.000	842.869	-321.000	321.000	-107.000	321.000	0.823	1.291	3.537	
3	2.000	1.000	80.000	786.000	846.439	849.148	850.955	nan	nan	9,	851.283,	9.000	853.958	-107.000	107.000	-321.000	214.000	1.740	1.807	3.023	
3	2.000	1.000	81.000	786.000	857.009	858.661	859.826	nan	nan	9,	861.177,	9.000	862.828	-321.000	428.000	-428.000	107.000	0.678	1.166	2.810	
3	2.000	1.000	82.000	786.000	865.668	868.240	870.085	nan	nan	9,	871.703,	9.000	873.087	-107.000	321.000	-214.000	107.000	1.600	1.846	3.125	
3	2.000	1.000	83.000	786.000	876.244	878.269	880.211	nan	nan	9,	880.457,	9.000	883.215	-321.000	428.000	-428.000	214.000	1.055	1.942	3.743	
3	2.000	1.000	84.000	786.000	886.993	889.367	890.662	nan	nan	8,	891.194,	8.000	893.664	-428.000	321.000	-321.000	214.000	1.407	1.296	2.386	
3	2.000	1.000	85.000	786.000	896.076	897.643	899.411	nan	nan	8,	900.676,	8.000	902.413	-428.000	214.000	-321.000	107.000	0.592	1.768	2.965	
3	2.000	1.000	86.000	786.000	905.417	908.341	909.477	nan	nan	8,	909.915,	8.000	912.482	-214.000	321.000	-107.000	107.000	1.961	1.137	2.006	
3	2.000	1.000	87.000	786.000	914.512	916.285	917.923	nan	nan	8,	918.231,	8.000	920.927	-428.000	107.000	-214.000	321.000	0.794	1.638	2.617	
3	2.000	1.000	88.000	786.000	923.572	925.968	926.829	nan	nan	nan	nan	nan	nan	-107.000	321.000	-428.000	214.000	1.421	0.862	3.788	
3	2.000	1.000	89.000	786.000	933.661	936.290	938.107	nan	nan	8,	938.414,	8.000	941.109	-321.000	214.000	-214.000	428.000	1.658	1.817	3.949	
3	2.000	1.000	90.000	786.000	945.088	946.821	948.372	nan	nan	8,8,	948.514,948.903,	8.000	951.374	-428.000	107.000	-107.000	321.000	0.760	1.551	2.572	
3	2.000	1.000	91.000	786.000	953.980	955.501	957.207	nan	nan	8,	957.361,	8.000	960.211	-214.000	321.000	-107.000	214.000	0.553	1.706	3.910	
3	2.000	1.000	92.000	786.000	964.160	965.821	967.676	nan	nan	8,	968.451,	8.000	970.678	-321.000	-214.000	-107.000	-214.000	0.698	1.855	2.553	
3	2.000	1.000	93.000	786.000	973.270	975.220	976.786	nan	nan	8,8,	977.347,977.844,	8.000	979.787	-428.000	321.000	-107.000	107.000	0.987	1.566	2.682	
3	2.000	1.000	94.000	786.000	982.500	984.994	986.414	nan	nan	9,9,	986.893,987.436,	9.000	989.416	-107.000	321.000	-321.000	428.000	1.523	1.421	2.656	
3	2.000	1.000	95.000	786.000	992.106	994.977	996.779	nan	nan	8,8,8,	997.103,997.493,997.991,	8.000	999.781	-321.000	107.000	-107.000	321.000	1.904	1.802	2.135	
3	2.000	1.000	96.000	786.000	1001.946	1004.354	1004.901	nan	nan	8,8,	1005.866,1006.606,	8.000	1007.903	-214.000	428.000	-107.000	321.000	1.436	0.548	2.740	
3	2.000	1.000	97.000	786.000	1010.670	1013.597	1014.993	nan	nan	8,8,	1015.335,1016.641,	8.000	1017.995	-428.000	214.000	-214.000	428.000	1.952	1.397	2.174	
3	2.000	1.000	98.000	786.000	1020.201	1022.853	1024.529	nan	nan	9,9,	1024.707,1025.032,	9.000	1027.530	-214.000	321.000	-428.000	214.000	1.682	1.677	2.624	
3	2.000	1.000	99.000	786.000	1030.177	1033.152	1034.900	nan	nan	8,8,	1035.247,1035.702,	8.000	1037.902	-428.000	428.000	-321.000	321.000	1.995	1.749	2.759	
3	2.000	1.000	100.000	786.000	1040.698	1042.746	1043.723	nan	nan	8,	1044.170,	8.000	1046.725	-321.000	428.000	-107.000	321.000	1.084	0.977	4.000	
3	2.000	1.000	101.000	786.000	1050.755	1053.602	1054.873	nan	nan	8,	1056.159,	8.000	1057.875	-428.000	107.000	-214.000	214.000	1.875	1.272	3.814	
3	2.000	1.000	102.000	786.000	1061.740	1064.570	1065.147	nan	nan	8,	1065.951,	8.000	1068.148	-428.000	321.000	-214.000	428.000	1.879	0.577	2.199	
3	2.000	1.000	103.000	786.000	1070.371	1072.332	1073.444	nan	nan	8,	1074.274,	8.000	1076.446	-321.000	428.000	-107.000	214.000	0.982	1.113	2.302	
3	2.000	1.000	104.000	786.000	1078.781	1080.989	1081.884	nan	nan	9,	1082.546,	9.000	1084.885	-214.000	321.000	-428.000	107.000	1.238	0.895	3.016	
3	2.000	1.000	105.000	786.000	1087.947	1090.605	1091.408	nan	nan	8,	1091.943,	8.000	1094.409	214.000	-321.000	321.000	-321.000	1.701	0.804	3.974	
3	2.000	1.000	106.000	786.000	1098.412	1099.905	1101.394	nan	nan	9,9,	1101.732,1102.106,	9.000	1104.395	-214.000	321.000	-321.000	214.000	0.519	1.489	3.608	
3	2.000	1.000	107.000	786.000	1108.045	1110.393	1112.277	nan	nan	8,8,	1112.529,1112.946,	8.000	1115.278	-321.000	107.000	-107.000	214.000	1.387	1.884	3.871	
3	2.000	1.000	108.000	786.000	1119.183	1120.792	1121.533	nan	nan	8,	1123.075,	8.000	1124.534	-214.000	107.000	-107.000	214.000	0.640	0.741	3.080	
3	2.000	1.000	109.000	786.000	1127.648	1129.320	1130.687	nan	nan	9,	1131.119,	9.000	1133.689	-107.000	428.000	-428.000	321.000	0.703	1.368	3.318	
3	2.000	1.000	110.000	786.000	1137.040	1139.117	1140.335	nan	nan	9,	1141.021,	9.000	1143.337	-107.000	107.000	-214.000	321.000	1.108	1.219	3.556	
3	2.000	1.000	111.000	786.000	1146.928	1148.482	1149.179	nan	nan	8,8,	1150.136,1150.953,	8.000	1152.181	-321.000	428.000	-107.000	107.000	0.587	0.698	3.428	
3	2.000	1.000	112.000	786.000	1155.644	1158.153	1158.753	nan	nan	8,	1160.337,	8.000	1161.755	-321.000	107.000	-214.000	214.000	1.542	0.601	3.312	
3	2.000	1.000	113.000	786.000	1165.107	1166.858	1167.642	nan	nan	8,	1168.369,	8.000	1170.644	-321.000	321.000	-107.000	107.000	0.789	0.785	2.559	
3	2.000	1.000	114.000	786.000	1173.245	1176.095	1177.250	nan	nan	9,	1177.779,	9.000	1180.252	-321.000	321.000	-428.000	107.000	1.889	1.156	3.891	
3	2.000	1.000	115.000	786.000	1184.175	1185.659	1187.278	nan	nan	9,	1188.099,	9.000	1190.279	-107.000	214.000	-321.000	428.000	0.514	1.619	2.096	
3	2.000	1.000	116.000	786.000	1192.412	1194.722	1196.712	nan	nan	8,	1197.036,	8.000	1199.714	-428.000	428.000	-107.000	321.000	1.344	1.990	3.987	
3	2.000	1.000	117.000	786.000	1203.732	1206.187	1208.172	nan	nan	9,	1208.423,	9.000	1211.177	-107.000	107.000	-321.000	321.000	1.484	1.986	3.621	
3	2.000	1.000	118.000	786.000	1214.833	1216.729	1217.648	nan	nan	8,	1217.929,	8.000	1220.653	214.000	107.000	321.000	107.000	0.929	0.920	3.035	
3	2.000	1.000	119.000	786.000	1223.742	1226.069	1227.644	nan	nan	8,	1228.434,	8.000	1230.646	-321.000	321.000	-214.000	214.000	1.378	1.576	2.373	
3	2.000	1.000	120.000	786.000	1233.050	1235.669	1237.297	nan	nan	9,	1237.874,	9.000	1240.298	-214.000	107.000	-321.000	428.000	1.648	1.629	2.585	
3	2.000	1.000	121.000	786.000	1242.916	1244.829	1246.337	nan	nan	9,	1246.760,	9.000	1249.342	-107.000	321.000	-214.000	214.000	0.944	1.508	2.154	
3	2.000	1.000	122.000	786.000	1251.527	1254.209	1255.041	nan	nan	8,	1255.807,	8.000	1258.043	-321.000	321.000	-214.000	107.000	1.711	0.833	3.344	
3	2.000	1.000	123.000	786.000	1261.434	1263.844	1264.426	nan	nan	8,8,	1265.162,1265.969,	8.000	1267.427	-428.000	321.000	-214.000	214.000	1.455	0.582	3.138	
3	2.000	1.000	124.000	786.000	1270.596	1272.574	1273.898	nan	nan	9,	1274.349,	9.000	1276.902	-107.000	107.000	-321.000	428.000	1.006	1.325	3.093	
3	2.000	1.000	125.000	786.000	1280.039	1282.868	1284.313	nan	nan	9,	1284.801,	9.000	1287.314	-214.000	321.000	-428.000	428.000	1.870	1.445	2.630	
3	2.000	1.000	126.000	786.000	1289.978	1291.765	1293.152	nan	nan	8,	1293.525,	8.000	1296.156	-321.000	428.000	-214.000	214.000	0.818	1.387	3.904	
3	2.000	1.000	127.000	786.000	1300.093	1301.967	1302.471	nan	nan	9,	1303.501,	9.000	1305.473	-321.000	107.000	-428.000	428.000	0.905	0.505	3.286	
3	2.000	1.000	128.000	786.000	1308.790	1310.927	1312.584	nan	nan	8,	1312.929,	8.000	1315.586	-214.000	321.000	-107.000	428.000	1.166	1.658	2.547	
3	2.000	1.000	129.000	786.000	1318.166	1320.059	1321.991	nan	nan	8,	1322.401,	8.000	1324.996	-428.000	321.000	-107.000	214.000	0.924	1.932	2.637	
3	2.000	1.000	130.000	786.000	1327.666	1330.480	1331.915	nan	nan	8,	1332.672,	8.000	1334.917	-428.000	214.000	-107.000	428.000	1.846	1.436	2.990	
3	2.000	1.000	131.000	786.000	1337.941	1339.863	1340.719	nan	nan	8,	1341.869,	8.000	1343.721	-321.000	428.000	-214.000	428.000	0.953	0.857	2.257	
3	2.000	1.000	132.000	786.000	1346.013	1348.875	1349.818	nan	nan	8,	1350.424,	8.000	1352.820	-107.000	107.000	-214.000	428.000	1.894	0.944	3.820	
3	2.000	1.000	133.000	786.000	1356.672	1358.774	1359.384	nan	nan	9,	1359.852,	9.000	1362.389	-321.000	321.000	-428.000	214.000	1.132	0.611	3.723	
3	2.000	1.000	134.000	786.000	1366.266	1368.579	1370.106	nan	nan	9,	1370.522,	9.000	1373.110	-214.000	321.000	-321.000	428.000	1.465	1.527	2.045	
3	2.000	1.000	135.000	786.000	1375.186	1377.834	1379.482	nan	nan	9,9,	1379.874,1381.451,	9.000	1382.483	-107.000	321.000	-321.000	214.000	1.677	1.648	3.640	
3	2.000	1.000	136.000	786.000	1386.160	1388.156	1388.800	nan	nan	8,	1389.244,	8.000	1391.804	-428.000	107.000	-214.000	428.000	1.031	0.645	3.350	
3	2.000	1.000	137.000	786.000	1395.251	1397.574	1398.917	nan	nan	8,	1399.566,	8.000	1401.919	-321.000	107.000	-107.000	428.000	1.416	1.344	3.994	
3	2.000	1.000	138.000	786.000	1405.966	1408.779	1409.911	nan	nan	9,	1410.956,	9.000	1412.912	-214.000	214.000	-321.000	107.000	1.865	1.132	3.505	
3	2.000	1.000	139.000	786.000	1416.460	1419.183	1420.184	nan	nan	9,	1420.597,	9.000	1423.189	-214.000	214.000	-428.000	321.000	1.764	1.002	2.367	
3	2.000	1.000	140.000	786.000	1425.591	1427.660	1428.295	nan	nan	8,	1429.096,	8.000	1431.296	-321.000	107.000	-214.000	428.000	1.103	0.635	3.254	
3	2.000	1.000	141.000	786.000	1434.613	1437.181	1438.438	nan	nan	8,	1438.904,	8.000	1441.440	-321.000	428.000	-214.000	321.000	1.629	1.257	2.322	
3	2.000	1.000	142.000	786.000	1443.798	1445.915	1446.853	nan	nan	9,	1447.280,	9.000	1449.855	-107.000	214.000	-214.000	107.000	1.151	0.939	2.669	
3	2.000	1.000	143.000	786.000	1452.566	1454.542	1455.307	nan	nan	8,9,	1456.142,1456.889,	9.000	1458.309	-107.000	214.000	-214.000	428.000	1.016	0.765	2.032	
3	2.000	1.000	144.000	786.000	1460.380	1462.470	1463.245	nan	nan	8,	1464.211,	8.000	1466.247	-321.000	-428.000	-214.000	-428.000	1.127	0.775	3.434	
3	2.000	1.000	145.000	786.000	1469.717	1471.207	1471.774	nan	nan	8,	1473.069,	8.000	1474.776	-321.000	107.000	-428.000	321.000	0.524	0.568	3.833	
3	2.000	1.000	146.000	786.000	1478.647	1480.839	1481.831	nan	nan	9,	1482.238,	9.000	1484.833	-107.000	107.000	-428.000	428.000	1.228	0.992	2.347	
3	2.000	1.000	147.000	786.000	1487.217	1488.688	1489.920	nan	nan	8,	1490.474,	8.000	1492.922	-428.000	107.000	-321.000	321.000	0.505	1.233	2.495	
3	2.000	1.000	148.000	786.000	1495.459	1497.484	1498.543	nan	nan	8,	1500.167,	8.000	1501.544	-428.000	107.000	-321.000	428.000	1.064	1.059	2.469	
3	2.000	1.000	149.000	786.000	1504.074	1506.504	1507.187	nan	nan	8,	1507.665,	8.000	1510.191	-321.000	107.000	-214.000	321.000	1.489	0.683	2.521	
3	2.000	1.000	150.000	786.000	1512.757	1514.258	1515.862	nan	nan	8,	1516.247,	8.000	1518.864	-428.000	107.000	-321.000	214.000	0.543	1.605	3.576	
3	2.000	1.000	151.000	786.000	1522.471	1524.882	1525.912	nan	nan	9,	1526.265,	9.000	1528.917	-107.000	107.000	-428.000	321.000	1.441	1.031	2.785	
3	2.000	1.000	152.000	786.000	1531.739	1534.530	1536.260	nan	nan	8,8,	1536.624,1537.666,	8.000	1539.261	-321.000	321.000	-107.000	428.000	1.826	1.730	3.473	
3	2.000	1.000	153.000	786.000	1542.772	1545.712	1547.606	nan	nan	8,	1548.008,	8.000	1550.610	-214.000	214.000	-107.000	107.000	1.976	1.894	2.232	
3	2.000	1.000	154.000	786.000	1552.881	1555.627	1556.160	nan	nan	8,	1556.604,	8.000	1559.164	-428.000	321.000	-107.000	428.000	1.783	0.534	3.177	
3	2.000	1.000	155.000	786.000	1562.373	1564.075	1565.259	nan	nan	8,	1565.616,	8.000	1568.261	-428.000	107.000	-107.000	428.000	0.732	1.185	3.852	
3	2.000	1.000	156.000	786.000	1572.153	1573.678	1574.626	nan	nan	8,	1574.989,	8.000	1577.628	-428.000	214.000	-107.000	107.000	0.563	0.949	2.945	
3	2.000	2.000	157.000	786.000	47.451	50.393	51.100	nan	nan	8,	51.731,	8.000	54.102	321.000	-214.000	428.000	-214.000	1.942	0.707	2.778	
3	2.000	2.000	157.000	786.000	8.219	11.161	11.868	nan	nan	8,9,	11.905,12.368,	9.000	14.869	321.000	-428.000	428.000	-428.000	1.942	0.707	2.399	
3	2.000	2.000	157.000	786.000	37.395	40.337	41.043	nan	nan	8,	41.480,	8.000	44.045	321.000	-321.000	428.000	-321.000	1.942	0.707	3.441	
3	2.000	2.000	158.000	786.000	46.829	49.605	50.683	nan	nan	9,	51.300,	9.000	53.684	-214.000	428.000	-107.000	107.000	1.778	1.079	2.695	
3	2.000	2.000	159.000	786.000	56.087	58.275	60.197	nan	nan	8,	60.479,	8.000	63.199	-428.000	428.000	-107.000	107.000	1.190	1.923	3.376	
3	2.000	2.000	160.000	786.000	66.265	68.795	69.540	nan	nan	9,	70.362,	9.000	72.542	-428.000	428.000	-321.000	107.000	1.532	0.746	2.720	
3	2.000	2.000	161.000	786.000	75.987	78.627	79.214	nan	nan	9,	80.311,	9.000	82.215	-214.000	428.000	-107.000	214.000	1.643	0.587	2.836	
3	2.000	2.000	162.000	786.000	84.914	86.586	87.515	nan	nan	9,	87.868,	9.000	90.519	-107.000	214.000	-428.000	321.000	0.674	0.929	2.701	
3	2.000	2.000	163.000	786.000	93.900	96.203	98.082	nan	nan	9,	98.417,	9.000	101.083	-428.000	428.000	-107.000	214.000	1.305	1.879	3.543	
3	2.000	2.000	164.000	786.000	103.808	106.642	107.841	nan	nan	9,	108.243,	9.000	110.845	-107.000	428.000	-214.000	321.000	1.836	1.199	2.971	
3	2.000	2.000	165.000	786.000	113.686	116.076	117.251	nan	nan	9,	117.584,	9.000	120.255	-107.000	428.000	-214.000	107.000	1.392	1.175	3.158	
3	2.000	2.000	166.000	786.000	122.960	125.582	126.211	nan	nan	8,	127.348,	8.000	129.213	-214.000	107.000	-321.000	214.000	1.624	0.630	3.794	
3	2.000	2.000	167.000	786.000	132.761	135.035	136.041	nan	nan	8,8,	136.384,137.381,	8.000	139.043	-428.000	214.000	-321.000	321.000	1.277	1.006	2.186	
3	2.000	2.000	168.000	786.000	142.018	143.555	144.643	nan	nan	9,	145.080,	9.000	147.644	-107.000	428.000	-214.000	214.000	0.539	1.088	3.395	
3	2.000	2.000	169.000	786.000	150.806	153.167	153.706	nan	nan	8,	154.175,	8.000	156.707	-321.000	321.000	-214.000	428.000	1.363	0.539	3.653	
3	2.000	2.000	170.000	786.000	160.506	162.148	164.061	nan	nan	8,8,	164.165,164.667,	8.000	167.063	321.000	214.000	428.000	214.000	0.645	1.913	3.248	
3	2.000	2.000	171.000	786.000	169.254	171.350	171.873	nan	nan	8,	172.413,	8.000	174.875	-428.000	321.000	-321.000	428.000	1.098	0.524	2.141	
3	2.000	2.000	172.000	786.000	178.275	180.573	181.787	nan	nan	9,8,	182.620,183.285,	8.000	184.788	-214.000	107.000	-321.000	321.000	1.301	1.214	2.746	
3	2.000	2.000	173.000	786.000	188.446	191.236	192.232	nan	nan	9,	192.435,	9.000	195.237	-107.000	428.000	-428.000	107.000	1.793	0.997	2.289	
3	2.000	2.000	174.000	786.000	198.489	200.257	201.050	nan	nan	8,9,	201.953,202.818,	9.000	204.052	-214.000	214.000	-321.000	321.000	0.770	0.794	3.273	
3	2.000	2.000	175.000	786.000	206.198	208.309	208.963	nan	nan	9,	209.333,	9.000	211.964	-107.000	321.000	-428.000	107.000	1.113	0.654	3.968	
3	2.000	2.000	176.000	786.000	214.715	217.645	218.767	nan	nan	9,	219.390,	9.000	221.768	-321.000	321.000	-428.000	428.000	1.932	1.122	2.855	
3	2.000	2.000	177.000	786.000	224.062	225.979	227.791	nan	nan	8,	228.135,	8.000	230.795	-321.000	214.000	-107.000	107.000	0.920	1.812	2.752	
3	2.000	2.000	178.000	786.000	234.073	236.569	238.516	nan	nan	9,	238.817,	9.000	241.519	-214.000	428.000	-321.000	214.000	1.498	1.947	2.026	
3	2.000	2.000	179.000	786.000	245.492	247.501	249.254	nan	nan	9,	249.522,	9.000	252.256	-107.000	428.000	-321.000	107.000	1.011	1.754	3.762	
3	2.000	2.000	180.000	786.000	255.116	257.819	259.592	nan	nan	9,	259.980,	9.000	262.594	-214.000	428.000	-321.000	107.000	1.706	1.773	2.508	
3	2.000	2.000	181.000	786.000	265.351	267.659	268.539	nan	nan	8,	269.109,	8.000	271.541	-428.000	214.000	-214.000	321.000	1.310	0.881	2.450	
3	2.000	2.000	182.000	786.000	273.571	275.609	276.789	nan	nan	8,	278.162,	8.000	279.791	-321.000	214.000	-214.000	107.000	1.040	1.180	3.113	
3	2.000	2.000	183.000	786.000	283.557	286.208	287.990	nan	nan	8,	288.374,	8.000	290.992	-214.000	214.000	-107.000	214.000	1.653	1.783	3.826	
3	2.000	2.000	184.000	786.000	293.505	296.059	297.113	nan	nan	8,	297.616,	8.000	300.115	-428.000	428.000	-214.000	107.000	1.556	1.055	3.807	
3	2.000	2.000	185.000	786.000	302.569	304.467	306.119	nan	nan	9,	306.458,	9.000	309.124	-321.000	428.000	-214.000	107.000	0.900	1.653	2.707	
3	2.000	2.000	186.000	786.000	312.241	313.956	314.624	nan	nan	9,	315.058,	9.000	317.626	-214.000	214.000	-428.000	107.000	0.717	0.669	2.129	
3	2.000	2.000	187.000	786.000	321.457	323.668	324.829	nan	nan	8,	325.181,	8.000	327.833	-214.000	214.000	-107.000	321.000	1.214	1.161	2.977	
3	2.000	2.000	188.000	786.000	331.645	334.208	336.174	nan	nan	9,	336.502,	9.000	339.179	-107.000	214.000	-428.000	107.000	1.566	1.966	2.219	
3	2.000	2.000	189.000	786.000	341.891	343.726	345.687	nan	nan	8,	346.016,	8.000	348.692	-321.000	321.000	-107.000	214.000	0.838	1.961	3.492	
3	2.000	2.000	190.000	786.000	350.825	353.750	355.103	nan	nan	9,8,	356.091,356.475,	8.000	358.105	-428.000	321.000	-321.000	107.000	1.928	1.354	2.605	
3	2.000	2.000	191.000	786.000	361.087	363.241	365.091	nan	nan	9,	365.456,	9.000	368.095	-107.000	321.000	-428.000	428.000	1.156	1.850	2.598	
3	2.000	2.000	192.000	786.000	370.318	372.148	373.974	nan	nan	9,9,	374.024,375.076,	9.000	376.976	-321.000	214.000	-428.000	107.000	0.833	1.826	3.106	
3	2.000	2.000	193.000	786.000	380.472	382.978	383.550	8.000	386.565	nan	nan	nan	nan	-214.000	214.000	-321.000	428.000	1.508	0.572	3.145	
3	2.000	2.000	194.000	786.000	389.174	391.617	392.145	nan	nan	9,	392.610,	9.000	395.147	-107.000	214.000	-321.000	321.000	1.445	0.529	3.691	
3	2.000	2.000	195.000	786.000	397.750	400.670	401.517	nan	nan	9,	402.123,	9.000	404.518	-214.000	428.000	-428.000	107.000	1.923	0.847	2.328	
3	2.000	2.000	196.000	786.000	407.629	410.010	411.204	nan	nan	8,	411.400,	8.000	414.208	-214.000	-428.000	-107.000	-428.000	1.383	1.195	3.029	
3	2.000	2.000	197.000	786.000	417.357	419.598	420.285	nan	nan	9,	420.986,	9.000	423.287	-214.000	428.000	-321.000	321.000	1.243	0.688	3.196	
3	2.000	2.000	198.000	786.000	426.983	428.847	429.564	nan	nan	9,	430.156,	9.000	432.565	-321.000	214.000	-428.000	321.000	0.867	0.717	2.920	
3	2.000	2.000	199.000	786.000	434.898	436.931	438.641	nan	nan	9,	439.098,	9.000	441.643	-107.000	428.000	-321.000	321.000	1.035	1.711	3.878	
3	2.000	2.000	200.000	786.000	444.676	447.013	448.439	nan	nan	8,	448.596,	8.000	451.443	-428.000	428.000	-214.000	321.000	1.339	1.426	3.363	
3	2.000	2.000	201.000	786.000	454.643	456.975	458.252	nan	nan	9,	458.922,	9.000	461.253	-214.000	107.000	-428.000	321.000	1.334	1.277	3.421	
3	2.000	2.000	202.000	786.000	464.177	467.016	468.133	nan	nan	9,9,	468.353,469.295,	9.000	471.135	-107.000	107.000	-214.000	214.000	1.841	1.117	2.566	
3	2.000	2.000	203.000	786.000	475.017	477.962	479.151	nan	nan	9,	479.564,	9.000	482.152	-107.000	428.000	-428.000	214.000	1.947	1.190	3.183	
3	2.000	2.000	204.000	786.000	485.520	488.079	489.172	nan	nan	9,	489.532,	9.000	492.177	-107.000	214.000	-428.000	428.000	1.561	1.093	3.698	
3	2.000	2.000	205.000	786.000	495.602	497.785	499.616	nan	nan	8,	500.414,	8.000	502.617	-428.000	214.000	-321.000	428.000	1.185	1.831	2.206	
3	2.000	2.000	206.000	786.000	505.187	507.071	507.614	nan	nan	8,8,	508.100,509.413,	8.000	510.615	-428.000	214.000	-107.000	321.000	0.886	0.543	2.939	
3	2.000	2.000	207.000	786.000	513.803	515.779	517.387	nan	nan	9,	517.797,	9.000	520.389	-214.000	107.000	-428.000	214.000	0.977	1.609	3.209	
3	2.000	2.000	208.000	786.000	524.091	526.409	527.145	nan	nan	9,	527.449,	9.000	530.146	-321.000	428.000	-428.000	321.000	1.320	0.736	3.518	
3	2.000	2.000	209.000	786.000	532.356	534.891	536.678	nan	nan	8,8,8,	536.991,537.337,538.130,	8.000	539.680	214.000	-214.000	428.000	-214.000	1.537	1.788	2.675	
3	2.000	2.000	210.000	786.000	542.623	544.227	545.744	nan	nan	9,9,	546.033,546.295,	9.000	548.746	-107.000	321.000	-321.000	107.000	0.606	1.518	2.058	
3	2.000	2.000	211.000	786.000	551.959	554.306	555.770	nan	nan	9,	556.060,	9.000	558.774	-107.000	214.000	-321.000	107.000	1.349	1.465	3.119	
3	2.000	2.000	212.000	786.000	562.297	564.373	565.133	nan	nan	8,	565.493,	8.000	568.137	-321.000	214.000	-214.000	321.000	1.079	0.760	2.013	
3	2.000	2.000	213.000	786.000	570.817	572.807	573.712	nan	nan	8,8,	573.837,574.136,	8.000	576.713	-428.000	214.000	-214.000	107.000	0.992	0.905	3.627	
3	2.000	2.000	214.000	786.000	578.776	580.438	581.738	nan	nan	9,9,	582.052,582.734,	9.000	584.740	-321.000	107.000	-428.000	214.000	0.664	1.301	2.309	
3	2.000	2.000	215.000	786.000	587.863	589.636	591.206	nan	nan	9,	591.503,	9.000	594.208	-214.000	214.000	-428.000	428.000	0.775	1.571	2.167	
3	2.000	2.000	216.000	786.000	596.226	598.495	599.622	nan	nan	8,8,	599.983,600.400,	8.000	602.624	-321.000	214.000	-107.000	321.000	1.272	1.127	2.463	
3	2.000	2.000	217.000	786.000	606.255	608.279	609.502	nan	nan	9,	609.901,	9.000	612.506	-214.000	428.000	-428.000	214.000	1.026	1.223	2.817	
3	2.000	2.000	218.000	786.000	614.820	617.292	618.597	nan	nan	8,	619.615,	8.000	621.598	-321.000	214.000	-428.000	428.000	1.474	1.305	3.672	
3	2.000	2.000	219.000	786.000	623.770	625.943	627.152	nan	nan	8,	627.509,	8.000	630.153	-428.000	107.000	-107.000	214.000	1.175	1.209	3.042	
3	2.000	2.000	220.000	786.000	632.621	635.286	637.049	nan	nan	9,	637.526,	9.000	640.050	-214.000	107.000	-428.000	428.000	1.667	1.764	3.839	
3	2.000	2.000	221.000	786.000	642.871	645.295	646.624	nan	nan	9,	647.288,	9.000	649.626	-214.000	321.000	-321.000	107.000	1.426	1.330	3.865	
3	2.000	2.000	222.000	786.000	653.303	655.104	655.970	nan	nan	8,	656.373,	8.000	658.974	214.000	321.000	428.000	321.000	0.804	0.867	2.534	
3	2.000	2.000	223.000	786.000	662.020	663.639	664.538	nan	nan	9,	664.836,	9.000	667.543	-107.000	428.000	-321.000	214.000	0.621	0.900	3.929	
3	2.000	2.000	224.000	786.000	671.387	673.974	674.816	nan	nan	8,	675.167,	8.000	677.821	-214.000	107.000	-107.000	321.000	1.590	0.842	3.711	
3	2.000	2.000	225.000	786.000	681.690	683.598	685.535	nan	nan	9,9,	685.970,686.752,	9.000	688.536	-214.000	428.000	-428.000	321.000	0.910	1.937	2.341	
3	2.000	2.000	226.000	786.000	691.074	693.841	694.446	nan	nan	8,8,	694.909,695.665,	8.000	697.448	-428.000	321.000	-214.000	107.000	1.768	0.606	2.000	
3	2.000	2.000	227.000	786.000	701.382	704.187	705.767	nan	nan	8,8,8,8,	706.068,706.301,707.038,707.669,	8.000	708.768	-321.000	214.000	-107.000	428.000	1.807	1.580	3.768	
3	2.000	2.000	228.000	786.000	712.483	714.729	716.526	nan	nan	9,	717.565,	9.000	719.527	-428.000	428.000	-321.000	214.000	1.248	1.797	3.781	
3	2.000	2.000	229.000	786.000	721.873	724.591	726.127	nan	nan	8,	726.487,	8.000	729.132	-214.000	214.000	-107.000	428.000	1.720	1.537	2.251	
3	2.000	2.000	230.000	786.000	731.136	732.875	734.190	nan	nan	8,	734.540,	8.000	737.192	-428.000	428.000	-214.000	214.000	0.741	1.315	2.418	
3	2.000	2.000	231.000	786.000	740.965	743.051	744.646	nan	nan	9,	745.007,	9.000	747.649	-107.000	107.000	-428.000	214.000	1.088	1.595	3.961	
3	2.000	2.000	232.000	786.000	751.435	753.290	755.217	nan	nan	8,	755.534,	8.000	758.220	-107.000	214.000	-214.000	321.000	0.857	1.928	2.334	
3	2.000	2.000	233.000	786.000	760.476	762.697	763.901	nan	nan	8,	764.414,	8.000	766.902	-214.000	107.000	-107.000	428.000	1.223	1.204	2.868	
3	2.000	2.000	234.000	786.000	769.325	772.110	773.825	nan	nan	9,9,	773.894,774.846,	9.000	776.827	-107.000	321.000	-214.000	428.000	1.788	1.715	2.244	
3	2.000	2.000	235.000	786.000	780.792	783.674	784.661	nan	nan	8,	785.204,	8.000	787.663	-321.000	321.000	-107.000	321.000	1.884	0.987	2.932	
3	2.000	2.000	236.000	786.000	790.001	791.808	792.558	nan	nan	8,8,	792.994,794.014,	8.000	795.560	-321.000	107.000	-107.000	321.000	0.809	0.751	2.476	
3	2.000	2.000	237.000	786.000	798.432	800.890	802.422	nan	nan	9,	802.781,	9.000	805.426	-107.000	321.000	-428.000	214.000	1.460	1.532	3.486	
3	2.000	2.000	238.000	786.000	807.675	810.610	811.684	nan	nan	9,	812.104,	9.000	814.685	-107.000	107.000	-321.000	321.000	1.937	1.074	3.164	
3	2.000	2.000	239.000	786.000	817.622	819.535	820.637	nan	nan	9,	821.347,	9.000	823.639	-214.000	321.000	-107.000	214.000	0.915	1.103	3.048	
3	2.000	2.000	240.000	786.000	826.119	827.839	829.429	nan	nan	8,	829.762,	8.000	832.430	-428.000	428.000	-107.000	321.000	0.722	1.590	2.071	
3	2.000	2.000	241.000	786.000	835.920	838.330	839.041	nan	nan	8,	839.457,	8.000	842.044	-321.000	214.000	-214.000	428.000	1.412	0.712	3.756	
3	2.000	2.000	242.000	786.000	845.212	847.703	849.443	nan	nan	9,	849.711,	9.000	852.445	-321.000	428.000	-428.000	107.000	1.494	1.740	2.109	
3	2.000	2.000	243.000	786.000	855.497	857.154	858.261	nan	nan	9,	858.646,	9.000	861.263	-214.000	321.000	-321.000	214.000	0.659	1.108	3.215	
3	2.000	2.000	244.000	786.000	863.338	865.217	866.189	nan	nan	8,	867.076,	8.000	869.191	-214.000	107.000	-107.000	214.000	0.881	0.973	2.527	
3	2.000	2.000	245.000	786.000	872.951	875.640	876.651	nan	nan	8,	877.164,	8.000	879.652	-321.000	321.000	-107.000	107.000	1.691	1.011	3.479	
3	2.000	2.000	246.000	786.000	881.766	884.166	886.141	nan	nan	8,	887.241,	8.000	889.143	-428.000	321.000	-321.000	214.000	1.402	1.976	3.357	
3	2.000	2.000	247.000	786.000	892.363	894.931	896.424	nan	nan	9,	896.755,	9.000	899.430	-321.000	321.000	-428.000	107.000	1.571	1.494	3.415	
3	2.000	2.000	248.000	786.000	901.961	903.643	905.097	nan	nan	8,8,	905.842,906.929,	8.000	908.098	-321.000	-428.000	-107.000	-428.000	0.683	1.455	3.190	
3	2.000	2.000	249.000	786.000	911.582	913.080	915.031	nan	nan	9,	916.128,	9.000	918.033	-428.000	428.000	-321.000	321.000	0.500	1.952	2.765	
3	2.000	2.000	250.000	786.000	921.394	924.122	925.625	nan	nan	8,	927.067,	8.000	928.626	-428.000	107.000	-214.000	321.000	1.730	1.503	3.389	
3	2.000	2.000	251.000	786.000	932.046	934.064	935.374	nan	nan	8,	936.400,	8.000	938.376	-321.000	107.000	-214.000	214.000	1.021	1.310	3.305	
3	2.000	2.000	252.000	786.000	941.570	944.486	945.376	nan	nan	8,	946.469,	8.000	948.378	-428.000	214.000	-321.000	107.000	1.918	0.891	2.862	
3	2.000	2.000	253.000	786.000	951.148	952.694	953.212	nan	nan	9,	954.485,	9.000	956.214	-107.000	107.000	-214.000	321.000	0.548	0.519	2.064	
3	2.000	2.000	254.000	786.000	959.608	962.210	962.806	nan	nan	9,	963.223,	9.000	965.807	-321.000	428.000	-428.000	214.000	1.605	0.596	3.614	
3	2.000	2.000	255.000	786.000	969.117	971.584	972.455	nan	nan	8,	973.227,	8.000	975.457	-214.000	321.000	-107.000	107.000	1.469	0.871	3.511	
3	2.000	2.000	256.000	786.000	978.323	980.959	982.583	nan	nan	9,	982.889,	9.000	985.584	-107.000	107.000	-321.000	214.000	1.638	1.624	3.846	
3	2.000	2.000	257.000	786.000	987.653	989.406	991.184	nan	nan	9,	991.576,	9.000	994.187	-107.000	428.000	-428.000	321.000	0.756	1.778	3.293	
3	2.000	2.000	258.000	786.000	997.806	1000.085	1001.448	nan	nan	9,	1001.868,	9.000	1004.450	-107.000	214.000	-321.000	428.000	1.281	1.363	2.039	
3	2.000	2.000	259.000	786.000	1007.966	1010.216	1012.008	nan	nan	8,	1012.317,	8.000	1015.012	-428.000	321.000	-214.000	428.000	1.252	1.793	2.952	
3	2.000	2.000	260.000	786.000	1018.862	1020.645	1021.265	nan	nan	8,	1022.752,	8.000	1024.267	-321.000	428.000	-107.000	107.000	0.785	0.621	2.161	
3	2.000	2.000	261.000	786.000	1027.564	1030.552	1032.508	nan	nan	8,	1033.238,	8.000	1035.509	214.000	-107.000	321.000	-107.000	1.990	1.957	3.447	
3	2.000	2.000	262.000	786.000	1037.552	1039.499	1041.243	nan	nan	8,8,	1041.547,1041.955,	8.000	1044.244	-321.000	428.000	-107.000	214.000	0.949	1.744	2.412	
3	2.000	2.000	263.000	786.000	1047.200	1049.995	1051.865	nan	nan	9,9,	1052.247,1052.669,	9.000	1054.866	-107.000	321.000	-214.000	107.000	1.797	1.870	2.225	
3	2.000	2.000	264.000	786.000	1057.031	1058.765	1060.461	nan	nan	9,9,	1060.556,1060.906,	9.000	1063.462	-107.000	321.000	-321.000	428.000	0.736	1.696	3.717	
3	2.000	2.000	265.000	786.000	1066.914	1068.711	1070.430	nan	nan	8,	1070.838,	8.000	1073.432	-428.000	107.000	-107.000	321.000	0.799	1.720	2.887	
3	2.000	2.000	266.000	786.000	1075.848	1077.442	1078.405	nan	nan	8,	1078.740,	8.000	1081.407	-321.000	428.000	-107.000	321.000	0.596	0.963	2.643	
3	2.000	2.000	267.000	786.000	1083.636	1086.306	1086.820	nan	nan	8,	1087.278,	8.000	1089.824	-428.000	321.000	-107.000	107.000	1.672	0.514	2.277	
3	2.000	2.000	268.000	786.000	1093.545	1096.543	1097.298	nan	nan	9,	1097.896,	9.000	1100.300	-214.000	321.000	-428.000	214.000	2.000	0.756	3.260	
3	2.000	2.000	269.000	786.000	1103.192	1104.801	1105.363	nan	nan	8,	1105.792,	8.000	1108.367	-428.000	214.000	-214.000	428.000	0.611	0.563	3.087	
3	2.000	2.000	270.000	786.000	1111.015	1112.643	1114.102	nan	nan	8,	1114.719,	8.000	1117.104	-321.000	107.000	-107.000	214.000	0.630	1.460	3.132	
3	2.000	2.000	271.000	786.000	1119.385	1121.886	1122.984	nan	nan	9,9,	1123.617,1124.631,	9.000	1125.985	-214.000	321.000	-428.000	107.000	1.503	1.098	2.881	
3	2.000	2.000	272.000	786.000	1129.250	1130.816	1132.058	nan	nan	8,	1132.550,	8.000	1135.060	-428.000	107.000	-214.000	214.000	0.568	1.243	3.498	
3	2.000	2.000	273.000	786.000	1138.151	1140.951	1142.000	nan	nan	9,	1142.479,	9.000	1145.002	-214.000	428.000	-107.000	321.000	1.802	1.050	2.772	
3	2.000	2.000	274.000	786.000	1148.139	1149.844	1150.469	nan	nan	8,	1150.989,	8.000	1153.470	214.000	428.000	321.000	428.000	0.707	0.625	2.116	
3	2.000	2.000	275.000	786.000	1156.356	1158.669	1159.438	nan	nan	8,	1159.831,	8.000	1162.440	-428.000	107.000	-214.000	428.000	1.315	0.770	2.842	
3	2.000	2.000	276.000	786.000	1165.943	1167.687	1168.360	nan	nan	9,	1169.142,	9.000	1171.361	-107.000	107.000	-428.000	428.000	0.746	0.674	3.055	
3	2.000	2.000	277.000	786.000	1174.137	1176.185	1176.964	nan	nan	9,	1178.283,	9.000	1179.966	-321.000	321.000	-214.000	107.000	1.050	0.780	3.010	
3	2.000	2.000	278.000	786.000	1182.086	1184.018	1185.396	nan	nan	8,	1185.728,	8.000	1188.400	-107.000	107.000	-214.000	428.000	0.934	1.378	2.611	
3	2.000	2.000	279.000	786.000	1191.247	1193.362	1194.503	nan	nan	9,8,	1194.882,1195.366,	8.000	1197.505	-321.000	107.000	-428.000	428.000	1.117	1.141	3.685	
3	2.000	2.000	280.000	786.000	1200.564	1202.915	1204.886	nan	nan	9,	1205.294,	9.000	1207.891	-321.000	428.000	-214.000	214.000	1.354	1.971	3.338	
3	2.000	2.000	281.000	786.000	1210.905	1213.565	1215.198	nan	nan	8,	1215.481,	8.000	1218.201	-321.000	321.000	-214.000	214.000	1.662	1.633	3.280	
3	2.000	2.000	282.000	786.000	1220.817	1222.884	1224.748	nan	nan	9,	1225.276,	9.000	1227.750	-321.000	428.000	-214.000	321.000	1.069	1.865	3.068	
3	2.000	2.000	283.000	786.000	1231.440	1233.038	1234.305	nan	nan	9,	1234.766,	9.000	1237.306	-107.000	321.000	-214.000	214.000	0.601	1.267	3.170	
3	2.000	2.000	284.000	786.000	1240.649	1243.506	1244.913	nan	nan	8,	1245.307,	8.000	1247.914	-321.000	107.000	-214.000	428.000	1.860	1.407	2.180	
3	2.000	2.000	285.000	786.000	1251.198	1252.831	1254.493	nan	nan	8,8,	1254.852,1256.217,	8.000	1257.495	-428.000	321.000	-107.000	214.000	0.635	1.662	2.103	
3	2.000	2.000	286.000	786.000	1260.567	1262.609	1264.223	nan	nan	9,	1265.022,	9.000	1267.225	-214.000	214.000	-428.000	321.000	1.045	1.614	3.736	
3	2.000	2.000	287.000	786.000	1270.400	1272.269	1273.068	nan	nan	8,	1273.861,	8.000	1276.069	-321.000	321.000	-214.000	321.000	0.871	0.799	2.804	
3	2.000	2.000	288.000	786.000	1278.254	1280.938	1281.727	nan	nan	9,	1282.513,	9.000	1284.729	-321.000	107.000	-428.000	321.000	1.686	0.789	3.923	
3	2.000	2.000	289.000	786.000	1286.836	1289.091	1290.531	nan	nan	8,	1291.256,	8.000	1293.533	-428.000	107.000	-107.000	428.000	1.257	1.441	2.662	
3	2.000	2.000	290.000	786.000	1297.274	1299.886	1301.398	nan	nan	9,	1301.809,	9.000	1304.400	-214.000	321.000	-428.000	428.000	1.614	1.513	3.460	
3	2.000	2.000	291.000	786.000	1307.208	1310.018	1311.858	nan	nan	8,	1312.184,	8.000	1314.862	-321.000	107.000	-107.000	428.000	1.812	1.841	2.830	
3	2.000	2.000	292.000	786.000	1318.789	1321.421	1323.280	nan	nan	8,	1323.813,	8.000	1326.283	-428.000	107.000	-321.000	214.000	1.633	1.860	3.942	
3	2.000	2.000	293.000	786.000	1328.950	1331.321	1333.238	nan	nan	8,	1333.631,	8.000	1336.240	-428.000	107.000	-321.000	428.000	1.373	1.918	3.730	
3	2.000	2.000	294.000	786.000	1339.704	1341.882	1343.129	nan	nan	8,8,	1343.149,1343.486,	8.000	1346.131	-214.000	107.000	-321.000	428.000	1.180	1.248	2.894	
3	2.000	2.000	295.000	786.000	1348.965	1350.805	1352.800	nan	nan	9,9,9,9,9,9,	1353.165,1353.404,1353.656,1353.917,1354.136,1354.404,	9.000	1355.802	-107.000	214.000	-214.000	107.000	0.842	1.995	2.540	
3	2.000	2.000	296.000	786.000	1359.748	1361.280	1363.279	nan	nan	8,9,	1363.498,1364.434,	9.000	1366.281	-214.000	214.000	-321.000	107.000	0.534	2.000	2.437	
3	2.000	2.000	297.000	786.000	1370.016	1372.980	1374.313	nan	nan	9,9,	1374.558,1374.776,	9.000	1377.315	-107.000	107.000	-321.000	428.000	1.966	1.334	3.203	
3	2.000	2.000	298.000	786.000	1380.213	1382.960	1384.434	nan	nan	9,9,9,	1384.867,1385.202,1385.539,	9.000	1387.436	-214.000	321.000	-321.000	428.000	1.749	1.474	3.325	
3	2.000	2.000	299.000	786.000	1389.981	1392.598	1394.139	nan	nan	8,	1394.533,	8.000	1397.143	-428.000	214.000	-107.000	107.000	1.619	1.542	2.823	
3	2.000	2.000	300.000	786.000	1399.585	1402.404	1404.085	nan	nan	8,8,	1404.171,1404.525,	8.000	1407.087	-321.000	-428.000	-214.000	-428.000	1.822	1.682	3.981	
3	2.000	2.000	301.000	786.000	1410.294	1412.057	1413.782	nan	nan	9,	1414.057,	9.000	1416.784	-107.000	321.000	-321.000	214.000	0.765	1.725	2.714	
3	2.000	2.000	302.000	786.000	1420.113	1422.233	1423.967	nan	nan	8,	1424.303,	8.000	1426.969	-321.000	321.000	-107.000	428.000	1.122	1.735	3.666	
3	2.000	2.000	303.000	786.000	1429.796	1432.611	1433.525	nan	nan	8,	1433.910,	8.000	1436.530	-214.000	321.000	-107.000	428.000	1.817	0.915	2.875	
3	2.000	2.000	304.000	786.000	1440.515	1443.368	1444.244	nan	nan	8,	1445.021,	8.000	1447.245	-428.000	107.000	-321.000	321.000	1.855	0.876	2.900	
3	2.000	2.000	305.000	786.000	1449.964	1452.412	1453.321	nan	nan	8,8,	1453.790,1454.704,	8.000	1456.323	-214.000	214.000	-107.000	107.000	1.450	0.910	2.926	
3	2.000	2.000	306.000	786.000	1459.993	1461.683	1462.333	nan	nan	8,	1462.604,	8.000	1465.336	-321.000	107.000	-214.000	321.000	0.693	0.650	3.936	
3	2.000	2.000	307.000	786.000	1468.215	1470.726	1471.795	nan	nan	8,	1472.183,	8.000	1474.799	-428.000	321.000	-107.000	428.000	1.513	1.069	2.090	
3	2.000	2.000	308.000	786.000	1477.704	1480.533	1482.441	nan	nan	8,8,	1482.795,1482.925,	8.000	1485.442	-428.000	214.000	-107.000	428.000	1.831	1.908	3.331	
3	2.000	2.000	309.000	786.000	1488.373	1490.517	1492.338	nan	nan	8,	1493.121,	8.000	1495.339	-428.000	321.000	-214.000	214.000	1.146	1.822	3.588	
3	2.000	2.000	310.000	786.000	1499.280	1501.708	1503.206	nan	nan	9,	1503.515,	9.000	1506.211	-107.000	107.000	-428.000	321.000	1.431	1.498	NaN	
3	2.000	2.000	311.000	786.000	1508.305	1509.957	1511.846	nan	nan	8,	1512.229,	8.000	1514.850	-107.000	214.000	-214.000	428.000	0.654	1.889	NaN	
3	2.000	2.000	312.000	786.000	1518.185	1520.059	1521.745	nan	nan	9,9,	1522.345,1523.369,	9.000	1524.747	-321.000	321.000	-428.000	214.000	0.876	1.686	nan	
