subjID	session	Block	trialCount	earnings	Gam1Onset	Gam2Onset	FBOnset	KPs	RT	KPlate	RTlate	KP_Final	SLOnset	Gam1_1	Gam1_2	Gam2_1	Gam2_2	jit1	jit2	jit3	
6	2.000	1.000	1.000	893.000	60.966	63.565	64.619	nan	nan	nan	nan	nan	nan	321.000	-107.000	428.000	-107.000	1.600	1.055	3.151	
6	2.000	1.000	2.000	893.000	70.809	73.106	74.493	9,	74.780,	nan	nan	9.000	77.506	-214.000	428.000	-428.000	107.000	1.305	1.387	2.553	
6	2.000	1.000	3.000	893.000	80.069	82.854	84.332	9,	84.492,	nan	nan	9.000	87.347	-107.000	428.000	-428.000	107.000	1.793	1.479	3.293	
6	2.000	1.000	4.000	893.000	90.649	93.623	94.532	9,9,	95.144,95.463,	nan	nan	9.000	97.543	-214.000	428.000	-321.000	107.000	1.981	0.910	2.547	
6	2.000	1.000	5.000	893.000	100.098	101.987	103.779	8,	104.326,	nan	nan	8.000	106.791	-321.000	214.000	-107.000	107.000	0.895	1.793	2.135	
6	2.000	1.000	6.000	893.000	108.934	111.368	113.295	8,	114.048,	nan	nan	8.000	116.307	-214.000	107.000	-321.000	214.000	1.441	1.928	2.090	
6	2.000	1.000	7.000	893.000	118.406	120.526	121.421	9,9,	121.850,122.349,	nan	nan	9.000	124.432	-428.000	428.000	-321.000	107.000	1.127	0.895	2.540	
6	2.000	1.000	8.000	893.000	126.989	128.947	129.582	8,8,	129.840,130.138,	nan	nan	8.000	132.592	-107.000	428.000	-214.000	214.000	0.973	0.635	3.273	
6	2.000	1.000	9.000	893.000	135.875	138.033	138.595	9,9,	138.885,139.149,	nan	nan	9.000	141.606	-428.000	428.000	-214.000	107.000	1.166	0.563	3.428	
6	2.000	1.000	10.000	893.000	145.045	148.002	148.555	9,9,	148.974,149.173,	nan	nan	9.000	151.565	-107.000	428.000	-214.000	107.000	1.966	0.553	3.833	
6	2.000	1.000	11.000	893.000	155.422	157.556	158.712	9,	158.851,	nan	nan	9.000	161.725	-321.000	214.000	-428.000	107.000	1.156	1.156	3.132	
6	2.000	1.000	12.000	893.000	164.874	166.465	167.534	9,9,	167.709,167.881,	nan	nan	9.000	170.544	-214.000	214.000	-428.000	107.000	0.606	1.069	3.839	
6	2.000	1.000	13.000	893.000	174.395	176.136	176.877	9,	177.139,	nan	nan	9.000	179.891	-428.000	321.000	-321.000	107.000	0.751	0.741	2.817	
6	2.000	1.000	14.000	893.000	182.731	185.526	187.120	9,	187.245,	nan	nan	9.000	190.135	321.000	107.000	428.000	107.000	1.817	1.595	2.785	
6	2.000	1.000	15.000	893.000	192.936	194.547	196.329	8,	196.689,	nan	nan	8.000	199.343	-107.000	214.000	-321.000	321.000	0.625	1.783	3.068	
6	2.000	1.000	16.000	893.000	202.428	204.525	205.300	9,9,	205.476,205.681,	nan	nan	9.000	208.311	-214.000	428.000	-107.000	214.000	1.113	0.775	3.441	
6	2.000	1.000	17.000	893.000	211.769	213.735	215.291	8,8,	215.548,215.753,	nan	nan	8.000	218.302	-428.000	321.000	-321.000	428.000	0.982	1.556	2.315	
6	2.000	1.000	18.000	893.000	220.635	222.148	222.874	8,8,	223.461,223.808,	nan	nan	8.000	225.885	-428.000	214.000	-321.000	321.000	0.529	0.727	3.035	
6	2.000	1.000	19.000	893.000	229.020	230.601	231.361	9,9,9,9,	231.575,231.817,232.102,232.882,	nan	nan	9.000	234.372	-107.000	214.000	-428.000	107.000	0.678	0.760	2.476	
6	2.000	1.000	20.000	893.000	236.865	239.686	240.875	8,	241.034,	nan	nan	8.000	243.888	-214.000	214.000	-321.000	321.000	1.836	1.190	2.206	
6	2.000	1.000	21.000	893.000	246.111	248.917	249.730	9,9,9,	250.358,250.601,250.808,	nan	nan	9.000	252.741	-321.000	321.000	-428.000	428.000	1.822	0.814	2.129	
6	2.000	1.000	22.000	893.000	254.887	257.572	258.617	9,9,	258.726,258.935,	nan	nan	9.000	261.630	-214.000	428.000	-321.000	214.000	1.701	1.045	3.312	
6	2.000	1.000	23.000	893.000	264.960	267.404	269.143	8,	269.552,	nan	nan	8.000	272.157	-214.000	214.000	-107.000	321.000	1.460	1.740	2.399	
6	2.000	1.000	24.000	893.000	274.574	277.341	278.848	9,9,	279.101,279.270,	nan	nan	9.000	281.860	-428.000	428.000	-107.000	214.000	1.783	1.508	2.116	
6	2.000	1.000	25.000	893.000	283.992	286.302	286.826	8,8,	286.961,287.422,	nan	nan	8.000	289.836	-428.000	214.000	-214.000	321.000	1.325	0.524	2.071	
6	2.000	1.000	26.000	893.000	291.924	294.861	295.515	8,8,	295.818,295.995,	nan	nan	8.000	298.525	-321.000	214.000	-214.000	107.000	1.952	0.654	3.228	
6	2.000	1.000	27.000	893.000	301.771	303.762	304.676	9,9,	304.796,304.970,	nan	nan	9.000	307.687	-214.000	214.000	-107.000	214.000	1.006	0.915	3.859	
6	2.000	1.000	28.000	893.000	311.603	313.496	314.121	9,9,9,	314.345,314.514,314.732,	nan	nan	9.000	317.132	-321.000	428.000	-214.000	107.000	0.949	0.625	2.367	
6	2.000	1.000	29.000	893.000	319.515	322.370	324.312	9,	324.604,	nan	nan	9.000	327.326	-214.000	428.000	-107.000	107.000	1.870	1.942	3.531	
6	2.000	1.000	30.000	893.000	330.872	333.115	334.208	9,9,	334.459,334.687,	nan	nan	9.000	337.219	-321.000	321.000	-214.000	428.000	1.257	1.093	2.521	
6	2.000	1.000	31.000	893.000	339.758	342.144	343.555	8,8,	344.068,344.313,	nan	nan	8.000	346.566	-107.000	428.000	-321.000	107.000	1.402	1.412	3.768	
6	2.000	1.000	32.000	893.000	350.352	352.917	353.720	9,9,	354.625,354.892,	nan	nan	9.000	356.731	-107.000	321.000	-428.000	107.000	1.580	0.804	2.424	
6	2.000	1.000	33.000	893.000	359.173	362.114	363.299	8,8,	363.416,363.690,	nan	nan	8.000	366.309	-107.000	428.000	-214.000	321.000	1.957	1.185	3.678	
6	2.000	1.000	34.000	893.000	370.005	371.654	373.489	9,9,	373.809,373.977,	nan	nan	9.000	376.501	-321.000	321.000	-107.000	214.000	0.664	1.836	2.328	
6	2.000	1.000	35.000	893.000	378.846	380.659	382.403	9,9,	382.465,382.697,	nan	nan	9.000	385.416	-107.000	321.000	-428.000	428.000	0.828	1.744	3.878	
6	2.000	1.000	36.000	893.000	389.312	391.978	393.495	8,8,	393.661,393.884,	nan	nan	8.000	396.507	-214.000	107.000	-321.000	321.000	1.682	1.518	2.939	
6	2.000	1.000	37.000	893.000	399.463	401.246	402.117	9,9,	402.452,402.682,	nan	nan	9.000	405.128	-428.000	428.000	-107.000	107.000	0.799	0.871	3.003	
6	2.000	1.000	38.000	893.000	408.168	410.564	412.212	8,8,	412.355,412.768,	nan	nan	8.000	415.222	-214.000	214.000	-321.000	428.000	1.431	1.648	3.055	
6	2.000	1.000	39.000	893.000	418.295	420.425	422.362	9,9,	422.578,422.741,	nan	nan	9.000	425.373	-107.000	214.000	-428.000	321.000	1.146	1.937	2.341	
6	2.000	1.000	40.000	893.000	427.732	429.438	430.926	9,9,	430.960,431.175,	nan	nan	9.000	433.937	-214.000	-321.000	-107.000	-321.000	0.722	1.489	2.463	
6	2.000	1.000	41.000	893.000	436.418	438.336	440.114	8,8,	440.218,440.444,	nan	nan	8.000	443.125	-107.000	107.000	-428.000	214.000	0.934	1.778	3.942	
6	2.000	1.000	42.000	893.000	447.085	449.423	450.679	9,9,	451.366,451.553,	nan	nan	9.000	453.690	-214.000	107.000	-107.000	428.000	1.354	1.257	3.653	
6	2.000	1.000	43.000	893.000	457.360	459.395	461.221	9,	461.483,	nan	nan	9.000	464.235	-214.000	107.000	-428.000	214.000	1.050	1.826	2.534	
6	2.000	1.000	44.000	893.000	466.787	468.941	469.474	9,9,	470.737,470.998,	nan	nan	9.000	472.485	-321.000	214.000	-107.000	321.000	1.170	0.534	3.016	
6	2.000	1.000	45.000	893.000	475.520	477.490	478.255	9,	480.159,	nan	nan	9.000	481.266	-214.000	214.000	-107.000	428.000	0.987	0.765	3.299	
6	2.000	1.000	46.000	893.000	484.583	487.336	488.539	9,9,	488.593,488.816,	nan	nan	9.000	491.550	-214.000	107.000	-107.000	321.000	1.768	1.204	3.884	
6	2.000	1.000	47.000	893.000	495.453	498.243	500.200	8,	500.929,	nan	nan	8.000	503.211	-107.000	321.000	-214.000	428.000	1.807	1.957	2.605	
6	2.000	1.000	48.000	893.000	505.828	508.094	509.746	9,	509.936,	nan	nan	9.000	512.761	-321.000	214.000	-428.000	321.000	1.277	1.653	3.659	
6	2.000	1.000	49.000	893.000	516.437	518.901	520.138	9,9,	520.433,520.616,	nan	nan	9.000	523.149	-214.000	321.000	-321.000	107.000	1.479	1.238	3.871	
6	2.000	1.000	50.000	893.000	527.037	529.265	529.851	8,8,	530.577,530.868,	nan	nan	8.000	532.862	-428.000	214.000	-321.000	428.000	1.243	0.587	2.650	
6	2.000	1.000	51.000	893.000	535.529	538.036	538.941	8,8,	539.194,539.393,	nan	nan	8.000	541.952	-107.000	428.000	-321.000	321.000	1.523	0.905	2.797	
6	2.000	1.000	52.000	893.000	544.767	546.401	548.121	9,	548.160,	nan	nan	9.000	551.135	-214.000	214.000	-428.000	428.000	0.650	1.720	3.511	
6	2.000	1.000	53.000	893.000	554.664	557.634	558.481	8,8,	559.326,559.730,	nan	nan	8.000	561.492	214.000	-107.000	428.000	-107.000	1.986	0.847	2.334	
6	2.000	1.000	54.000	893.000	563.843	566.746	567.805	8,8,	567.947,568.082,	nan	nan	8.000	570.816	-107.000	107.000	-214.000	214.000	1.918	1.059	2.656	
6	2.000	1.000	55.000	893.000	573.489	576.406	577.538	8,	577.716,	nan	nan	8.000	580.551	-428.000	428.000	-214.000	321.000	1.932	1.132	3.209	
6	2.000	1.000	56.000	893.000	583.778	586.097	587.175	8,	588.434,	nan	nan	8.000	590.186	-428.000	107.000	-107.000	214.000	1.334	1.079	2.154	
6	2.000	1.000	57.000	893.000	592.358	594.383	595.432	9,	595.812,	nan	nan	9.000	598.443	-214.000	428.000	-428.000	214.000	1.040	1.050	3.498	
6	2.000	1.000	58.000	893.000	601.955	604.914	606.615	8,8,9,9,9,	606.833,607.381,608.058,608.254,608.478,	nan	nan	9.000	609.625	-428.000	321.000	-214.000	107.000	1.971	1.701	2.000	
6	2.000	1.000	59.000	893.000	611.639	613.725	615.050	9,8,8,	615.349,615.759,615.965,	nan	nan	8.000	618.060	-428.000	428.000	-321.000	214.000	1.098	1.325	2.379	
6	2.000	1.000	60.000	893.000	620.458	622.704	623.874	8,9,9,	624.300,624.720,624.945,	nan	nan	9.000	626.885	-107.000	214.000	-321.000	107.000	1.262	1.170	3.421	
6	2.000	1.000	61.000	893.000	630.324	632.469	633.494	8,8,	634.379,634.632,	nan	nan	8.000	636.505	-321.000	107.000	-428.000	214.000	1.161	1.026	2.842	
6	2.000	1.000	62.000	893.000	639.365	641.162	642.342	8,	642.559,	nan	nan	8.000	645.356	-321.000	214.000	-428.000	428.000	0.814	1.180	2.958	
6	2.000	1.000	63.000	893.000	648.332	650.993	652.698	8,	653.222,	nan	nan	8.000	655.710	-107.000	214.000	-214.000	321.000	1.677	1.706	3.994	
6	2.000	1.000	64.000	893.000	659.722	662.561	664.242	9,	664.367,	nan	nan	9.000	667.255	-107.000	428.000	-428.000	214.000	1.855	1.682	2.662	
6	2.000	1.000	65.000	893.000	669.935	672.534	673.434	9,9,8,8,	673.836,674.063,675.091,675.326,	nan	nan	8.000	676.444	-107.000	214.000	-428.000	428.000	1.614	0.900	2.167	
6	2.000	1.000	66.000	893.000	678.625	680.914	681.684	9,9,	682.465,682.682,	nan	nan	9.000	684.694	214.000	321.000	428.000	321.000	1.301	0.770	2.251	
6	2.000	1.000	67.000	893.000	686.958	688.852	690.543	8,	691.173,	nan	nan	8.000	693.554	-214.000	107.000	-428.000	321.000	0.905	1.691	3.582	
6	2.000	1.000	68.000	893.000	697.149	699.564	701.375	9,	701.805,	nan	nan	9.000	704.390	-107.000	321.000	-321.000	107.000	1.426	1.812	3.357	
6	2.000	1.000	69.000	893.000	707.760	710.483	711.359	8,9,9,	711.912,712.688,712.900,	nan	nan	9.000	714.369	-214.000	428.000	-428.000	321.000	1.735	0.876	3.267	
6	2.000	1.000	70.000	893.000	717.650	720.199	722.093	9,	722.574,	nan	nan	9.000	725.104	-214.000	428.000	-321.000	321.000	1.561	1.894	3.280	
6	2.000	1.000	71.000	893.000	728.398	730.792	731.653	8,8,	732.116,732.570,	9.000	734.665	8.000	734.665	-321.000	214.000	-107.000	428.000	1.407	0.862	2.309	
6	2.000	1.000	72.000	893.000	736.987	739.681	740.620	8,	740.949,	nan	nan	8.000	743.633	-428.000	214.000	-214.000	107.000	1.706	0.939	3.473	
6	2.000	1.000	73.000	893.000	747.125	749.061	749.807	9,9,	749.894,750.095,	nan	nan	9.000	752.820	-321.000	428.000	-428.000	321.000	0.953	0.746	3.897	
6	2.000	1.000	74.000	893.000	756.750	758.272	758.777	8,8,	760.315,760.664,	nan	nan	8.000	761.787	-428.000	214.000	-107.000	321.000	0.553	0.505	3.061	
6	2.000	1.000	75.000	893.000	764.866	767.537	768.417	8,	770.286,	nan	nan	8.000	771.428	-428.000	428.000	-214.000	214.000	1.686	0.881	3.376	
6	2.000	1.000	76.000	893.000	774.820	777.705	779.097	8,	779.476,	nan	nan	8.000	782.108	-321.000	214.000	-214.000	321.000	1.899	1.392	2.186	
6	2.000	1.000	77.000	893.000	784.309	786.221	787.570	8,8,	788.144,788.470,	nan	nan	8.000	790.581	-107.000	428.000	-321.000	214.000	0.924	1.349	2.418	
6	2.000	1.000	78.000	893.000	793.018	795.345	796.384	9,9,	796.951,797.233,	nan	nan	9.000	799.395	-214.000	107.000	-428.000	428.000	1.344	1.040	2.219	
6	2.000	1.000	79.000	893.000	801.632	804.133	804.672	9,	805.720,	nan	nan	9.000	807.682	-321.000	214.000	-107.000	214.000	1.518	0.539	3.614	
6	2.000	1.000	80.000	893.000	811.314	813.570	815.569	9,	815.992,	nan	nan	9.000	818.583	-214.000	321.000	-107.000	107.000	1.272	2.000	2.502	
6	2.000	1.000	81.000	893.000	821.103	823.624	825.469	9,	825.696,	nan	nan	9.000	828.484	-214.000	321.000	-107.000	214.000	1.537	1.846	3.042	
6	2.000	1.000	82.000	893.000	831.544	834.137	835.765	9,	835.973,	nan	nan	9.000	838.779	-321.000	321.000	-428.000	107.000	1.609	1.629	2.752	
6	2.000	1.000	83.000	893.000	841.548	843.766	845.674	9,	846.487,	nan	nan	9.000	848.686	-321.000	428.000	-428.000	107.000	1.233	1.908	2.360	
6	2.000	1.000	84.000	893.000	851.064	853.243	854.610	8,	854.852,	nan	nan	8.000	857.624	-107.000	107.000	-214.000	321.000	1.195	1.368	3.350	
6	2.000	1.000	85.000	893.000	860.993	863.045	863.656	8,8,8,	863.731,864.002,864.199,	nan	nan	8.000	866.666	-428.000	107.000	-214.000	321.000	1.069	0.611	3.910	
6	2.000	1.000	86.000	893.000	870.591	872.710	874.054	8,8,	874.251,874.385,	nan	nan	8.000	877.065	-428.000	321.000	-214.000	428.000	1.132	1.344	2.508	
6	2.000	1.000	87.000	893.000	879.588	881.234	883.229	8,	883.702,	nan	nan	8.000	886.242	-214.000	107.000	-107.000	214.000	0.659	1.995	2.514	
6	2.000	1.000	88.000	893.000	888.770	891.223	892.056	9,9,	892.570,892.803,	nan	nan	9.000	895.066	-107.000	321.000	-428.000	214.000	1.465	0.833	2.971	
6	2.000	1.000	89.000	893.000	898.056	900.461	902.426	8,	902.701,	nan	nan	8.000	905.441	-428.000	428.000	-321.000	321.000	1.421	1.966	2.740	
6	2.000	1.000	90.000	893.000	908.195	910.300	911.465	8,	911.747,	nan	nan	8.000	914.479	-107.000	214.000	-321.000	428.000	1.117	1.166	2.701	
6	2.000	1.000	91.000	893.000	917.198	920.095	921.304	9,	921.567,	nan	nan	9.000	924.317	-428.000	321.000	-107.000	107.000	1.913	1.209	2.437	
6	2.000	1.000	92.000	893.000	926.773	928.295	929.132	9,9,	929.761,930.031,	nan	nan	9.000	932.143	-321.000	-214.000	-107.000	-214.000	0.539	0.838	3.723	
6	2.000	1.000	93.000	893.000	935.885	937.725	938.244	8,8,	938.635,938.908,	nan	nan	8.000	941.255	-428.000	214.000	-214.000	428.000	0.857	0.519	3.981	
6	2.000	1.000	94.000	893.000	945.260	948.025	948.626	8,8,	948.906,949.281,	nan	nan	8.000	951.637	-321.000	107.000	-214.000	214.000	1.788	0.601	3.196	
6	2.000	1.000	95.000	893.000	954.851	957.825	958.711	8,8,	959.463,959.740,	nan	nan	8.000	961.722	-107.000	107.000	-321.000	214.000	1.990	0.886	3.916	
6	2.000	1.000	96.000	893.000	965.656	967.294	968.006	9,9,	968.181,968.394,	nan	nan	9.000	971.017	-321.000	321.000	-107.000	107.000	0.654	0.712	2.682	
6	2.000	1.000	97.000	893.000	973.717	975.630	976.521	9,9,	977.271,977.553,	nan	nan	9.000	979.531	-107.000	428.000	-428.000	321.000	0.929	0.891	3.955	
6	2.000	1.000	98.000	893.000	983.500	986.059	986.910	9,9,	987.191,987.451,	nan	nan	9.000	989.921	-321.000	428.000	-107.000	321.000	1.571	0.852	3.048	
6	2.000	1.000	99.000	893.000	992.984	995.320	996.823	8,	997.109,	nan	nan	8.000	999.837	-428.000	107.000	-214.000	214.000	1.349	1.503	4.000	
6	2.000	1.000	100.000	893.000	1003.852	1006.077	1007.160	8,8,	1007.426,1007.530,	nan	nan	8.000	1010.171	-107.000	107.000	-321.000	321.000	1.238	1.084	3.756	
6	2.000	1.000	101.000	893.000	1013.940	1016.137	1017.288	9,9,	1017.427,1017.603,	nan	nan	9.000	1020.299	-214.000	321.000	-428.000	214.000	1.209	1.151	3.543	
6	2.000	1.000	102.000	893.000	1023.856	1026.690	1027.884	9,9,	1027.977,1028.345,	nan	nan	9.000	1030.895	-214.000	428.000	-107.000	321.000	1.846	1.195	3.318	
6	2.000	1.000	103.000	893.000	1034.227	1036.087	1037.016	9,9,	1037.365,1037.466,	nan	nan	9.000	1040.026	-321.000	428.000	-107.000	214.000	0.871	0.929	3.601	
6	2.000	1.000	104.000	893.000	1043.646	1045.178	1046.401	8,8,	1046.704,1046.907,	nan	nan	8.000	1049.412	-428.000	214.000	-321.000	107.000	0.548	1.223	2.810	
6	2.000	1.000	105.000	893.000	1052.240	1054.361	1055.116	8,	1055.340,	nan	nan	8.000	1058.129	214.000	-107.000	321.000	-107.000	1.137	0.756	2.405	
6	2.000	1.000	106.000	893.000	1060.553	1062.176	1063.925	8,	1064.218,	nan	nan	8.000	1066.939	-428.000	321.000	-321.000	214.000	0.640	1.749	3.762	
6	2.000	1.000	107.000	893.000	1070.715	1072.622	1073.542	9,8,	1074.858,1075.415,	8.000	1076.553	8.000	1076.553	-321.000	107.000	-107.000	214.000	0.920	0.920	2.855	
6	2.000	1.000	108.000	893.000	1079.426	1081.749	1082.480	8,	1082.686,	nan	nan	8.000	1085.494	-428.000	107.000	-107.000	321.000	1.339	0.732	3.325	
6	2.000	1.000	109.000	893.000	1088.836	1090.928	1092.696	8,	1093.108,	nan	nan	8.000	1095.710	-321.000	107.000	-107.000	321.000	1.108	1.768	3.852	
6	2.000	1.000	110.000	893.000	1099.581	1101.947	1102.765	8,	1103.641,	nan	nan	8.000	1105.775	-107.000	321.000	-321.000	428.000	1.383	0.818	2.045	
6	2.000	1.000	111.000	893.000	1107.839	1109.515	1110.931	8,	1112.153,	nan	nan	8.000	1113.943	-428.000	428.000	-107.000	321.000	0.693	1.416	2.257	
6	2.000	1.000	112.000	893.000	1116.218	1117.876	1118.829	9,9,	1119.993,1120.469,	nan	nan	9.000	1121.839	-214.000	321.000	-321.000	214.000	0.674	0.953	3.608	
6	2.000	1.000	113.000	893.000	1125.465	1127.026	1128.133	9,9,	1128.347,1128.738,	nan	nan	9.000	1131.144	-321.000	428.000	-107.000	107.000	0.577	1.108	2.032	
6	2.000	1.000	114.000	893.000	1133.217	1135.146	1136.678	8,8,	1136.913,1137.099,	nan	nan	8.000	1139.689	-107.000	321.000	-214.000	107.000	0.968	1.532	3.125	
6	2.000	1.000	115.000	893.000	1142.832	1145.372	1146.296	8,	1146.381,	nan	nan	8.000	1149.310	-321.000	214.000	-214.000	428.000	1.556	0.924	2.431	
6	2.000	1.000	116.000	893.000	1151.755	1153.277	1153.935	9,9,	1154.198,1154.379,	nan	nan	9.000	1156.946	-321.000	428.000	-428.000	214.000	0.534	0.659	3.363	
6	2.000	1.000	117.000	893.000	1160.328	1162.154	1163.507	9,	1163.624,	nan	nan	9.000	1166.520	-214.000	321.000	-428.000	107.000	0.842	1.354	3.576	
6	2.000	1.000	118.000	893.000	1170.114	1172.553	1173.573	8,8,	1173.767,1173.971,	nan	nan	8.000	1176.584	214.000	428.000	321.000	428.000	1.455	1.021	3.023	
6	2.000	1.000	119.000	893.000	1179.624	1182.382	1183.991	8,8,	1184.249,1184.494,	nan	nan	8.000	1187.002	-428.000	107.000	-321.000	214.000	1.773	1.609	3.119	
6	2.000	1.000	120.000	893.000	1190.141	1192.274	1192.919	9,9,	1193.323,1193.572,	nan	nan	9.000	1195.930	-214.000	321.000	-428.000	428.000	1.151	0.645	3.241	
6	2.000	1.000	121.000	893.000	1199.189	1201.247	1203.020	8,	1204.022,	nan	nan	8.000	1206.031	-107.000	107.000	-428.000	321.000	1.074	1.773	2.920	
6	2.000	1.000	122.000	893.000	1208.968	1211.779	1212.977	8,8,	1212.999,1213.237,	nan	nan	8.000	1215.990	-107.000	107.000	-428.000	428.000	1.826	1.199	2.977	
6	2.000	1.000	123.000	893.000	1218.986	1221.728	1223.226	8,8,	1223.536,1223.698,	nan	nan	8.000	1226.238	-321.000	107.000	-214.000	321.000	1.759	1.498	3.183	
6	2.000	1.000	124.000	893.000	1229.439	1231.203	1232.276	9,	1232.514,	nan	nan	9.000	1235.290	-214.000	321.000	-321.000	428.000	0.780	1.074	3.891	
6	2.000	1.000	125.000	893.000	1239.200	1241.667	1242.981	9,	1244.782,	9.000	1245.992	9.000	1245.992	-428.000	214.000	-107.000	107.000	1.484	1.315	2.894	
6	2.000	1.000	126.000	893.000	1248.901	1251.280	1252.089	9,	1252.619,	nan	nan	9.000	1255.099	-321.000	428.000	-214.000	321.000	1.392	0.809	2.019	
6	2.000	1.000	127.000	893.000	1257.137	1258.847	1260.393	8,	1260.737,	nan	nan	8.000	1263.407	-428.000	107.000	-321.000	321.000	0.727	1.547	2.566	
6	2.000	1.000	128.000	893.000	1265.991	1267.919	1268.785	9,9,	1269.007,1269.225,	nan	nan	9.000	1271.796	-321.000	321.000	-214.000	107.000	0.944	0.867	2.823	
6	2.000	1.000	129.000	893.000	1274.638	1277.255	1278.535	8,8,	1278.811,1278.988,	nan	nan	8.000	1281.546	-107.000	321.000	-214.000	214.000	1.633	1.281	3.974	
6	2.000	1.000	130.000	893.000	1285.539	1287.481	1288.964	9,	1289.136,	nan	nan	9.000	1291.978	-321.000	428.000	-214.000	214.000	0.958	1.484	3.215	
6	2.000	1.000	131.000	893.000	1295.213	1297.072	1297.866	8,	1299.005,	nan	nan	8.000	1300.876	-321.000	107.000	-214.000	107.000	0.876	0.794	2.270	
6	2.000	1.000	132.000	893.000	1303.166	1304.885	1306.619	8,	1306.836,	nan	nan	8.000	1309.633	-107.000	214.000	-214.000	107.000	0.736	1.735	3.929	
6	2.000	1.000	133.000	893.000	1313.580	1316.183	1317.218	9,9,	1317.885,1318.165,	nan	nan	9.000	1320.228	-321.000	107.000	-428.000	428.000	1.619	1.035	3.408	
6	2.000	1.000	134.000	893.000	1323.698	1326.277	1327.804	9,	1328.080,	nan	nan	9.000	1330.817	-321.000	321.000	-214.000	214.000	1.638	1.527	3.145	
6	2.000	1.000	135.000	893.000	1333.981	1335.831	1337.681	8,	1337.751,	nan	nan	8.000	1340.695	-428.000	214.000	-107.000	428.000	0.867	1.850	3.170	
6	2.000	1.000	136.000	893.000	1343.883	1346.381	1347.541	9,9,	1347.767,1348.003,	nan	nan	9.000	1350.552	-321.000	321.000	-107.000	428.000	1.513	1.161	3.621	
6	2.000	1.000	137.000	893.000	1354.191	1356.890	1357.437	8,8,8,	1358.081,1358.364,1358.767,	nan	nan	8.000	1360.448	-321.000	107.000	-428.000	321.000	1.715	0.548	3.749	
6	2.000	1.000	138.000	893.000	1364.216	1366.490	1367.703	9,9,	1367.950,1368.043,	nan	nan	9.000	1370.714	-107.000	321.000	-321.000	214.000	1.291	1.214	2.707	
6	2.000	1.000	139.000	893.000	1373.440	1375.811	1376.479	8,8,	1376.685,1376.870,	nan	nan	8.000	1379.490	-428.000	107.000	-214.000	428.000	1.387	0.669	3.949	
6	2.000	1.000	140.000	893.000	1383.455	1385.230	1385.980	8,	1386.471,	nan	nan	8.000	1388.991	-321.000	107.000	-107.000	428.000	0.789	0.751	3.106	
6	2.000	1.000	141.000	893.000	1392.116	1393.894	1395.864	8,	1396.060,	nan	nan	8.000	1398.878	-107.000	107.000	-214.000	428.000	0.794	1.971	2.039	
6	2.000	1.000	142.000	893.000	1400.936	1403.716	1404.818	9,	1405.244,	nan	nan	9.000	1407.832	-428.000	321.000	-214.000	214.000	1.797	1.103	2.598	
6	2.000	1.000	143.000	893.000	1410.450	1412.520	1413.198	8,	1413.740,	nan	nan	8.000	1416.209	-214.000	214.000	-428.000	321.000	1.088	0.678	2.868	
6	2.000	1.000	144.000	893.000	1419.087	1420.912	1422.719	8,	1422.942,	nan	nan	8.000	1425.732	-321.000	-428.000	-214.000	-428.000	0.833	1.807	3.395	
6	2.000	1.000	145.000	893.000	1429.146	1431.566	1432.268	8,8,	1432.859,1433.192,	nan	nan	8.000	1435.278	-321.000	107.000	-214.000	428.000	1.436	0.703	2.141	
6	2.000	1.000	146.000	893.000	1437.432	1439.452	1441.163	9,	1442.386,	nan	nan	9.000	1444.174	-428.000	321.000	-107.000	428.000	1.031	1.711	3.730	
6	2.000	1.000	147.000	893.000	1447.923	1449.690	1450.692	9,9,	1451.008,1451.158,	nan	nan	9.000	1453.702	-214.000	214.000	-107.000	107.000	0.785	1.002	3.203	
6	2.000	1.000	148.000	893.000	1456.923	1459.637	1460.995	8,	1461.027,	nan	nan	8.000	1464.008	-428.000	107.000	-321.000	428.000	1.730	1.359	2.630	
6	2.000	1.000	149.000	893.000	1466.657	1468.961	1470.777	8,8,	1470.790,1471.106,	nan	nan	8.000	1473.791	-107.000	107.000	-321.000	428.000	1.320	1.817	3.820	
6	2.000	1.000	150.000	893.000	1477.630	1480.260	1481.990	9,	1482.252,	nan	nan	9.000	1485.004	-214.000	214.000	-321.000	107.000	1.648	1.730	3.505	
6	2.000	1.000	151.000	893.000	1488.527	1490.276	1491.552	8,8,	1491.693,1491.880,	nan	nan	8.000	1494.563	-428.000	107.000	-107.000	428.000	0.765	1.277	3.781	
6	2.000	1.000	152.000	893.000	1498.364	1500.064	1501.161	8,8,8,	1501.471,1501.685,1501.914,	nan	nan	8.000	1504.172	-107.000	214.000	-214.000	428.000	0.717	1.098	3.807	
6	2.000	1.000	153.000	893.000	1508.006	1509.819	1511.461	9,	1511.621,	nan	nan	9.000	1514.475	-321.000	321.000	-428.000	214.000	0.838	1.643	3.254	
6	2.000	1.000	154.000	893.000	1517.773	1519.347	1520.922	8,8,	1521.134,1521.299,	nan	nan	8.000	1523.933	-214.000	107.000	-321.000	428.000	0.616	1.576	3.968	
6	2.000	1.000	155.000	893.000	1527.927	1529.470	1531.451	9,9,	1531.473,1531.737,	nan	nan	9.000	1534.466	-428.000	321.000	-107.000	214.000	0.568	1.981	3.222	
6	2.000	1.000	156.000	893.000	1537.713	1539.310	1539.867	9,9,9,	1540.112,1540.259,1540.474,	nan	nan	9.000	1542.878	-214.000	321.000	-107.000	428.000	0.621	0.558	3.389	
6	2.000	2.000	157.000	893.000	36.290	38.648	40.021	9,9,	40.139,40.446,	nan	nan	9.000	43.036	321.000	-214.000	428.000	-214.000	1.359	1.373	2.277	
6	2.000	2.000	158.000	893.000	45.333	47.563	48.897	8,8,	49.080,49.348,	nan	nan	8.000	51.910	-214.000	214.000	-321.000	321.000	1.248	1.334	2.103	
6	2.000	2.000	159.000	893.000	54.033	55.902	56.473	9,8,8,	57.120,57.691,57.968,	9.000	59.486	8.000	59.486	-107.000	321.000	-428.000	107.000	0.886	0.572	2.637	
6	2.000	2.000	160.000	893.000	62.142	64.709	66.588	8,8,8,	66.603,66.819,67.068,	nan	nan	8.000	69.600	-428.000	321.000	-321.000	428.000	1.585	1.879	3.563	
6	2.000	2.000	161.000	893.000	73.190	76.159	77.305	9,9,9,	77.547,77.770,77.953,	nan	nan	9.000	80.317	-214.000	214.000	-428.000	107.000	1.995	1.146	2.862	
6	2.000	2.000	162.000	893.000	83.200	85.983	87.944	8,8,	88.079,88.269,	nan	nan	8.000	90.955	-107.000	321.000	-428.000	428.000	1.802	1.961	3.415	
6	2.000	2.000	163.000	893.000	94.409	96.393	97.833	8,8,8,8,	98.109,98.236,98.456,98.800,	nan	nan	8.000	100.844	-428.000	214.000	-321.000	321.000	1.021	1.441	2.579	
6	2.000	2.000	164.000	893.000	103.441	106.328	107.016	8,8,8,8,	107.485,107.786,107.999,108.258,	nan	nan	8.000	110.027	-214.000	214.000	-321.000	428.000	1.904	0.688	2.984	
6	2.000	2.000	165.000	893.000	113.037	115.231	117.207	9,9,	117.500,117.621,	nan	nan	9.000	120.218	-321.000	321.000	-428.000	428.000	1.219	1.976	2.527	
6	2.000	2.000	166.000	893.000	122.772	124.725	125.432	9,9,	125.760,126.328,	nan	nan	9.000	128.444	-107.000	214.000	-428.000	107.000	0.977	0.707	3.846	
6	2.000	2.000	167.000	893.000	132.316	134.780	136.640	9,9,	136.934,137.109,	nan	nan	9.000	139.651	-321.000	214.000	-428.000	107.000	1.489	1.860	3.736	
6	2.000	2.000	168.000	893.000	143.411	145.917	147.342	9,9,9,	147.455,147.621,147.847,	nan	nan	9.000	150.353	-107.000	428.000	-321.000	107.000	1.527	1.426	3.029	
6	2.000	2.000	169.000	893.000	153.409	155.699	156.421	8,8,	157.825,158.335,	nan	nan	8.000	159.431	-214.000	214.000	-107.000	321.000	1.315	0.722	2.643	
6	2.000	2.000	170.000	893.000	162.100	164.493	166.063	8,	166.303,	nan	nan	8.000	169.077	321.000	214.000	428.000	214.000	1.416	1.571	2.302	
6	2.000	2.000	171.000	893.000	171.405	173.392	174.798	9,	174.905,	nan	nan	9.000	177.811	-214.000	428.000	-107.000	214.000	1.011	1.407	3.447	
6	2.000	2.000	172.000	893.000	181.276	183.589	184.272	9,9,	184.485,184.670,	nan	nan	9.000	187.283	-214.000	428.000	-107.000	107.000	1.330	0.683	2.199	
6	2.000	2.000	173.000	893.000	189.501	191.259	192.820	8,	192.848,	nan	nan	8.000	195.834	-107.000	428.000	-214.000	321.000	0.775	1.561	3.743	
6	2.000	2.000	174.000	893.000	199.596	201.334	203.030	8,	203.874,	nan	nan	8.000	206.041	-107.000	214.000	-428.000	321.000	0.756	1.696	2.913	
6	2.000	2.000	175.000	893.000	208.981	211.430	212.996	8,8,	213.166,213.404,	nan	nan	8.000	216.007	-321.000	321.000	-214.000	428.000	1.474	1.566	2.148	
6	2.000	2.000	176.000	893.000	218.183	220.521	221.527	9,9,	221.739,221.988,	nan	nan	9.000	224.538	-321.000	428.000	-214.000	107.000	1.363	1.006	3.961	
6	2.000	2.000	177.000	893.000	228.526	231.077	233.024	8,9,9,	233.370,234.280,234.485,	nan	nan	9.000	236.035	-428.000	321.000	-321.000	107.000	1.576	1.947	3.453	
6	2.000	2.000	178.000	893.000	239.508	241.299	242.310	8,8,	242.435,242.625,	nan	nan	8.000	245.323	-214.000	107.000	-321.000	214.000	0.809	1.011	3.518	
6	2.000	2.000	179.000	893.000	248.867	250.859	252.747	9,9,	252.915,253.085,	nan	nan	9.000	255.759	-214.000	428.000	-321.000	107.000	1.016	1.889	3.087	
6	2.000	2.000	180.000	893.000	258.873	261.588	262.651	9,9,	262.818,263.035,	nan	nan	9.000	265.663	-214.000	428.000	-321.000	214.000	1.740	1.064	3.814	
6	2.000	2.000	181.000	893.000	269.538	271.702	273.084	9,9,	273.333,273.482,	nan	nan	9.000	276.095	-321.000	214.000	-214.000	107.000	1.223	1.383	2.907	
6	2.000	2.000	182.000	893.000	279.028	280.509	282.175	9,	282.595,	nan	nan	9.000	285.187	-107.000	428.000	-214.000	107.000	0.505	1.667	3.788	
6	2.000	2.000	183.000	893.000	288.991	291.079	292.659	9,	293.037,	nan	nan	9.000	295.671	-214.000	428.000	-107.000	428.000	1.103	1.580	3.248	
6	2.000	2.000	184.000	893.000	298.945	300.633	302.502	8,8,	302.699,302.869,	nan	nan	8.000	305.513	-428.000	214.000	-214.000	321.000	0.712	1.870	2.688	
6	2.000	2.000	185.000	893.000	308.228	310.866	312.267	9,	313.145,	nan	nan	9.000	315.279	-107.000	428.000	-428.000	107.000	1.662	1.402	2.051	
6	2.000	2.000	186.000	893.000	317.350	319.999	321.126	8,8,	321.203,321.454,	nan	nan	8.000	324.140	-107.000	214.000	-321.000	321.000	1.667	1.127	2.881	
6	2.000	2.000	187.000	893.000	327.048	329.854	331.376	8,8,	331.402,331.743,	nan	nan	8.000	334.390	-214.000	107.000	-321.000	321.000	1.831	1.523	2.932	
6	2.000	2.000	188.000	893.000	337.350	339.775	340.351	9,9,	340.585,340.711,	nan	nan	9.000	343.362	-214.000	428.000	-428.000	107.000	1.450	0.577	3.865	
6	2.000	2.000	189.000	893.000	347.254	350.166	350.863	9,9,	351.386,351.961,	nan	nan	9.000	353.874	-428.000	428.000	-107.000	214.000	1.937	0.698	2.804	
6	2.000	2.000	190.000	893.000	356.704	358.242	359.022	9,9,	359.480,359.766,	nan	nan	9.000	362.032	-428.000	428.000	-321.000	107.000	0.563	0.780	3.138	
6	2.000	2.000	191.000	893.000	365.217	367.169	368.605	9,	368.908,	nan	nan	9.000	371.619	-428.000	428.000	-107.000	107.000	0.997	1.436	3.987	
6	2.000	2.000	192.000	893.000	375.625	377.610	379.122	9,9,	379.284,379.463,	nan	nan	9.000	382.133	-321.000	321.000	-107.000	214.000	1.002	1.513	2.926	
6	2.000	2.000	193.000	893.000	385.078	388.023	390.008	9,9,	390.235,390.421,	nan	nan	9.000	393.020	-428.000	428.000	-214.000	107.000	1.961	1.986	2.212	
6	2.000	2.000	194.000	893.000	395.251	397.462	399.119	9,9,	399.370,399.472,	nan	nan	9.000	402.130	-107.000	428.000	-214.000	214.000	1.228	1.658	3.550	
6	2.000	2.000	195.000	893.000	405.702	408.494	409.133	9,9,	409.599,409.816,	nan	nan	9.000	412.144	-321.000	214.000	-107.000	107.000	1.812	0.640	3.460	
6	2.000	2.000	196.000	893.000	415.616	417.289	418.965	9,9,	419.087,419.260,	nan	nan	9.000	421.977	-214.000	-321.000	-107.000	-321.000	0.683	1.677	2.849	
6	2.000	2.000	197.000	893.000	424.852	427.692	428.944	9,9,	429.125,429.287,	nan	nan	9.000	431.956	-107.000	321.000	-321.000	107.000	1.865	1.252	2.900	
6	2.000	2.000	198.000	893.000	434.876	436.705	438.160	9,	439.534,	nan	nan	9.000	441.171	-428.000	214.000	-214.000	107.000	0.847	1.455	3.113	
6	2.000	2.000	199.000	893.000	444.303	446.500	447.481	9,9,	448.525,448.874,	nan	nan	9.000	450.492	-428.000	321.000	-214.000	107.000	1.214	0.982	2.296	
6	2.000	2.000	200.000	893.000	452.815	455.510	457.423	8,	457.705,	nan	nan	8.000	460.438	-107.000	107.000	-214.000	214.000	1.720	1.913	2.174	
6	2.000	2.000	201.000	893.000	462.631	464.196	465.665	9,9,	465.862,466.026,	nan	nan	9.000	468.676	-214.000	428.000	-428.000	214.000	0.582	1.469	3.344	
6	2.000	2.000	202.000	893.000	472.048	474.274	475.888	9,	476.061,	nan	nan	9.000	478.902	-214.000	107.000	-428.000	214.000	1.252	1.614	3.402	
6	2.000	2.000	203.000	893.000	482.323	483.907	484.537	8,8,8,	484.798,485.013,485.308,	nan	nan	8.000	487.548	-428.000	214.000	-107.000	321.000	0.601	0.630	2.592	
6	2.000	2.000	204.000	893.000	490.162	492.736	493.559	8,8,	493.848,494.029,	nan	nan	8.000	496.570	-321.000	214.000	-428.000	428.000	1.595	0.823	3.685	
6	2.000	2.000	205.000	893.000	500.269	503.136	504.108	9,9,	504.776,505.290,	nan	nan	9.000	507.119	-107.000	428.000	-321.000	214.000	1.879	0.973	2.412	
6	2.000	2.000	206.000	893.000	509.549	511.177	512.762	8,8,	513.013,513.172,	nan	nan	8.000	515.773	-107.000	321.000	-214.000	428.000	0.645	1.585	3.775	
6	2.000	2.000	207.000	893.000	519.568	521.995	523.754	8,	524.110,	nan	nan	8.000	526.767	-107.000	214.000	-321.000	107.000	1.445	1.759	3.093	
6	2.000	2.000	208.000	893.000	529.881	532.453	533.671	9,9,	534.129,534.484,	nan	nan	9.000	536.682	-214.000	214.000	-428.000	428.000	1.590	1.219	3.177	
6	2.000	2.000	209.000	893.000	539.879	542.489	543.486	8,	544.518,	nan	nan	8.000	546.496	214.000	-107.000	428.000	-107.000	1.629	0.997	3.100	
6	2.000	2.000	210.000	893.000	549.629	551.879	553.676	9,	553.916,	nan	nan	9.000	556.690	-214.000	321.000	-321.000	107.000	1.281	1.797	3.717	
6	2.000	2.000	211.000	893.000	560.427	562.951	563.600	8,8,	563.980,564.312,	nan	nan	8.000	566.611	-321.000	214.000	-107.000	321.000	1.542	0.650	3.569	
6	2.000	2.000	212.000	893.000	570.199	572.835	573.334	8,	573.864,	nan	nan	8.000	576.345	-321.000	214.000	-107.000	428.000	1.653	0.500	3.801	
6	2.000	2.000	213.000	893.000	580.173	581.817	583.691	9,	583.824,	nan	nan	9.000	586.702	-321.000	428.000	-428.000	321.000	0.669	1.875	2.469	
6	2.000	2.000	214.000	893.000	589.198	591.937	592.736	8,8,	594.226,594.681,	nan	nan	8.000	595.747	-107.000	428.000	-321.000	321.000	1.764	0.799	3.466	
6	2.000	2.000	215.000	893.000	599.241	601.969	603.419	9,9,	603.710,603.931,	nan	nan	9.000	606.429	-321.000	214.000	-428.000	321.000	1.754	1.450	2.791	
6	2.000	2.000	216.000	893.000	609.247	610.920	611.449	8,8,8,	611.725,612.095,612.482,	nan	nan	8.000	614.460	-214.000	107.000	-428.000	321.000	0.698	0.529	3.627	
6	2.000	2.000	217.000	893.000	618.114	620.655	622.341	8,8,	622.355,622.626,	nan	nan	8.000	625.355	-321.000	214.000	-214.000	321.000	1.566	1.686	2.772	
6	2.000	2.000	218.000	893.000	628.145	631.056	631.652	8,8,	631.985,632.170,	nan	nan	8.000	634.663	-428.000	428.000	-214.000	321.000	1.928	0.596	2.559	
6	2.000	2.000	219.000	893.000	637.249	638.734	640.555	9,	640.931,	nan	nan	9.000	643.566	-214.000	428.000	-428.000	321.000	0.510	1.822	3.235	
6	2.000	2.000	220.000	893.000	646.846	649.349	651.248	9,	652.633,	nan	nan	9.000	654.259	-107.000	428.000	-428.000	214.000	1.547	1.899	3.492	
6	2.000	2.000	221.000	893.000	657.781	660.627	661.932	8,	662.038,	nan	nan	8.000	664.945	-214.000	107.000	-107.000	321.000	1.875	1.305	3.711	
6	2.000	2.000	222.000	893.000	668.683	670.249	671.279	8,8,	671.366,671.544,	nan	nan	8.000	674.290	214.000	107.000	428.000	107.000	0.592	1.031	2.026	
6	2.000	2.000	223.000	893.000	676.344	679.029	679.991	8,8,	680.076,680.506,	nan	nan	8.000	683.002	-428.000	107.000	-107.000	214.000	1.711	0.963	3.331	
6	2.000	2.000	224.000	893.000	686.362	689.186	690.805	9,	691.063,	nan	nan	9.000	693.816	-107.000	107.000	-428.000	214.000	1.850	1.619	2.322	
6	2.000	2.000	225.000	893.000	696.156	699.116	700.652	8,	700.923,	nan	nan	8.000	703.667	-214.000	107.000	-107.000	428.000	1.976	1.537	3.190	
6	2.000	2.000	226.000	893.000	706.884	708.628	709.615	8,8,	709.693,709.911,	nan	nan	8.000	712.628	-107.000	214.000	-214.000	321.000	0.770	0.987	2.695	
6	2.000	2.000	227.000	893.000	715.350	717.143	718.694	9,9,	718.951,719.204,	nan	nan	9.000	721.705	-321.000	107.000	-428.000	214.000	0.818	1.551	3.666	
6	2.000	2.000	228.000	893.000	725.398	727.746	729.350	8,	729.603,	nan	nan	8.000	732.363	-428.000	428.000	-321.000	214.000	1.373	1.605	2.013	
6	2.000	2.000	229.000	893.000	734.403	736.317	737.453	9,8,8,	737.798,738.475,738.702,	nan	nan	8.000	740.464	-214.000	214.000	-107.000	428.000	0.939	1.137	3.370	
6	2.000	2.000	230.000	893.000	743.880	746.016	747.731	9,	747.807,	nan	nan	9.000	750.745	-428.000	428.000	-214.000	214.000	1.180	1.715	2.489	
6	2.000	2.000	231.000	893.000	753.260	755.439	756.870	8,8,	756.996,757.278,	nan	nan	8.000	759.882	-214.000	107.000	-428.000	428.000	1.204	1.431	3.633	
6	2.000	2.000	232.000	893.000	763.543	765.611	766.231	9,9,	766.475,766.973,	nan	nan	9.000	769.242	-214.000	428.000	-321.000	321.000	1.093	0.621	2.354	
6	2.000	2.000	233.000	893.000	771.622	773.623	774.639	8,	774.880,	nan	nan	8.000	777.653	-428.000	214.000	-321.000	428.000	1.026	1.016	2.161	
6	2.000	2.000	234.000	893.000	779.832	781.518	782.780	8,8,	783.012,783.145,	nan	nan	8.000	785.791	-107.000	214.000	-428.000	428.000	0.703	1.262	3.646	
6	2.000	2.000	235.000	893.000	789.465	791.735	793.566	9,	793.943,	nan	nan	9.000	796.577	-321.000	214.000	-107.000	214.000	1.296	1.831	3.672	
6	2.000	2.000	236.000	893.000	800.277	801.886	803.770	8,8,	803.878,804.100,	nan	nan	8.000	806.785	-107.000	107.000	-214.000	321.000	0.635	1.884	2.617	
6	2.000	2.000	237.000	893.000	809.421	811.589	812.885	8,8,	812.973,813.232,	nan	nan	8.000	815.895	-107.000	107.000	-321.000	321.000	1.185	1.296	3.698	
6	2.000	2.000	238.000	893.000	819.618	822.064	824.016	9,9,	824.059,824.308,	nan	nan	9.000	827.030	-428.000	321.000	-321.000	214.000	1.469	1.952	2.887	
6	2.000	2.000	239.000	893.000	829.944	832.422	833.708	9,	834.400,	nan	nan	9.000	836.719	-214.000	428.000	-107.000	321.000	1.503	1.286	2.585	
6	2.000	2.000	240.000	893.000	839.331	841.428	843.351	8,	843.363,	nan	nan	8.000	846.365	-428.000	107.000	-107.000	321.000	1.122	1.923	3.010	
6	2.000	2.000	241.000	893.000	849.395	850.963	852.302	8,8,	852.512,852.738,	nan	nan	8.000	855.313	-428.000	214.000	-214.000	428.000	0.587	1.339	2.444	
6	2.000	2.000	242.000	893.000	857.784	860.253	861.481	8,8,	861.671,861.832,	nan	nan	8.000	864.492	-428.000	107.000	-214.000	321.000	1.494	1.228	3.556	
6	2.000	2.000	243.000	893.000	868.068	870.891	872.654	9,8,8,	873.372,874.348,874.564,	9.000	875.665	8.000	875.665	-214.000	107.000	-107.000	214.000	1.841	1.764	2.624	
6	2.000	2.000	244.000	893.000	878.310	879.902	880.565	8,8,	880.889,881.135,	nan	nan	8.000	883.576	-107.000	321.000	-321.000	428.000	0.611	0.664	3.080	
6	2.000	2.000	245.000	893.000	886.683	888.255	888.798	8,8,	888.965,889.152,	nan	nan	8.000	891.809	-107.000	214.000	-321.000	428.000	0.596	0.543	2.347	
6	2.000	2.000	246.000	893.000	894.183	897.081	898.444	8,	898.740,	nan	nan	8.000	901.455	-428.000	107.000	-214.000	214.000	1.923	1.363	2.225	
6	2.000	2.000	247.000	893.000	903.707	905.535	907.467	9,	907.659,	nan	nan	9.000	910.481	-214.000	321.000	-428.000	107.000	0.852	1.932	2.830	
6	2.000	2.000	248.000	893.000	913.337	915.623	916.412	9,	917.084,	nan	nan	9.000	919.423	-321.000	-428.000	-107.000	-428.000	1.310	0.789	3.338	
6	2.000	2.000	249.000	893.000	922.788	925.314	926.050	9,9,	926.339,926.483,	nan	nan	9.000	929.061	-321.000	428.000	-107.000	214.000	1.551	0.736	2.727	
6	2.000	2.000	250.000	893.000	931.803	933.550	935.212	9,	935.515,	nan	nan	9.000	938.226	-321.000	428.000	-107.000	107.000	0.760	1.662	2.836	
6	2.000	2.000	251.000	893.000	941.090	942.622	944.376	9,	944.604,	nan	nan	9.000	947.388	-214.000	321.000	-107.000	214.000	0.558	1.754	2.990	
6	2.000	2.000	252.000	893.000	950.408	952.647	953.914	8,8,	954.057,954.357,	nan	nan	8.000	956.925	-428.000	321.000	-214.000	428.000	1.267	1.267	2.109	
6	2.000	2.000	253.000	893.000	959.054	960.783	962.257	9,	962.603,	nan	nan	9.000	965.271	-321.000	321.000	-428.000	107.000	0.746	1.474	2.238	
6	2.000	2.000	254.000	893.000	967.536	969.889	970.673	9,9,	970.940,971.106,	nan	nan	9.000	973.684	-107.000	321.000	-214.000	107.000	1.378	0.785	3.260	
6	2.000	2.000	255.000	893.000	976.971	978.861	979.467	8,8,	979.739,979.969,	nan	nan	8.000	982.478	-428.000	428.000	-107.000	321.000	0.915	0.606	2.759	
6	2.000	2.000	256.000	893.000	985.264	987.201	988.449	9,	989.342,	nan	nan	9.000	991.459	-428.000	214.000	-321.000	107.000	0.963	1.248	2.006	
6	2.000	2.000	257.000	893.000	993.485	996.376	997.840	9,9,	998.137,998.334,	nan	nan	9.000	1000.852	-107.000	321.000	-428.000	214.000	1.908	1.465	2.096	
6	2.000	2.000	258.000	893.000	1002.975	1005.810	1006.638	8,8,	1006.816,1007.029,	nan	nan	8.000	1009.648	-321.000	107.000	-107.000	321.000	1.860	0.828	2.746	
6	2.000	2.000	259.000	893.000	1012.413	1014.683	1015.264	nan	nan	nan	nan	nan	nan	-321.000	107.000	-107.000	214.000	1.286	0.582	2.283	
6	2.000	2.000	260.000	893.000	1020.590	1022.564	1024.154	9,	1024.335,	nan	nan	9.000	1027.168	-428.000	321.000	-107.000	107.000	0.992	1.590	3.479	
6	2.000	2.000	261.000	893.000	1030.666	1033.345	1035.263	8,	1036.121,	nan	nan	8.000	1038.274	214.000	-321.000	321.000	-321.000	1.696	1.918	2.264	
6	2.000	2.000	262.000	893.000	1040.557	1042.064	1043.919	9,	1044.006,	nan	nan	9.000	1046.933	-214.000	321.000	-321.000	214.000	0.524	1.855	3.923	
6	2.000	2.000	263.000	893.000	1050.877	1053.057	1054.897	9,	1055.274,	nan	nan	9.000	1057.908	-107.000	428.000	-428.000	321.000	1.199	1.841	2.965	
6	2.000	2.000	264.000	893.000	1060.893	1063.759	1065.392	9,9,	1065.607,1065.762,	nan	nan	9.000	1068.404	-214.000	321.000	-428.000	214.000	1.884	1.633	2.675	
6	2.000	2.000	265.000	893.000	1071.094	1073.223	1075.087	8,8,	1075.189,1075.427,	nan	nan	8.000	1078.099	-428.000	428.000	-321.000	321.000	1.141	1.865	3.595	
6	2.000	2.000	266.000	893.000	1081.709	1083.557	1084.071	9,9,9,9,9,9,9,	1084.190,1084.404,1084.605,1085.066,1085.474,1085.715,1085.977,	9.000	1087.082	9.000	1087.082	-321.000	428.000	-428.000	214.000	0.862	0.514	2.720	
6	2.000	2.000	267.000	893.000	1089.828	1092.303	1092.918	9,9,9,	1093.664,1093.946,1094.405,	nan	nan	9.000	1095.929	-321.000	428.000	-107.000	321.000	1.498	0.616	2.450	
6	2.000	2.000	268.000	893.000	1098.398	1101.381	1102.802	9,9,	1102.823,1103.040,	nan	nan	9.000	1105.816	-214.000	321.000	-107.000	107.000	2.000	1.421	2.077	
6	2.000	2.000	269.000	893.000	1107.913	1110.784	1112.509	8,	1112.734,	nan	nan	8.000	1115.524	-321.000	214.000	-214.000	428.000	1.889	1.725	2.289	
6	2.000	2.000	270.000	893.000	1117.833	1120.458	1122.000	8,	1122.165,	nan	nan	8.000	1125.013	-321.000	107.000	-214.000	214.000	1.643	1.542	2.058	
6	2.000	2.000	271.000	893.000	1127.092	1129.798	1131.291	9,	1131.657,	nan	nan	9.000	1134.305	-321.000	321.000	-107.000	107.000	1.725	1.494	2.064	
6	2.000	2.000	272.000	893.000	1136.392	1137.871	1138.380	9,9,	1138.592,1138.771,	nan	nan	9.000	1141.391	-321.000	428.000	-428.000	107.000	0.500	0.510	3.588	
6	2.000	2.000	273.000	893.000	1145.002	1147.586	1149.258	8,	1150.027,	nan	nan	8.000	1152.269	-107.000	107.000	-321.000	214.000	1.605	1.672	3.383	
6	2.000	2.000	274.000	893.000	1155.676	1157.226	1158.825	8,	1159.269,	nan	nan	8.000	1161.839	214.000	428.000	321.000	428.000	0.572	1.600	3.286	
6	2.000	2.000	275.000	893.000	1165.147	1166.859	1168.169	8,	1168.812,	nan	nan	8.000	1171.180	-107.000	321.000	-321.000	214.000	0.732	1.310	2.232	
6	2.000	2.000	276.000	893.000	1173.436	1175.782	1177.101	8,	1177.297,	nan	nan	8.000	1180.116	-428.000	107.000	-214.000	428.000	1.368	1.320	2.572	
6	2.000	2.000	277.000	893.000	1182.713	1185.434	1186.734	9,9,	1186.986,1187.123,	nan	nan	9.000	1189.746	-321.000	321.000	-428.000	214.000	1.744	1.301	3.640	
6	2.000	2.000	278.000	893.000	1193.411	1195.452	1196.400	8,8,	1196.414,1196.729,	nan	nan	8.000	1199.414	-321.000	107.000	-214.000	428.000	1.064	0.949	2.244	
6	2.000	2.000	279.000	893.000	1201.688	1204.554	1206.342	9,9,	1206.571,1206.773,	nan	nan	9.000	1209.353	-428.000	321.000	-107.000	214.000	1.894	1.788	3.158	
6	2.000	2.000	280.000	893.000	1212.531	1215.204	1216.649	8,8,	1216.761,1217.095,	nan	nan	8.000	1219.660	-107.000	321.000	-214.000	214.000	1.691	1.445	3.794	
6	2.000	2.000	281.000	893.000	1223.475	1225.279	1226.223	8,8,	1226.438,1226.625,	nan	nan	8.000	1229.234	-321.000	107.000	-107.000	428.000	0.823	0.944	3.074	
6	2.000	2.000	282.000	893.000	1232.324	1234.707	1236.104	9,9,	1236.292,1236.462,	nan	nan	9.000	1239.115	-321.000	428.000	-214.000	214.000	1.397	1.397	3.936	
6	2.000	2.000	283.000	893.000	1243.067	1244.962	1246.340	8,8,	1246.628,1246.766,	nan	nan	8.000	1249.351	-107.000	107.000	-428.000	321.000	0.910	1.378	2.392	
6	2.000	2.000	284.000	893.000	1251.763	1254.278	1255.366	8,	1255.920,	nan	nan	8.000	1258.377	-107.000	107.000	-321.000	428.000	1.532	1.088	3.164	
6	2.000	2.000	285.000	893.000	1261.556	1264.215	1265.327	8,8,	1265.478,1265.666,	nan	nan	8.000	1268.338	-428.000	321.000	-107.000	428.000	1.672	1.113	3.486	
6	2.000	2.000	286.000	893.000	1271.840	1273.455	1274.432	9,	1274.590,	nan	nan	9.000	1277.446	-321.000	321.000	-214.000	214.000	0.630	0.977	3.691	
6	2.000	2.000	287.000	893.000	1281.153	1283.797	1285.421	8,8,	1285.717,1285.995,	nan	nan	8.000	1288.432	-321.000	214.000	-214.000	214.000	1.658	1.624	2.778	
6	2.000	2.000	288.000	893.000	1291.230	1292.954	1293.670	8,	1294.027,	nan	nan	8.000	1296.684	-321.000	107.000	-428.000	321.000	0.741	0.717	3.305	
6	2.000	2.000	289.000	893.000	1300.029	1301.510	1302.782	8,8,8,	1303.075,1303.214,1303.561,	nan	nan	8.000	1305.793	-321.000	107.000	-428.000	428.000	0.519	1.272	2.084	
6	2.000	2.000	290.000	893.000	1307.897	1309.566	1311.368	8,	1311.573,	nan	nan	8.000	1314.382	-321.000	107.000	-214.000	321.000	0.688	1.802	3.537	
6	2.000	2.000	291.000	893.000	1317.940	1320.670	1321.787	9,	1322.163,	nan	nan	9.000	1324.799	-321.000	428.000	-214.000	321.000	1.749	1.117	2.180	
6	2.000	2.000	292.000	893.000	1326.999	1329.156	1331.059	9,	1331.275,	nan	nan	9.000	1334.073	-214.000	214.000	-321.000	107.000	1.175	1.904	2.122	
6	2.000	2.000	293.000	893.000	1336.215	1338.387	1339.060	9,9,	1339.314,1339.521,	nan	nan	9.000	1342.071	-214.000	321.000	-107.000	428.000	1.190	0.674	2.611	
6	2.000	2.000	294.000	893.000	1344.702	1346.565	1347.532	8,8,	1348.003,1348.176,	nan	nan	8.000	1350.543	-428.000	107.000	-321.000	214.000	0.881	0.968	2.495	
6	2.000	2.000	295.000	893.000	1353.059	1354.931	1356.173	8,	1356.581,	nan	nan	8.000	1359.185	-107.000	214.000	-214.000	107.000	0.891	1.243	2.714	
6	2.000	2.000	296.000	893.000	1361.919	1363.608	1364.783	9,	1364.850,	nan	nan	9.000	1367.797	-321.000	321.000	-107.000	428.000	0.707	1.175	3.434	
6	2.000	2.000	297.000	893.000	1371.252	1373.317	1374.159	8,9,9,	1374.224,1374.754,1374.952,	nan	nan	9.000	1377.170	-428.000	214.000	-107.000	107.000	1.084	0.842	2.765	
6	2.000	2.000	298.000	893.000	1379.963	1381.996	1382.563	8,8,8,	1382.655,1382.890,1383.099,	nan	nan	8.000	1385.574	-107.000	214.000	-214.000	428.000	1.059	0.568	2.669	
6	2.000	2.000	299.000	893.000	1388.263	1390.869	1391.725	8,8,	1392.029,1392.217,	nan	nan	8.000	1394.736	-214.000	107.000	-321.000	428.000	1.624	0.857	3.704	
6	2.000	2.000	300.000	893.000	1398.469	1400.343	1402.333	8,	1402.481,	nan	nan	8.000	1405.347	-321.000	-428.000	-214.000	-428.000	0.900	1.990	2.733	
6	2.000	2.000	301.000	893.000	1408.100	1411.029	1411.963	8,	1412.207,	nan	nan	8.000	1414.976	-428.000	107.000	-321.000	321.000	1.947	0.934	2.875	
6	2.000	2.000	302.000	893.000	1417.871	1419.898	1420.489	8,8,	1420.960,1421.369,	nan	nan	8.000	1423.500	-214.000	214.000	-428.000	321.000	1.045	0.592	2.945	
6	2.000	2.000	303.000	893.000	1426.465	1428.526	1429.218	8,8,	1429.591,1429.768,	nan	nan	8.000	1432.229	-107.000	107.000	-428.000	428.000	1.079	0.693	2.952	
6	2.000	2.000	304.000	893.000	1435.201	1437.691	1439.150	9,9,	1439.373,1439.724,	nan	nan	9.000	1442.161	-214.000	214.000	-107.000	107.000	1.508	1.460	2.386	
6	2.000	2.000	305.000	893.000	1444.568	1446.604	1447.745	9,	1448.025,	nan	nan	9.000	1450.759	-214.000	321.000	-428.000	428.000	1.055	1.141	2.997	
6	2.000	2.000	306.000	893.000	1453.776	1456.536	1457.768	9,9,	1458.054,1458.202,	nan	nan	9.000	1460.780	-428.000	321.000	-214.000	214.000	1.778	1.233	3.826	
6	2.000	2.000	307.000	893.000	1464.622	1467.020	1468.349	8,	1468.691,	nan	nan	8.000	1471.362	-428.000	214.000	-107.000	428.000	1.412	1.330	3.524	
6	2.000	2.000	308.000	893.000	1474.919	1476.432	1477.554	9,9,	1478.380,1478.611,	nan	nan	9.000	1480.565	-214.000	321.000	-321.000	428.000	0.543	1.122	2.457	
6	2.000	2.000	309.000	893.000	1483.037	1484.827	1485.785	8,8,8,	1485.929,1486.078,1486.400,	nan	nan	8.000	1488.796	-107.000	107.000	-214.000	428.000	0.804	0.958	2.482	
6	2.000	2.000	310.000	893.000	1491.295	1492.795	1494.433	8,	1494.606,	nan	nan	8.000	1497.447	-428.000	107.000	-107.000	428.000	0.514	1.638	2.193	
6	2.000	2.000	311.000	893.000	1499.656	1502.584	1503.575	9,9,9,	1503.727,1503.900,1504.141,	nan	nan	9.000	1506.587	-321.000	321.000	-214.000	107.000	1.942	0.992	3.904	
6	2.000	2.000	312.000	893.000	1510.507	1512.527	1513.818	8,	1514.090,	nan	nan	8.000	1516.831	-428.000	107.000	-321.000	428.000	1.035	1.291	2.373	
