subjID	session	Block	trialCount	earnings	Gam1Onset	Gam2Onset	FBOnset	KPs	RT	KPlate	RTlate	KP_Final	SLOnset	Gam1_1	Gam1_2	Gam2_1	Gam2_2	jit1	jit2	jit3	
7	2.000	1.000	1.000	1000.000	81.624	83.814	84.790	9,	85.623,	9.000	87.814	9.000	87.814	321.000	-107.000	428.000	-107.000	1.199	0.977	2.727	
7	2.000	1.000	2.000	1000.000	90.552	92.073	93.344	9,9,9,9,9,9,9,	93.643,93.781,93.990,94.200,94.407,94.614,94.806,	9.000	96.356	9.000	96.356	-107.000	214.000	-428.000	107.000	0.529	1.272	3.344	
7	2.000	1.000	3.000	1000.000	99.713	101.651	103.265	9,9,9,	103.538,103.963,104.785,	nan	nan	9.000	106.278	-321.000	428.000	-214.000	107.000	0.949	1.614	3.627	
7	2.000	1.000	4.000	1000.000	109.916	112.565	114.405	9,9,9,9,9,9,	114.594,114.742,114.932,115.120,115.359,115.835,	nan	nan	9.000	117.419	-107.000	428.000	-321.000	107.000	1.658	1.841	2.309	
7	2.000	1.000	5.000	1000.000	119.736	121.364	122.645	8,8,8,8,8,8,	122.877,123.051,123.253,123.505,123.770,124.113,	nan	nan	8.000	125.656	-428.000	321.000	-321.000	428.000	0.635	1.281	3.035	
7	2.000	1.000	6.000	1000.000	128.702	131.636	133.520	9,9,9,9,9,9,9,9,	133.729,133.876,134.050,134.218,134.409,134.619,134.854,135.057,	9.000	136.532	9.000	136.532	-428.000	428.000	-214.000	107.000	1.942	1.884	3.389	
7	2.000	1.000	7.000	1000.000	139.936	142.759	144.247	8,8,8,8,8,8,	144.476,144.694,144.905,145.150,145.428,145.852,	nan	nan	8.000	147.258	-321.000	321.000	-214.000	428.000	1.836	1.489	2.302	
7	2.000	1.000	8.000	1000.000	149.572	151.737	153.153	8,8,8,8,8,	153.515,153.852,154.060,154.393,155.126,	8.000	156.164	8.000	156.164	-214.000	214.000	-107.000	321.000	1.175	1.416	2.424	
7	2.000	1.000	9.000	1000.000	158.599	160.819	162.105	9,9,9,9,	162.224,162.435,163.018,163.354,	9.000	165.116	9.000	165.116	-214.000	428.000	-321.000	214.000	1.228	1.286	2.952	
7	2.000	1.000	10.000	1000.000	168.125	169.777	171.121	9,9,9,	171.234,171.422,171.652,	nan	nan	9.000	174.132	-107.000	428.000	-214.000	321.000	0.707	1.344	3.003	
7	2.000	1.000	11.000	1000.000	177.194	178.638	179.730	8,8,8,8,	180.160,180.356,180.600,180.883,	nan	nan	8.000	182.741	-428.000	428.000	-107.000	214.000	0.500	1.093	3.704	
7	2.000	1.000	12.000	1000.000	186.467	188.627	189.132	9,9,9,9,9,9,	189.857,190.099,190.311,190.536,190.765,191.027,	9.000	192.143	9.000	192.143	-214.000	214.000	-428.000	107.000	1.180	0.505	3.466	
7	2.000	1.000	13.000	1000.000	195.630	198.148	198.826	8,8,8,8,8,8,	199.564,199.774,199.980,200.180,200.432,200.678,	8.000	201.837	8.000	201.837	-321.000	214.000	-107.000	107.000	1.537	0.678	3.132	
7	2.000	1.000	14.000	1000.000	204.990	206.577	207.694	8,8,8,8,	208.473,208.695,208.934,209.463,	8.000	210.705	8.000	210.705	321.000	214.000	428.000	214.000	0.606	1.117	3.106	
7	2.000	1.000	15.000	1000.000	213.830	215.380	215.947	8,8,8,	217.025,217.445,217.931,	8.000	218.958	8.000	218.958	-321.000	321.000	-107.000	214.000	0.568	0.568	2.772	
7	2.000	1.000	16.000	1000.000	221.750	223.565	225.130	9,9,9,	225.436,225.600,225.895,	nan	nan	9.000	228.142	-321.000	214.000	-428.000	107.000	0.833	1.566	4.000	
7	2.000	1.000	17.000	1000.000	232.175	235.009	236.482	8,8,8,8,	236.803,236.978,237.219,237.580,	nan	nan	8.000	239.493	-428.000	214.000	-214.000	321.000	1.865	1.474	2.463	
7	2.000	1.000	18.000	1000.000	241.977	244.524	245.226	9,9,9,	245.303,245.551,245.820,	nan	nan	9.000	248.237	-107.000	321.000	-428.000	107.000	1.566	0.703	3.916	
7	2.000	1.000	19.000	1000.000	252.170	254.490	255.076	9,9,	256.317,256.518,	9.000	258.087	9.000	258.087	-321.000	214.000	-214.000	107.000	1.334	0.587	2.521	
7	2.000	1.000	20.000	1000.000	260.629	262.771	263.560	9,9,9,9,9,9,	263.837,264.016,264.274,264.514,264.795,265.034,	9.000	266.571	9.000	266.571	-107.000	428.000	-214.000	214.000	1.161	0.789	2.431	
7	2.000	1.000	21.000	1000.000	269.046	271.131	271.684	8,8,	273.070,273.427,	8.000	274.695	8.000	274.695	-214.000	107.000	-321.000	321.000	1.127	0.553	3.331	
7	2.000	1.000	22.000	1000.000	278.095	279.648	280.572	8,8,9,9,9,	281.279,281.870,282.031,282.253,282.562,	nan	nan	9.000	283.583	-107.000	321.000	-428.000	428.000	0.621	0.924	2.977	
7	2.000	1.000	23.000	1000.000	286.582	288.888	289.715	8,8,8,	290.436,290.758,291.008,	8.000	292.726	8.000	292.726	-428.000	428.000	-107.000	107.000	1.325	0.828	3.479	
7	2.000	1.000	24.000	1000.000	296.227	298.305	298.815	9,9,9,9,9,	298.980,299.127,299.334,299.598,300.174,	nan	nan	9.000	301.825	-107.000	428.000	-214.000	107.000	1.098	0.510	3.569	
7	2.000	1.000	25.000	1000.000	305.416	307.885	309.118	9,9,9,	309.422,309.559,309.762,	9.000	312.128	9.000	312.128	-428.000	428.000	-321.000	107.000	1.489	1.233	3.768	
7	2.000	1.000	26.000	1000.000	315.921	317.939	319.340	8,8,	319.825,320.021,	nan	nan	8.000	322.351	-321.000	321.000	-428.000	428.000	1.040	1.402	2.926	
7	2.000	1.000	27.000	1000.000	325.298	327.546	328.383	8,8,8,8,	329.468,329.680,329.895,330.176,	8.000	331.394	8.000	331.394	-214.000	214.000	-107.000	214.000	1.267	0.838	3.158	
7	2.000	1.000	28.000	1000.000	334.573	336.059	337.180	9,9,9,9,9,	337.482,337.638,337.893,338.171,338.448,	nan	nan	9.000	340.191	-214.000	428.000	-321.000	107.000	0.505	1.122	2.579	
7	2.000	1.000	29.000	1000.000	342.791	344.311	345.485	9,9,	345.653,346.081,	nan	nan	9.000	348.496	-107.000	214.000	-321.000	321.000	0.539	1.175	3.820	
7	2.000	1.000	30.000	1000.000	352.337	354.440	356.401	9,9,9,9,9,9,	356.478,356.706,356.899,357.109,357.354,357.917,	nan	nan	9.000	359.413	-214.000	428.000	-107.000	107.000	1.122	1.961	2.386	
7	2.000	1.000	31.000	1000.000	361.819	364.671	365.667	9,9,9,9,9,9,	366.050,366.346,366.680,366.938,367.229,367.557,	9.000	368.678	9.000	368.678	-214.000	428.000	-107.000	214.000	1.870	0.997	2.527	
7	2.000	1.000	32.000	1000.000	371.226	372.731	374.036	9,9,9,9,	374.660,374.891,375.133,375.468,	9.000	377.047	9.000	377.047	-214.000	214.000	-321.000	321.000	0.524	1.305	2.064	
7	2.000	1.000	33.000	1000.000	379.132	380.994	382.290	8,8,9,	383.334,383.559,384.295,	9.000	385.301	9.000	385.301	-428.000	321.000	-321.000	107.000	0.881	1.296	3.138	
7	2.000	1.000	34.000	1000.000	388.460	390.120	391.227	9,9,9,	392.295,392.537,392.764,	nan	nan	9.000	394.238	-214.000	214.000	-321.000	428.000	0.678	1.108	3.486	
7	2.000	1.000	35.000	1000.000	397.745	400.190	402.189	9,9,	402.445,402.611,	nan	nan	9.000	405.201	-107.000	428.000	-428.000	107.000	1.465	2.000	2.855	
7	2.000	1.000	36.000	1000.000	408.077	410.576	412.132	8,	412.636,	nan	nan	8.000	415.143	-428.000	214.000	-321.000	321.000	1.518	1.556	2.746	
7	2.000	1.000	37.000	1000.000	417.911	420.134	421.617	9,9,9,	422.104,422.339,422.535,	nan	nan	9.000	424.629	-107.000	214.000	-428.000	321.000	1.243	1.484	2.199	
7	2.000	1.000	38.000	1000.000	426.848	428.803	429.587	9,9,	429.623,429.879,	nan	nan	9.000	432.600	-214.000	428.000	-428.000	107.000	0.973	0.785	2.630	
7	2.000	1.000	39.000	1000.000	435.251	436.785	438.153	9,9,	438.482,438.698,	nan	nan	9.000	441.164	-214.000	107.000	-321.000	214.000	0.553	1.368	3.228	
7	2.000	1.000	40.000	1000.000	444.413	447.332	448.738	8,8,8,8,8,	449.046,449.181,449.427,449.657,450.147,	nan	nan	8.000	451.749	-214.000	-321.000	-107.000	-321.000	1.937	1.407	3.273	
7	2.000	1.000	41.000	1000.000	455.044	457.021	458.148	9,9,9,	458.348,458.558,458.853,	nan	nan	9.000	461.159	-214.000	107.000	-428.000	214.000	0.997	1.127	2.920	
7	2.000	1.000	42.000	1000.000	464.096	467.013	468.101	9,9,	468.449,468.665,	nan	nan	9.000	471.112	-107.000	428.000	-321.000	214.000	1.932	1.088	2.135	
7	2.000	1.000	43.000	1000.000	473.268	474.889	476.508	9,9,9,	476.801,476.977,477.312,	nan	nan	9.000	479.519	-107.000	428.000	-321.000	321.000	0.640	1.619	3.781	
7	2.000	1.000	44.000	1000.000	483.322	485.140	485.910	9,9,9,9,9,9,9,9,	486.145,486.342,486.604,486.855,487.088,487.323,487.530,487.737,	9.000	488.922	9.000	488.922	-214.000	428.000	-428.000	214.000	0.838	0.770	2.868	
7	2.000	1.000	45.000	1000.000	491.810	493.885	494.500	9,9,9,9,9,9,9,9,9,	494.774,494.898,495.086,495.280,495.477,495.712,496.007,496.247,496.471,	9.000	497.512	9.000	497.512	-107.000	107.000	-428.000	214.000	1.093	0.616	2.669	
7	2.000	1.000	46.000	1000.000	500.201	503.158	504.343	8,8,8,8,8,	504.682,504.819,505.020,505.223,505.433,	nan	nan	8.000	507.354	-214.000	107.000	-107.000	321.000	1.976	1.185	2.174	
7	2.000	1.000	47.000	1000.000	509.548	511.768	513.603	9,9,9,	514.134,514.365,514.555,	nan	nan	9.000	516.614	-214.000	214.000	-428.000	428.000	1.238	1.836	3.190	
7	2.000	1.000	48.000	1000.000	519.825	522.425	524.362	9,9,9,9,	524.405,524.606,524.852,525.077,	nan	nan	9.000	527.373	-107.000	428.000	-428.000	214.000	1.619	1.937	2.752	
7	2.000	1.000	49.000	1000.000	530.146	532.987	534.562	9,9,9,	534.804,535.037,535.282,	nan	nan	9.000	537.574	-214.000	321.000	-321.000	107.000	1.860	1.576	2.830	
7	2.000	1.000	50.000	1000.000	540.425	543.053	543.780	9,9,9,	544.653,544.875,545.377,	nan	nan	9.000	546.790	-107.000	321.000	-214.000	428.000	1.648	0.727	2.939	
7	2.000	1.000	51.000	1000.000	549.750	552.370	553.506	8,8,8,	553.725,553.896,554.211,	nan	nan	8.000	556.516	-428.000	428.000	-214.000	214.000	1.638	1.137	2.875	
7	2.000	1.000	52.000	1000.000	559.412	560.908	561.967	9,9,9,9,	562.478,562.738,562.966,563.224,	9.000	564.978	9.000	564.978	-214.000	428.000	-428.000	321.000	0.514	1.059	2.894	
7	2.000	1.000	53.000	1000.000	567.894	570.088	570.901	8,8,8,8,	571.251,571.473,571.709,572.130,	nan	nan	8.000	573.912	214.000	-214.000	428.000	-214.000	1.214	0.814	2.367	
7	2.000	1.000	54.000	1000.000	576.299	578.301	579.900	8,8,8,8,	579.946,580.178,580.356,580.636,	nan	nan	8.000	582.912	-321.000	214.000	-214.000	321.000	1.021	1.600	3.987	
7	2.000	1.000	55.000	1000.000	586.920	589.708	590.695	8,8,8,8,8,8,	591.095,591.300,591.536,591.758,592.024,592.399,	8.000	593.706	8.000	593.706	-107.000	107.000	-214.000	214.000	1.807	0.987	2.148	
7	2.000	1.000	56.000	1000.000	595.875	597.544	598.439	9,9,9,	598.482,598.893,599.187,	nan	nan	9.000	601.449	-107.000	321.000	-321.000	107.000	0.688	0.895	3.447	
7	2.000	1.000	57.000	1000.000	604.914	607.619	609.097	8,8,	609.342,609.493,	nan	nan	8.000	612.108	-428.000	428.000	-214.000	321.000	1.720	1.479	3.151	
7	2.000	1.000	58.000	1000.000	615.281	617.003	617.710	8,8,8,8,	618.117,618.365,618.752,619.142,	8.000	620.720	8.000	620.720	-428.000	107.000	-107.000	214.000	0.741	0.707	2.585	
7	2.000	1.000	59.000	1000.000	623.327	625.121	625.635	9,9,	626.411,626.784,	nan	nan	9.000	628.646	-107.000	214.000	-428.000	428.000	0.814	0.514	3.196	
7	2.000	1.000	60.000	1000.000	631.863	634.323	635.859	8,8,8,8,8,	636.078,636.280,636.511,637.018,637.354,	8.000	638.871	8.000	638.871	-428.000	214.000	-214.000	107.000	1.479	1.537	3.080	
7	2.000	1.000	61.000	1000.000	641.973	644.668	645.708	8,8,8,	646.003,646.838,647.489,	8.000	648.719	8.000	648.719	-428.000	214.000	-107.000	321.000	1.715	1.040	2.547	
7	2.000	1.000	62.000	1000.000	651.286	654.214	656.074	9,	656.316,	nan	nan	9.000	659.088	-321.000	107.000	-428.000	214.000	1.947	1.860	3.023	
7	2.000	1.000	63.000	1000.000	662.131	664.418	666.330	8,8,8,8,	666.428,666.581,666.816,667.225,	nan	nan	8.000	669.342	-321.000	214.000	-107.000	321.000	1.305	1.913	2.650	
7	2.000	1.000	64.000	1000.000	672.012	673.870	675.580	9,9,	675.651,675.897,	nan	nan	9.000	678.594	-321.000	428.000	-428.000	321.000	0.876	1.711	3.923	
7	2.000	1.000	65.000	1000.000	682.536	684.622	686.341	8,8,8,	686.511,686.670,686.871,	nan	nan	8.000	689.353	-428.000	214.000	-321.000	428.000	1.103	1.720	2.328	
7	2.000	1.000	66.000	1000.000	691.702	693.192	694.521	8,8,8,	694.779,695.040,695.246,	nan	nan	8.000	697.532	214.000	321.000	428.000	321.000	0.510	1.330	2.103	
7	2.000	1.000	67.000	1000.000	699.656	701.981	702.924	8,8,	703.477,703.778,	nan	nan	8.000	705.935	-214.000	107.000	-428.000	428.000	1.344	0.944	3.421	
7	2.000	1.000	68.000	1000.000	709.378	711.934	712.916	9,9,	713.635,713.978,	nan	nan	9.000	715.927	-107.000	214.000	-321.000	107.000	1.576	0.982	3.453	
7	2.000	1.000	69.000	1000.000	719.402	721.852	722.728	8,8,8,8,	722.766,723.002,723.187,723.398,	nan	nan	8.000	725.739	-321.000	214.000	-107.000	428.000	1.469	0.876	3.955	
7	2.000	1.000	70.000	1000.000	729.715	731.244	732.235	9,9,9,9,9,9,9,	732.512,732.704,732.930,733.165,733.389,733.588,733.802,	nan	nan	9.000	735.246	-214.000	428.000	-321.000	321.000	0.548	0.992	3.749	
7	2.000	1.000	71.000	1000.000	739.017	741.057	741.889	8,8,8,	742.972,743.143,743.331,	nan	nan	8.000	744.900	-428.000	321.000	-214.000	107.000	1.059	0.833	3.068	
7	2.000	1.000	72.000	1000.000	747.988	750.719	752.627	8,8,8,8,8,	752.677,752.857,753.045,753.247,753.637,	nan	nan	8.000	755.638	-107.000	214.000	-214.000	321.000	1.749	1.908	2.695	
7	2.000	1.000	73.000	1000.000	758.353	760.486	761.714	8,8,8,8,	762.251,762.429,762.620,762.847,	nan	nan	8.000	764.724	-321.000	214.000	-428.000	428.000	1.151	1.228	2.238	
7	2.000	1.000	74.000	1000.000	766.984	768.922	770.358	8,8,8,	770.458,770.612,770.830,	nan	nan	8.000	773.369	-214.000	214.000	-107.000	428.000	0.958	1.436	2.707	
7	2.000	1.000	75.000	1000.000	776.098	778.539	779.101	8,8,8,8,8,8,	779.393,779.531,779.750,779.978,780.254,780.853,	8.000	782.112	8.000	782.112	-214.000	107.000	-107.000	428.000	1.460	0.563	3.653	
7	2.000	1.000	76.000	1000.000	785.786	787.310	788.104	9,9,	788.801,790.002,	nan	nan	9.000	791.114	-321.000	214.000	-428.000	321.000	0.543	0.794	3.743	
7	2.000	1.000	77.000	1000.000	794.878	797.815	798.865	9,9,	799.241,799.490,	nan	nan	9.000	801.876	-428.000	428.000	-321.000	214.000	1.957	1.050	2.598	
7	2.000	1.000	78.000	1000.000	804.495	806.439	807.103	9,9,	807.963,808.398,	nan	nan	9.000	810.113	-214.000	107.000	-428.000	321.000	0.963	0.664	3.788	
7	2.000	1.000	79.000	1000.000	813.922	816.344	817.755	8,8,8,	818.066,818.305,818.661,	nan	nan	8.000	820.765	-321.000	321.000	-107.000	321.000	1.441	1.412	2.373	
7	2.000	1.000	80.000	1000.000	823.158	826.140	827.879	9,9,	828.024,828.397,	nan	nan	9.000	830.891	-321.000	428.000	-428.000	214.000	2.000	1.740	3.723	
7	2.000	1.000	81.000	1000.000	834.634	836.729	838.178	9,	838.406,	nan	nan	9.000	841.190	-214.000	321.000	-321.000	214.000	1.113	1.450	2.096	
7	2.000	1.000	82.000	1000.000	843.308	845.324	846.190	8,8,8,8,8,	846.625,846.863,847.118,847.331,847.539,	nan	nan	8.000	849.201	-321.000	214.000	-214.000	428.000	1.035	0.867	2.244	
7	2.000	1.000	83.000	1000.000	851.467	853.063	853.862	9,9,9,9,	854.587,855.244,855.505,855.752,	9.000	856.873	9.000	856.873	-214.000	428.000	-107.000	321.000	0.616	0.799	3.511	
7	2.000	1.000	84.000	1000.000	860.405	862.966	864.570	8,8,8,	865.039,865.510,865.803,	nan	nan	8.000	867.582	-321.000	428.000	-107.000	321.000	1.580	1.605	2.984	
7	2.000	1.000	85.000	1000.000	870.587	873.167	874.964	8,8,	875.203,875.339,	nan	nan	8.000	877.975	-428.000	321.000	-321.000	214.000	1.600	1.797	2.759	
7	2.000	1.000	86.000	1000.000	880.755	882.313	882.885	8,8,8,	883.434,883.637,883.856,	nan	nan	8.000	885.896	-428.000	428.000	-107.000	321.000	0.577	0.572	2.797	
7	2.000	1.000	87.000	1000.000	888.715	891.537	892.649	9,9,9,9,9,	892.989,893.153,893.324,893.635,893.896,	nan	nan	9.000	895.660	-107.000	321.000	-321.000	428.000	1.841	1.113	2.791	
7	2.000	1.000	88.000	1000.000	898.470	900.802	901.957	9,9,	902.181,902.607,	nan	nan	9.000	904.968	-214.000	321.000	-428.000	107.000	1.349	1.156	3.672	
7	2.000	1.000	89.000	1000.000	908.660	911.565	913.453	9,9,	913.738,913.914,	nan	nan	9.000	916.465	-107.000	321.000	-428.000	214.000	1.923	1.889	3.318	
7	2.000	1.000	90.000	1000.000	919.803	922.554	924.105	8,8,8,	924.130,924.375,924.533,	nan	nan	8.000	927.116	-214.000	107.000	-107.000	214.000	1.768	1.551	2.257	
7	2.000	1.000	91.000	1000.000	929.396	932.187	933.367	9,9,9,	933.515,933.718,934.004,	nan	nan	9.000	936.378	-214.000	321.000	-428.000	214.000	1.812	1.180	2.476	
7	2.000	1.000	92.000	1000.000	938.876	940.746	941.526	8,8,8,	941.804,942.020,942.697,	nan	nan	8.000	944.536	-321.000	-428.000	-107.000	-428.000	0.891	0.780	3.884	
7	2.000	1.000	93.000	1000.000	948.442	951.147	952.940	8,8,8,8,8,	953.113,953.296,953.607,954.010,954.282,	nan	nan	8.000	955.951	-428.000	321.000	-214.000	428.000	1.725	1.793	3.299	
7	2.000	1.000	94.000	1000.000	959.271	960.844	962.163	9,9,	962.734,962.953,	nan	nan	9.000	965.174	-321.000	428.000	-107.000	214.000	0.592	1.320	3.100	
7	2.000	1.000	95.000	1000.000	968.295	970.986	971.751	8,8,8,8,8,	972.718,972.989,973.225,973.479,973.695,	8.000	974.762	8.000	974.762	-428.000	214.000	-321.000	107.000	1.711	0.765	2.740	
7	2.000	1.000	96.000	1000.000	977.524	980.234	981.978	9,9,9,9,9,	982.161,982.303,982.480,982.645,983.055,	nan	nan	9.000	984.990	-107.000	428.000	-428.000	321.000	1.730	1.744	2.322	
7	2.000	1.000	97.000	1000.000	987.330	989.238	990.446	8,8,8,	990.731,990.917,991.137,	nan	nan	8.000	993.457	-428.000	428.000	-321.000	321.000	0.924	1.209	3.460	
7	2.000	1.000	98.000	1000.000	996.938	999.422	1000.307	8,8,8,8,8,8,	1000.498,1000.692,1000.909,1001.112,1001.362,1001.747,	nan	nan	8.000	1003.318	-428.000	214.000	-214.000	428.000	1.503	0.886	3.293	
7	2.000	1.000	99.000	1000.000	1006.632	1008.682	1010.064	8,8,	1010.369,1010.510,	nan	nan	8.000	1013.075	-107.000	107.000	-321.000	321.000	1.069	1.383	3.357	
7	2.000	1.000	100.000	1000.000	1016.458	1018.127	1019.350	8,8,8,	1019.569,1019.742,1019.965,	nan	nan	8.000	1022.361	-428.000	107.000	-214.000	321.000	0.693	1.223	3.383	
7	2.000	1.000	101.000	1000.000	1025.765	1028.031	1029.544	8,	1029.801,	nan	nan	8.000	1032.557	-107.000	214.000	-321.000	428.000	1.286	1.513	3.164	
7	2.000	1.000	102.000	1000.000	1035.744	1038.506	1039.141	9,9,9,	1039.779,1039.969,1040.213,	nan	nan	9.000	1042.152	-321.000	428.000	-107.000	107.000	1.783	0.635	3.775	
7	2.000	1.000	103.000	1000.000	1045.948	1048.895	1049.963	8,8,8,8,	1050.382,1050.651,1050.914,1051.221,	8.000	1052.974	8.000	1052.974	-321.000	107.000	-107.000	214.000	1.966	1.069	3.910	
7	2.000	1.000	104.000	1000.000	1056.904	1058.603	1059.339	8,8,8,	1059.545,1059.691,1060.175,	nan	nan	8.000	1062.350	-321.000	107.000	-107.000	321.000	0.717	0.736	2.109	
7	2.000	1.000	105.000	1000.000	1064.477	1066.882	1067.787	8,8,8,8,	1068.461,1068.662,1068.868,1069.341,	nan	nan	8.000	1070.798	214.000	-321.000	321.000	-321.000	1.421	0.905	2.958	
7	2.000	1.000	106.000	1000.000	1073.776	1076.299	1078.198	9,9,9,	1078.277,1078.499,1078.936,	nan	nan	9.000	1081.209	-107.000	321.000	-214.000	107.000	1.542	1.899	3.633	
7	2.000	1.000	107.000	1000.000	1084.865	1087.551	1088.769	8,8,	1089.031,1089.227,	nan	nan	8.000	1091.780	-107.000	107.000	-214.000	321.000	1.706	1.219	3.601	
7	2.000	1.000	108.000	1000.000	1095.404	1098.142	1100.122	8,8,	1100.389,1100.559,	nan	nan	8.000	1103.133	-428.000	107.000	-107.000	321.000	1.759	1.981	3.961	
7	2.000	1.000	109.000	1000.000	1107.117	1109.889	1111.252	8,8,8,	1111.296,1111.578,1111.863,	nan	nan	8.000	1114.264	-321.000	107.000	-214.000	214.000	1.793	1.363	2.154	
7	2.000	1.000	110.000	1000.000	1116.441	1118.195	1119.847	9,	1119.996,	nan	nan	9.000	1122.861	-321.000	321.000	-107.000	107.000	0.775	1.653	2.482	
7	2.000	1.000	111.000	1000.000	1125.366	1126.990	1128.483	8,8,8,	1128.787,1128.934,1129.248,	nan	nan	8.000	1131.494	-428.000	321.000	-107.000	107.000	0.645	1.494	2.283	
7	2.000	1.000	112.000	1000.000	1133.798	1136.677	1137.524	9,	1138.091,	nan	nan	9.000	1140.535	-214.000	321.000	-107.000	214.000	1.899	0.847	3.267	
7	2.000	1.000	113.000	1000.000	1143.825	1145.946	1147.752	8,8,8,	1147.970,1148.122,1148.424,	nan	nan	8.000	1150.763	-428.000	107.000	-214.000	214.000	1.141	1.807	3.678	
7	2.000	1.000	114.000	1000.000	1154.461	1156.117	1157.138	9,9,9,	1157.289,1157.441,1157.673,	nan	nan	9.000	1160.148	-321.000	321.000	-428.000	107.000	0.674	1.021	2.077	
7	2.000	1.000	115.000	1000.000	1162.247	1164.518	1166.060	9,9,9,	1166.307,1166.407,1166.672,	nan	nan	9.000	1169.071	-107.000	107.000	-321.000	214.000	1.291	1.542	3.588	
7	2.000	1.000	116.000	1000.000	1172.681	1175.314	1176.031	9,9,	1176.201,1176.436,	nan	nan	9.000	1179.041	-214.000	321.000	-107.000	107.000	1.653	0.717	3.621	
7	2.000	1.000	117.000	1000.000	1182.683	1185.211	1186.458	9,9,	1186.678,1186.800,	nan	nan	9.000	1189.469	-321.000	428.000	-428.000	107.000	1.547	1.248	3.730	
7	2.000	1.000	118.000	1000.000	1193.223	1195.516	1196.594	8,8,8,	1196.964,1197.159,1197.391,	nan	nan	8.000	1199.605	214.000	107.000	321.000	107.000	1.315	1.079	3.839	
7	2.000	1.000	119.000	1000.000	1203.466	1206.123	1207.399	9,9,	1207.795,1208.053,	nan	nan	9.000	1210.410	-321.000	321.000	-428.000	214.000	1.677	1.277	3.473	
7	2.000	1.000	120.000	1000.000	1213.905	1215.495	1217.012	8,8,8,	1217.300,1217.548,1218.559,	8.000	1220.023	8.000	1220.024	-428.000	107.000	-321.000	214.000	0.611	1.518	3.595	
7	2.000	1.000	121.000	1000.000	1223.640	1226.114	1228.099	9,9,	1228.259,1228.367,	nan	nan	9.000	1231.110	-107.000	107.000	-428.000	321.000	1.494	1.986	2.206	
7	2.000	1.000	122.000	1000.000	1233.336	1234.881	1235.819	9,	1236.017,	nan	nan	9.000	1238.832	-107.000	321.000	-321.000	214.000	0.563	0.939	2.129	
7	2.000	1.000	123.000	1000.000	1240.983	1242.815	1243.869	9,	1244.691,	nan	nan	9.000	1246.880	-214.000	321.000	-321.000	428.000	0.852	1.055	3.203	
7	2.000	1.000	124.000	1000.000	1250.105	1252.694	1254.443	8,8,8,8,8,8,8,	1254.482,1254.730,1254.883,1255.110,1255.350,1255.591,1255.813,	nan	nan	8.000	1257.454	-428.000	107.000	-107.000	428.000	1.609	1.749	3.048	
7	2.000	1.000	125.000	1000.000	1260.524	1262.521	1263.763	9,9,9,9,	1264.058,1264.197,1264.375,1264.575,	nan	nan	9.000	1266.774	-321.000	321.000	-214.000	214.000	1.016	1.243	3.125	
7	2.000	1.000	126.000	1000.000	1269.921	1272.048	1273.396	8,8,8,	1273.605,1273.816,1274.069,	nan	nan	8.000	1276.407	-321.000	321.000	-107.000	428.000	1.146	1.349	3.177	
7	2.000	1.000	127.000	1000.000	1279.607	1282.432	1282.931	8,8,8,	1283.207,1283.309,1283.529,	nan	nan	8.000	1285.942	-321.000	107.000	-107.000	428.000	1.846	0.500	2.270	
7	2.000	1.000	128.000	1000.000	1288.233	1290.987	1291.738	9,9,	1292.248,1292.501,	9.000	1294.748	9.000	1294.748	-107.000	214.000	-214.000	107.000	1.773	0.751	3.061	
7	2.000	1.000	129.000	1000.000	1297.832	1300.643	1301.417	8,8,8,8,	1302.049,1302.255,1302.469,1302.841,	8.000	1304.428	8.000	1304.428	-321.000	107.000	-428.000	428.000	1.831	0.775	2.013	
7	2.000	1.000	130.000	1000.000	1306.463	1308.469	1309.682	9,	1309.704,	nan	nan	9.000	1312.696	-321.000	428.000	-214.000	214.000	1.026	1.214	3.016	
7	2.000	1.000	131.000	1000.000	1315.735	1317.373	1319.368	8,8,8,8,8,8,8,	1319.562,1319.664,1319.831,1320.011,1320.222,1320.438,1320.887,	nan	nan	8.000	1322.380	-321.000	107.000	-214.000	107.000	0.659	1.995	2.084	
7	2.000	1.000	132.000	1000.000	1324.486	1326.327	1328.196	8,8,8,8,	1328.414,1328.521,1328.731,1329.025,	nan	nan	8.000	1331.208	-107.000	107.000	-214.000	428.000	0.862	1.870	3.209	
7	2.000	1.000	133.000	1000.000	1334.439	1336.073	1337.542	8,8,8,8,8,	1337.804,1337.967,1338.178,1338.362,1338.601,	nan	nan	8.000	1340.554	-428.000	107.000	-321.000	428.000	0.654	1.469	3.762	
7	2.000	1.000	134.000	1000.000	1344.338	1346.696	1347.721	8,8,8,8,8,	1347.867,1348.032,1348.251,1348.459,1348.754,	nan	nan	8.000	1350.732	-428.000	107.000	-321.000	321.000	1.378	1.026	3.582	
7	2.000	1.000	135.000	1000.000	1354.343	1357.224	1357.864	8,8,	1358.401,1358.639,	nan	nan	8.000	1360.874	-107.000	107.000	-321.000	428.000	1.908	0.640	2.116	
7	2.000	1.000	136.000	1000.000	1363.052	1365.080	1365.951	8,8,8,	1366.221,1366.389,1366.632,	nan	nan	8.000	1368.962	-428.000	321.000	-107.000	428.000	1.088	0.871	3.254	
7	2.000	1.000	137.000	1000.000	1372.239	1374.403	1375.255	9,9,	1375.421,1375.716,	nan	nan	9.000	1378.266	-214.000	214.000	-107.000	107.000	1.185	0.852	3.974	
7	2.000	1.000	138.000	1000.000	1382.262	1384.813	1385.524	8,8,8,	1385.755,1385.957,1386.224,	nan	nan	8.000	1388.535	-428.000	321.000	-214.000	214.000	1.571	0.712	2.540	
7	2.000	1.000	139.000	1000.000	1391.096	1392.896	1393.579	9,9,	1394.099,1394.464,	nan	nan	9.000	1396.589	-321.000	321.000	-214.000	107.000	0.818	0.683	2.785	
7	2.000	1.000	140.000	1000.000	1399.396	1401.455	1402.258	8,8,8,8,8,	1402.482,1402.653,1402.931,1403.293,1404.017,	nan	nan	8.000	1405.269	-428.000	214.000	-107.000	428.000	1.079	0.804	3.981	
7	2.000	1.000	141.000	1000.000	1409.273	1411.307	1412.563	9,9,9,9,	1412.682,1413.472,1413.792,1414.545,	nan	nan	9.000	1415.574	-214.000	214.000	-428.000	321.000	1.055	1.257	3.550	
7	2.000	1.000	142.000	1000.000	1419.146	1421.060	1422.953	8,8,8,	1423.186,1423.348,1423.598,	nan	nan	8.000	1425.964	-321.000	107.000	-428.000	321.000	0.934	1.894	2.836	
7	2.000	1.000	143.000	1000.000	1428.823	1430.428	1431.955	8,8,8,	1432.180,1432.288,1432.542,	nan	nan	8.000	1434.966	-428.000	214.000	-107.000	107.000	0.625	1.527	3.055	
7	2.000	1.000	144.000	1000.000	1438.084	1440.024	1440.649	8,8,8,	1440.873,1441.010,1442.097,	nan	nan	8.000	1443.660	-321.000	-428.000	-214.000	-428.000	1.002	0.625	2.553	
7	2.000	1.000	145.000	1000.000	1446.234	1448.622	1449.912	9,	1449.947,	nan	nan	9.000	1452.926	-321.000	428.000	-214.000	321.000	1.407	1.291	2.051	
7	2.000	1.000	146.000	1000.000	1455.000	1457.868	1459.603	8,8,8,8,	1459.662,1459.862,1460.064,1460.301,	nan	nan	8.000	1462.614	-321.000	107.000	-214.000	321.000	1.889	1.735	2.720	
7	2.000	1.000	147.000	1000.000	1465.357	1467.864	1468.561	9,9,	1468.820,1469.033,	nan	nan	9.000	1471.572	-214.000	321.000	-428.000	428.000	1.527	0.698	3.113	
7	2.000	1.000	148.000	1000.000	1474.706	1476.668	1477.250	9,9,9,9,	1477.695,1477.896,1478.095,1478.348,	nan	nan	9.000	1480.261	-107.000	321.000	-214.000	214.000	0.982	0.582	2.900	
7	2.000	1.000	149.000	1000.000	1483.184	1485.483	1487.184	8,8,8,	1487.631,1487.799,1488.018,	nan	nan	8.000	1490.195	-428.000	321.000	-107.000	214.000	1.320	1.701	3.492	
7	2.000	1.000	150.000	1000.000	1493.715	1495.513	1497.015	8,8,8,	1497.213,1497.428,1497.638,	nan	nan	8.000	1500.026	-107.000	107.000	-428.000	428.000	0.823	1.503	2.039	
7	2.000	1.000	151.000	1000.000	1502.086	1504.479	1506.203	8,8,	1506.367,1506.541,	nan	nan	8.000	1509.214	-107.000	214.000	-214.000	428.000	1.412	1.725	2.817	
7	2.000	1.000	152.000	1000.000	1512.052	1514.435	1515.750	8,8,8,	1515.922,1516.052,1516.232,	nan	nan	8.000	1518.761	-321.000	107.000	-214.000	428.000	1.402	1.315	3.865	
7	2.000	1.000	153.000	1000.000	1522.647	1524.383	1526.137	8,8,	1526.228,1526.421,	nan	nan	8.000	1529.151	-214.000	321.000	-107.000	428.000	0.756	1.754	3.543	
7	2.000	1.000	154.000	1000.000	1532.716	1534.703	1536.041	8,8,8,8,8,	1536.178,1536.316,1536.769,1537.013,1537.263,	8.000	1539.053	8.000	1539.053	-214.000	107.000	-321.000	428.000	1.006	1.339	2.887	
7	2.000	1.000	155.000	1000.000	1541.962	1544.165	1544.699	8,8,8,8,8,8,8,	1544.928,1545.103,1545.322,1545.541,1545.853,1546.160,1546.470,	nan	nan	8.000	1547.710	-428.000	107.000	-214.000	428.000	1.223	0.534	3.370	
7	2.000	1.000	156.000	1000.000	1551.101	1553.001	1553.810	9,9,9,9,9,	1554.566,1554.773,1555.034,1555.200,1555.416,	nan	nan	9.000	1556.820	-214.000	214.000	-321.000	107.000	0.920	0.809	3.859	
7	2.000	2.000	157.000	1000.000	43.646	45.560	46.981	8,8,8,8,	47.242,47.362,47.597,48.211,	nan	nan	8.000	49.996	321.000	-107.000	428.000	-107.000	0.915	1.421	3.994	
7	2.000	2.000	158.000	1000.000	54.014	55.753	57.704	8,8,	57.937,58.074,	nan	nan	8.000	60.717	-428.000	428.000	-107.000	107.000	0.760	1.952	2.180	
7	2.000	2.000	159.000	1000.000	62.920	65.871	67.644	8,8,8,	67.680,67.942,68.296,	nan	nan	8.000	70.655	-321.000	321.000	-107.000	214.000	1.971	1.773	3.145	
7	2.000	2.000	160.000	1000.000	73.822	75.321	77.244	8,8,	77.440,77.533,	nan	nan	8.000	80.256	-428.000	428.000	-107.000	214.000	0.519	1.923	2.444	
7	2.000	2.000	161.000	1000.000	82.723	85.528	87.185	9,9,9,9,	87.340,87.482,87.822,88.199,	nan	nan	9.000	90.197	-321.000	214.000	-428.000	107.000	1.826	1.658	2.913	
7	2.000	2.000	162.000	1000.000	93.133	95.779	97.460	8,8,8,	97.724,97.833,98.018,	nan	nan	8.000	100.471	-428.000	321.000	-321.000	107.000	1.667	1.682	3.717	
7	2.000	2.000	163.000	1000.000	104.213	105.960	107.507	9,9,9,9,9,9,9,	107.744,107.746,108.149,108.330,108.524,108.831,109.141,	9.000	110.518	9.000	110.518	-428.000	428.000	-214.000	107.000	0.770	1.547	2.990	
7	2.000	2.000	164.000	1000.000	113.532	116.312	117.478	9,9,	117.635,117.794,	nan	nan	9.000	120.488	-107.000	321.000	-428.000	428.000	1.802	1.166	2.090	
7	2.000	2.000	165.000	1000.000	122.604	124.799	126.770	9,	126.919,	nan	nan	9.000	129.784	-107.000	428.000	-428.000	107.000	1.219	1.971	2.778	
7	2.000	2.000	166.000	1000.000	132.587	135.014	136.392	9,9,	136.626,136.768,	nan	nan	9.000	139.403	-107.000	428.000	-321.000	107.000	1.450	1.378	3.408	
7	2.000	2.000	167.000	1000.000	142.835	145.558	147.340	9,9,9,	147.456,147.660,148.512,	nan	nan	9.000	150.352	-107.000	428.000	-214.000	107.000	1.744	1.783	2.212	
7	2.000	2.000	168.000	1000.000	152.587	155.354	156.996	9,	157.213,	nan	nan	9.000	160.010	-107.000	428.000	-214.000	321.000	1.788	1.643	3.428	
7	2.000	2.000	169.000	1000.000	163.461	165.837	167.282	8,8,	167.508,167.634,	nan	nan	8.000	170.293	-214.000	214.000	-107.000	321.000	1.397	1.445	2.662	
7	2.000	2.000	170.000	1000.000	172.975	175.755	176.361	8,8,8,8,	176.570,176.798,177.283,177.605,	nan	nan	8.000	179.371	321.000	214.000	428.000	214.000	1.797	0.606	3.736	
7	2.000	2.000	171.000	1000.000	183.131	185.888	187.091	8,8,	187.331,187.842,	nan	nan	8.000	190.103	-321.000	214.000	-107.000	107.000	1.778	1.204	2.418	
7	2.000	2.000	172.000	1000.000	192.544	195.127	195.858	9,9,	196.316,196.555,	nan	nan	9.000	198.870	-214.000	214.000	-428.000	107.000	1.605	0.732	3.659	
7	2.000	2.000	173.000	1000.000	202.551	204.339	205.929	8,8,8,	206.261,206.459,206.674,	nan	nan	8.000	208.940	-214.000	107.000	-321.000	321.000	0.809	1.590	3.794	
7	2.000	2.000	174.000	1000.000	212.764	215.640	216.781	9,	216.949,	nan	nan	9.000	219.794	-107.000	214.000	-321.000	321.000	1.904	1.141	3.576	
7	2.000	2.000	175.000	1000.000	223.393	225.735	226.934	9,9,	227.178,227.373,	nan	nan	9.000	229.945	-107.000	321.000	-428.000	107.000	1.363	1.199	3.434	
7	2.000	2.000	176.000	1000.000	233.402	235.146	236.678	8,8,	236.844,238.680,	nan	nan	8.000	239.689	-214.000	214.000	-321.000	428.000	0.765	1.532	2.058	
7	2.000	2.000	177.000	1000.000	241.810	244.011	245.832	9,	246.056,	nan	nan	9.000	248.847	-214.000	428.000	-107.000	107.000	1.262	1.822	2.849	
7	2.000	2.000	178.000	1000.000	251.719	253.675	255.525	8,8,	255.569,255.893,	nan	nan	8.000	258.537	-428.000	321.000	-321.000	428.000	0.977	1.850	2.334	
7	2.000	2.000	179.000	1000.000	260.897	262.619	263.625	8,8,	264.255,264.488,	nan	nan	8.000	266.636	-321.000	214.000	-214.000	107.000	0.746	1.006	3.904	
7	2.000	2.000	180.000	1000.000	270.563	272.842	273.443	9,9,9,9,	273.859,274.129,274.754,275.108,	9.000	276.454	9.000	276.454	-107.000	428.000	-214.000	214.000	1.301	0.601	3.235	
7	2.000	2.000	181.000	1000.000	279.713	281.591	283.494	8,8,	283.672,283.846,	nan	nan	8.000	286.506	-321.000	321.000	-214.000	428.000	0.900	1.904	3.042	
7	2.000	2.000	182.000	1000.000	289.571	292.024	292.934	9,9,9,9,9,9,9,	293.124,293.273,293.460,293.633,293.829,294.020,294.379,	nan	nan	9.000	295.945	-214.000	428.000	-321.000	214.000	1.474	0.910	2.392	
7	2.000	2.000	183.000	1000.000	298.362	301.330	302.360	8,8,8,	302.644,302.830,303.126,	nan	nan	8.000	305.371	-214.000	107.000	-107.000	107.000	1.990	1.031	2.559	
7	2.000	2.000	184.000	1000.000	307.954	310.788	311.891	9,9,9,	312.138,312.198,312.380,	nan	nan	9.000	314.902	-214.000	428.000	-321.000	107.000	1.855	1.103	3.563	
7	2.000	2.000	185.000	1000.000	318.530	320.719	321.889	9,9,9,	322.193,322.324,322.678,	nan	nan	9.000	324.900	-214.000	214.000	-321.000	321.000	1.252	1.170	2.251	
7	2.000	2.000	186.000	1000.000	327.172	329.140	331.115	9,9,	331.298,331.579,	nan	nan	9.000	334.127	-214.000	107.000	-321.000	214.000	0.987	1.976	2.823	
7	2.000	2.000	187.000	1000.000	336.972	338.862	340.471	9,9,9,	340.566,340.771,341.087,	nan	nan	9.000	343.482	-107.000	214.000	-428.000	321.000	0.910	1.609	2.932	
7	2.000	2.000	188.000	1000.000	346.437	348.524	350.451	9,9,	350.736,351.124,	nan	nan	9.000	353.463	-321.000	428.000	-214.000	107.000	1.108	1.928	2.315	
7	2.000	2.000	189.000	1000.000	355.805	358.061	359.193	8,8,	359.736,359.991,	nan	nan	8.000	362.204	-321.000	321.000	-428.000	428.000	1.281	1.132	2.688	
7	2.000	2.000	190.000	1000.000	364.915	366.683	368.123	8,8,8,	368.142,368.349,368.613,	nan	nan	8.000	371.134	-428.000	214.000	-214.000	321.000	0.789	1.441	2.907	
7	2.000	2.000	191.000	1000.000	374.065	375.644	376.660	8,	377.037,	nan	nan	8.000	379.674	-428.000	214.000	-321.000	321.000	0.601	1.016	3.968	
7	2.000	2.000	192.000	1000.000	383.666	385.429	386.623	9,9,9,	387.485,387.691,387.867,	nan	nan	9.000	389.634	-107.000	214.000	-428.000	107.000	0.785	1.195	2.232	
7	2.000	2.000	193.000	1000.000	391.888	393.517	395.179	9,9,9,9,9,9,	395.375,395.565,395.760,395.927,396.165,396.393,	nan	nan	9.000	398.190	-214.000	428.000	-107.000	214.000	0.650	1.662	3.608	
7	2.000	2.000	194.000	1000.000	401.821	403.768	404.851	9,	405.021,	nan	nan	9.000	407.864	-428.000	428.000	-321.000	107.000	0.968	1.084	3.852	
7	2.000	2.000	195.000	1000.000	411.740	413.855	414.736	9,9,	414.747,415.058,	nan	nan	9.000	417.750	-214.000	428.000	-428.000	107.000	1.137	0.881	3.691	
7	2.000	2.000	196.000	1000.000	421.464	424.356	426.023	8,8,8,8,8,8,8,	426.246,426.460,426.670,426.876,427.088,427.390,427.665,	8.000	429.034	8.000	429.034	-214.000	-428.000	-107.000	-428.000	1.913	1.667	3.215	
7	2.000	2.000	197.000	1000.000	432.274	434.765	436.065	8,8,8,8,	436.204,436.374,436.580,437.392,	nan	nan	8.000	439.076	-214.000	107.000	-107.000	321.000	1.513	1.301	3.093	
7	2.000	2.000	198.000	1000.000	442.192	444.066	445.424	8,8,8,	445.522,445.699,445.933,	nan	nan	8.000	448.436	-428.000	214.000	-107.000	321.000	0.895	1.359	3.010	
7	2.000	2.000	199.000	1000.000	451.468	454.332	456.162	8,8,	456.455,456.575,	nan	nan	8.000	459.174	-214.000	107.000	-428.000	428.000	1.884	1.831	3.402	
7	2.000	2.000	200.000	1000.000	462.599	464.936	465.460	9,9,9,9,9,	465.534,465.758,466.012,466.252,466.508,	nan	nan	9.000	468.471	-107.000	321.000	-321.000	107.000	1.359	0.524	3.248	
7	2.000	2.000	201.000	1000.000	471.787	474.219	475.909	8,8,8,8,8,8,	476.135,476.215,476.400,476.632,476.829,477.072,	nan	nan	8.000	478.921	-321.000	214.000	-214.000	321.000	1.498	1.691	3.524	
7	2.000	2.000	202.000	1000.000	482.469	485.037	485.995	9,9,	486.303,486.528,	nan	nan	9.000	489.006	-107.000	214.000	-321.000	107.000	1.590	0.958	2.997	
7	2.000	2.000	203.000	1000.000	492.027	494.281	496.040	8,8,	496.060,496.535,	nan	nan	8.000	499.051	-107.000	321.000	-214.000	428.000	1.277	1.759	3.826	
7	2.000	2.000	204.000	1000.000	502.902	504.737	506.683	8,8,	506.808,506.942,	nan	nan	8.000	509.695	-107.000	214.000	-214.000	321.000	0.857	1.947	2.624	
7	2.000	2.000	205.000	1000.000	512.341	515.272	516.206	9,9,9,9,9,9,9,	516.640,516.952,517.176,517.359,517.547,517.802,518.076,	nan	nan	9.000	519.216	-428.000	428.000	-321.000	214.000	1.952	0.934	3.286	
7	2.000	2.000	206.000	1000.000	522.526	525.119	526.752	9,9,9,	526.912,527.046,527.239,	nan	nan	9.000	529.763	-214.000	428.000	-428.000	214.000	1.614	1.633	2.167	
7	2.000	2.000	207.000	1000.000	531.953	534.575	536.030	9,9,	536.281,536.412,	nan	nan	9.000	539.041	-107.000	107.000	-428.000	214.000	1.643	1.455	2.450	
7	2.000	2.000	208.000	1000.000	541.515	543.920	545.625	8,8,	545.791,545.920,	nan	nan	8.000	548.636	-428.000	428.000	-214.000	321.000	1.426	1.706	3.936	
7	2.000	2.000	209.000	1000.000	552.585	555.308	556.406	9,9,9,9,9,9,	556.980,557.152,557.338,557.519,557.719,557.933,	8.000	559.417	9.000	559.417	214.000	-321.000	428.000	-321.000	1.735	1.098	2.508	
7	2.000	2.000	210.000	1000.000	561.949	564.667	566.382	9,9,9,9,9,	566.651,566.712,566.891,567.069,567.257,	nan	nan	9.000	569.394	-214.000	428.000	-321.000	321.000	1.740	1.715	3.222	
7	2.000	2.000	211.000	1000.000	572.639	574.682	575.210	8,8,8,	575.584,575.787,575.976,	nan	nan	8.000	578.221	-214.000	214.000	-107.000	428.000	1.064	0.529	2.804	
7	2.000	2.000	212.000	1000.000	581.049	582.830	584.656	9,9,	584.906,585.066,	nan	nan	9.000	587.668	-214.000	321.000	-321.000	107.000	0.804	1.826	3.756	
7	2.000	2.000	213.000	1000.000	591.452	593.910	594.920	9,9,9,9,9,	595.172,595.348,595.526,595.708,595.915,	nan	nan	9.000	597.932	-107.000	428.000	-428.000	214.000	1.484	1.011	2.399	
7	2.000	2.000	214.000	1000.000	600.343	602.499	603.563	8,8,8,	603.720,603.866,604.047,	nan	nan	8.000	606.574	-321.000	214.000	-107.000	428.000	1.166	1.064	2.765	
7	2.000	2.000	215.000	1000.000	609.363	611.965	612.918	9,9,9,9,	613.223,613.400,613.607,613.868,	nan	nan	9.000	615.929	-107.000	428.000	-321.000	321.000	1.624	0.953	3.698	
7	2.000	2.000	216.000	1000.000	619.651	621.495	623.172	9,9,9,	623.460,623.606,623.829,	nan	nan	9.000	626.183	-321.000	214.000	-428.000	321.000	0.867	1.677	3.666	
7	2.000	2.000	217.000	1000.000	629.871	632.532	633.919	8,8,8,	634.153,634.313,634.508,	nan	nan	8.000	636.931	-428.000	214.000	-321.000	428.000	1.682	1.387	2.605	
7	2.000	2.000	218.000	1000.000	639.558	641.317	642.670	9,9,9,9,9,9,9,	642.918,643.122,643.333,643.540,643.751,643.955,644.160,	nan	nan	9.000	645.681	-214.000	107.000	-428.000	214.000	0.780	1.354	2.534	
7	2.000	2.000	219.000	1000.000	648.237	649.939	651.577	8,8,8,8,	651.810,651.900,652.071,652.259,	nan	nan	8.000	654.588	-428.000	107.000	-107.000	214.000	0.722	1.638	3.325	
7	2.000	2.000	220.000	1000.000	657.935	660.809	661.482	9,9,9,	661.970,662.220,662.417,	nan	nan	9.000	664.493	-321.000	107.000	-428.000	214.000	1.894	0.674	2.045	
7	2.000	2.000	221.000	1000.000	666.560	668.368	669.055	8,8,8,8,8,8,8,	669.729,669.925,670.147,670.345,670.541,670.742,670.946,	8.000	672.067	8.000	672.067	-428.000	214.000	-214.000	107.000	0.828	0.688	2.862	
7	2.000	2.000	222.000	1000.000	674.955	677.202	678.594	8,8,	678.767,678.959,	nan	nan	8.000	681.606	214.000	321.000	428.000	321.000	1.272	1.392	3.807	
7	2.000	2.000	223.000	1000.000	685.440	687.831	688.577	8,8,8,8,8,8,8,	688.788,688.952,689.164,689.399,689.699,690.002,690.282,	8.000	691.587	8.000	691.587	-214.000	107.000	-107.000	428.000	1.416	0.746	2.489	
7	2.000	2.000	224.000	1000.000	694.100	696.895	697.549	8,8,8,8,	697.910,698.078,698.285,698.500,	nan	nan	8.000	700.559	-321.000	214.000	-428.000	428.000	1.817	0.654	2.682	
7	2.000	2.000	225.000	1000.000	703.266	704.979	706.241	9,9,9,9,	706.270,706.519,706.712,706.994,	nan	nan	9.000	709.252	-214.000	428.000	-428.000	321.000	0.736	1.262	3.280	
7	2.000	2.000	226.000	1000.000	712.557	715.495	717.003	9,9,9,9,	717.114,717.313,717.556,717.773,	nan	nan	9.000	720.015	-107.000	214.000	-428.000	428.000	1.961	1.508	3.395	
7	2.000	2.000	227.000	1000.000	723.434	725.780	727.351	8,8,	727.816,728.262,	nan	nan	8.000	730.362	-107.000	107.000	-214.000	214.000	1.368	1.571	3.312	
7	2.000	2.000	228.000	1000.000	733.698	735.870	737.638	8,8,	737.881,738.027,	nan	nan	8.000	740.649	-214.000	214.000	-428.000	428.000	1.195	1.768	2.514	
7	2.000	2.000	229.000	1000.000	743.190	745.621	747.268	9,9,9,	747.489,747.569,747.768,	nan	nan	9.000	750.280	-214.000	107.000	-428.000	321.000	1.455	1.648	2.161	
7	2.000	2.000	230.000	1000.000	752.466	755.105	756.728	9,	756.951,	nan	nan	9.000	759.740	-321.000	428.000	-428.000	321.000	1.662	1.624	2.379	
7	2.000	2.000	231.000	1000.000	762.184	764.065	764.786	9,9,	765.381,765.625,	nan	nan	9.000	767.797	-428.000	428.000	-214.000	214.000	0.944	0.722	2.675	
7	2.000	2.000	232.000	1000.000	770.495	772.804	773.622	8,8,8,	773.773,774.018,775.598,	nan	nan	8.000	776.633	-428.000	321.000	-214.000	107.000	1.330	0.818	2.193	
7	2.000	2.000	233.000	1000.000	778.848	780.998	781.888	8,8,8,8,8,8,	782.304,782.511,782.741,783.180,783.496,783.715,	8.000	784.900	8.000	784.900	-321.000	214.000	-107.000	321.000	1.170	0.891	3.814	
7	2.000	2.000	234.000	1000.000	788.737	790.442	792.316	9,9,9,9,	792.335,792.538,792.736,793.196,	nan	nan	9.000	795.327	-107.000	428.000	-321.000	214.000	0.727	1.875	3.685	
7	2.000	2.000	235.000	1000.000	799.036	800.717	801.983	8,8,8,	802.132,802.280,802.480,	nan	nan	8.000	804.994	-321.000	428.000	-107.000	428.000	0.703	1.267	3.518	
7	2.000	2.000	236.000	1000.000	808.539	810.771	812.727	8,8,8,	812.752,813.053,813.209,	8.000	815.739	8.000	815.739	-321.000	107.000	-107.000	321.000	1.257	1.957	3.119	
7	2.000	2.000	237.000	1000.000	818.880	821.213	821.771	8,8,	822.744,823.208,	nan	nan	8.000	824.782	-428.000	428.000	-321.000	321.000	1.354	0.558	3.891	
7	2.000	2.000	238.000	1000.000	828.700	831.602	833.404	9,9,9,9,	833.730,834.176,834.746,835.002,	9.000	836.415	9.000	836.415	-321.000	428.000	-428.000	107.000	1.928	1.802	2.842	
7	2.000	2.000	239.000	1000.000	839.281	841.189	842.335	8,8,8,8,8,	842.520,842.657,842.885,843.091,843.317,	8.000	845.346	8.000	845.346	-428.000	107.000	-214.000	214.000	0.929	1.146	2.733	
7	2.000	2.000	240.000	1000.000	848.103	850.237	850.929	9,9,	851.240,851.494,	nan	nan	9.000	853.940	-214.000	321.000	-428.000	107.000	1.156	0.693	2.971	
7	2.000	2.000	241.000	1000.000	856.936	858.707	860.697	9,9,9,	860.918,860.992,861.199,	nan	nan	9.000	863.710	-107.000	321.000	-428.000	214.000	0.794	1.990	3.498	
7	2.000	2.000	242.000	1000.000	867.232	869.843	870.791	8,8,8,8,8,	871.556,871.769,871.958,872.151,872.400,	8.000	873.802	8.000	873.802	-428.000	214.000	-321.000	107.000	1.633	0.949	3.846	
7	2.000	2.000	243.000	1000.000	877.674	879.222	880.084	8,8,8,8,8,8,8,	880.336,880.504,880.720,881.133,881.356,881.572,881.763,	8.000	883.095	8.000	883.095	-321.000	214.000	-214.000	428.000	0.572	0.862	2.495	
7	2.000	2.000	244.000	1000.000	885.619	887.222	888.223	9,	888.587,	nan	nan	9.000	891.237	-107.000	107.000	-321.000	321.000	0.630	1.002	2.457	
7	2.000	2.000	245.000	1000.000	893.721	896.088	897.050	8,8,	897.369,897.721,	nan	nan	8.000	900.061	-428.000	321.000	-107.000	107.000	1.392	0.963	3.305	
7	2.000	2.000	246.000	1000.000	903.395	905.901	907.225	8,8,8,	907.379,907.549,907.765,	nan	nan	8.000	910.236	-428.000	107.000	-214.000	321.000	1.532	1.325	3.376	
7	2.000	2.000	247.000	1000.000	913.638	915.568	917.239	8,8,	917.551,917.931,	nan	nan	8.000	920.251	-428.000	214.000	-214.000	428.000	0.953	1.672	2.810	
7	2.000	2.000	248.000	1000.000	923.090	925.649	926.549	8,8,8,8,8,8,8,8,	926.904,927.216,927.460,927.694,927.920,928.131,928.347,928.551,	8.000	929.559	8.000	929.560	-321.000	-214.000	-107.000	-214.000	1.585	0.900	2.360	
7	2.000	2.000	249.000	1000.000	931.943	934.005	934.924	9,9,	935.194,935.420,	nan	nan	9.000	937.936	-321.000	428.000	-107.000	107.000	1.084	0.920	3.801	
7	2.000	2.000	250.000	1000.000	941.760	944.049	944.804	8,8,	944.952,945.148,	nan	nan	8.000	947.815	-321.000	107.000	-214.000	214.000	1.310	0.756	3.241	
7	2.000	2.000	251.000	1000.000	951.081	953.108	953.646	9,9,9,	953.980,954.224,954.472,	nan	nan	9.000	956.657	-214.000	321.000	-107.000	214.000	1.050	0.539	2.714	
7	2.000	2.000	252.000	1000.000	959.397	962.195	963.591	8,8,8,	963.911,964.123,964.654,	nan	nan	8.000	966.602	-321.000	428.000	-107.000	321.000	1.822	1.397	3.441	
7	2.000	2.000	253.000	1000.000	970.067	972.384	973.004	8,8,	973.019,973.279,	nan	nan	8.000	976.015	-428.000	321.000	-214.000	428.000	1.339	0.621	3.878	
7	2.000	2.000	254.000	1000.000	979.917	982.278	983.515	8,8,8,8,8,	983.536,983.935,984.147,984.383,984.868,	nan	nan	8.000	986.526	-428.000	107.000	-107.000	321.000	1.383	1.238	2.592	
7	2.000	2.000	255.000	1000.000	989.141	991.005	992.079	9,9,9,9,9,9,9,9,	992.321,992.420,992.636,992.819,993.011,993.185,993.440,993.999,	nan	nan	9.000	995.090	-214.000	321.000	-321.000	214.000	0.886	1.074	2.405	
7	2.000	2.000	256.000	1000.000	997.518	1000.198	1001.112	8,8,8,	1001.634,1001.845,1002.072,	nan	nan	8.000	1004.123	-428.000	321.000	-321.000	214.000	1.701	0.915	3.074	
7	2.000	2.000	257.000	1000.000	1007.222	1008.950	1010.381	8,8,	1010.540,1010.751,	nan	nan	8.000	1013.391	-321.000	428.000	-107.000	214.000	0.751	1.431	2.637	
7	2.000	2.000	258.000	1000.000	1016.052	1017.829	1018.348	9,9,9,9,	1018.846,1019.078,1019.276,1019.522,	nan	nan	9.000	1021.359	-321.000	428.000	-428.000	214.000	0.799	0.519	2.032	
7	2.000	2.000	259.000	1000.000	1023.415	1025.954	1027.741	9,9,9,	1027.815,1028.030,1028.208,	nan	nan	9.000	1030.753	-321.000	321.000	-107.000	107.000	1.561	1.788	2.006	
7	2.000	2.000	260.000	1000.000	1032.783	1034.430	1035.007	9,9,9,9,	1035.295,1035.414,1035.613,1035.860,	nan	nan	9.000	1038.017	-107.000	321.000	-214.000	107.000	0.669	0.577	2.617	
7	2.000	2.000	261.000	1000.000	1040.659	1043.391	1044.319	8,8,	1044.500,1044.687,	nan	nan	8.000	1047.331	214.000	-214.000	321.000	-214.000	1.754	0.929	2.502	
7	2.000	2.000	262.000	1000.000	1049.856	1051.952	1053.512	9,9,	1053.565,1053.777,	nan	nan	9.000	1056.524	-214.000	321.000	-107.000	107.000	1.117	1.561	3.949	
7	2.000	2.000	263.000	1000.000	1060.499	1063.349	1065.079	9,9,	1065.176,1065.403,	nan	nan	9.000	1068.093	-107.000	107.000	-321.000	214.000	1.875	1.730	2.354	
7	2.000	2.000	264.000	1000.000	1070.474	1073.429	1074.402	8,	1074.575,	nan	nan	8.000	1077.415	-107.000	214.000	-321.000	428.000	1.981	0.973	3.415	
7	2.000	2.000	265.000	1000.000	1080.858	1082.515	1084.394	8,8,	1084.442,1084.646,	nan	nan	8.000	1087.406	-428.000	428.000	-107.000	321.000	0.683	1.879	2.412	
7	2.000	2.000	266.000	1000.000	1089.845	1091.662	1093.627	9,9,9,9,	1093.923,1093.982,1094.164,1094.345,	nan	nan	9.000	1096.639	-107.000	428.000	-428.000	321.000	0.842	1.966	3.087	
7	2.000	2.000	267.000	1000.000	1099.754	1102.357	1103.507	8,8,	1103.746,1104.058,	nan	nan	8.000	1106.519	-107.000	107.000	-214.000	321.000	1.629	1.151	2.611	
7	2.000	2.000	268.000	1000.000	1109.157	1110.728	1111.551	8,8,8,	1111.827,1111.983,1112.205,	nan	nan	8.000	1114.561	-214.000	107.000	-107.000	214.000	0.596	0.823	3.929	
7	2.000	2.000	269.000	1000.000	1118.514	1120.726	1122.306	9,9,9,	1122.354,1122.755,1122.994,	nan	nan	9.000	1125.317	-321.000	321.000	-428.000	107.000	1.233	1.580	3.646	
7	2.000	2.000	270.000	1000.000	1128.991	1130.523	1131.857	9,9,9,	1133.061,1133.291,1133.525,	nan	nan	9.000	1134.869	-214.000	428.000	-107.000	321.000	0.558	1.334	2.186	
7	2.000	2.000	271.000	1000.000	1137.079	1139.908	1141.671	9,9,	1141.695,1142.031,	nan	nan	9.000	1144.683	-107.000	321.000	-321.000	428.000	1.850	1.764	3.338	
7	2.000	2.000	272.000	1000.000	1148.048	1150.212	1151.638	9,9,9,9,9,9,9,9,	1151.824,1151.940,1152.108,1152.350,1152.696,1152.948,1153.199,1153.545,	9.000	1154.649	9.000	1154.649	-214.000	321.000	-428.000	214.000	1.190	1.426	2.643	
7	2.000	2.000	273.000	1000.000	1157.321	1158.958	1159.627	8,8,8,	1159.972,1160.190,1160.471,	nan	nan	8.000	1162.638	-321.000	107.000	-107.000	214.000	0.664	0.669	2.566	
7	2.000	2.000	274.000	1000.000	1165.230	1166.739	1168.657	8,8,	1168.896,1169.039,	nan	nan	8.000	1171.669	214.000	107.000	321.000	107.000	0.534	1.918	3.183	
7	2.000	2.000	275.000	1000.000	1174.876	1177.290	1178.450	8,8,	1178.731,1179.010,	nan	nan	8.000	1181.461	-428.000	107.000	-321.000	214.000	1.436	1.161	2.019	
7	2.000	2.000	276.000	1000.000	1183.505	1185.556	1187.243	8,8,8,8,	1187.485,1187.683,1188.173,1188.894,	nan	nan	8.000	1190.254	-428.000	107.000	-214.000	428.000	1.074	1.686	3.897	
7	2.000	2.000	277.000	1000.000	1194.176	1197.071	1197.619	8,	1198.837,	nan	nan	8.000	1200.630	-214.000	214.000	-107.000	107.000	1.918	0.548	2.296	
7	2.000	2.000	278.000	1000.000	1202.952	1204.866	1206.683	8,8,8,8,8,8,8,	1206.817,1206.987,1207.164,1207.705,1207.929,1208.159,1208.405,	8.000	1209.694	8.000	1209.694	-321.000	107.000	-214.000	428.000	0.939	1.817	3.556	
7	2.000	2.000	279.000	1000.000	1213.270	1215.949	1217.577	8,8,8,8,8,8,8,	1217.874,1218.004,1218.237,1218.423,1218.662,1218.878,1219.323,	8.000	1220.589	8.000	1220.589	-428.000	321.000	-107.000	428.000	1.696	1.629	2.965	
7	2.000	2.000	280.000	1000.000	1223.578	1225.760	1226.520	8,8,8,	1226.565,1226.763,1226.972,	nan	nan	8.000	1229.531	-321.000	321.000	-107.000	428.000	1.204	0.760	3.029	
7	2.000	2.000	281.000	1000.000	1232.585	1234.935	1235.478	8,8,8,8,8,8,8,8,	1235.505,1235.732,1235.937,1236.143,1236.504,1236.757,1237.138,1237.338,	8.000	1238.488	8.000	1238.488	-428.000	107.000	-107.000	428.000	1.373	0.543	2.572	
7	2.000	2.000	282.000	1000.000	1241.086	1243.942	1245.720	9,9,9,9,9,	1245.745,1245.946,1246.128,1246.358,1246.598,	nan	nan	9.000	1248.731	-107.000	107.000	-428.000	321.000	1.879	1.778	2.347	
7	2.000	2.000	283.000	1000.000	1251.103	1253.772	1255.366	8,8,8,8,	1255.615,1255.844,1256.056,1256.302,	nan	nan	8.000	1258.377	-321.000	107.000	-214.000	321.000	1.691	1.595	2.000	
7	2.000	2.000	284.000	1000.000	1260.401	1262.511	1263.556	8,8,8,	1263.640,1263.818,1263.993,	nan	nan	8.000	1266.567	-214.000	321.000	-107.000	428.000	1.132	1.045	2.701	
7	2.000	2.000	285.000	1000.000	1269.292	1272.256	1273.565	8,8,8,	1273.619,1273.993,1274.285,	nan	nan	8.000	1276.577	-428.000	214.000	-107.000	428.000	1.986	1.310	2.219	
7	2.000	2.000	286.000	1000.000	1278.818	1281.484	1282.142	9,	1282.936,	nan	nan	9.000	1285.153	-107.000	321.000	-214.000	214.000	1.686	0.659	3.505	
7	2.000	2.000	287.000	1000.000	1288.681	1291.091	1292.787	8,8,8,8,8,8,8,	1292.884,1293.050,1293.226,1293.402,1293.624,1293.848,1294.121,	nan	nan	8.000	1295.798	-321.000	107.000	-214.000	107.000	1.431	1.696	2.264	
7	2.000	2.000	288.000	1000.000	1298.086	1299.776	1301.028	9,9,9,	1301.289,1301.534,1301.991,	nan	nan	9.000	1304.039	-107.000	107.000	-428.000	428.000	0.712	1.252	2.945	
7	2.000	2.000	289.000	1000.000	1307.008	1309.538	1311.122	8,8,8,8,	1311.226,1311.386,1311.593,1312.041,	nan	nan	8.000	1314.134	-428.000	107.000	-321.000	321.000	1.551	1.585	3.871	
7	2.000	2.000	290.000	1000.000	1318.029	1319.854	1321.352	9,9,	1322.221,1322.461,	8.000	1324.364	9.000	1324.364	-107.000	107.000	-321.000	428.000	0.847	1.498	3.531	
7	2.000	2.000	291.000	1000.000	1327.920	1330.419	1331.049	9,	1331.324,	nan	nan	9.000	1334.062	-321.000	321.000	-214.000	107.000	1.523	0.630	3.260	
7	2.000	2.000	292.000	1000.000	1337.347	1339.336	1340.192	9,9,9,9,	1340.557,1340.786,1341.016,1341.206,	nan	nan	9.000	1343.203	-321.000	428.000	-214.000	214.000	1.011	0.857	2.141	
7	2.000	2.000	293.000	1000.000	1345.369	1347.218	1347.867	8,9,8,8,	1348.258,1348.737,1349.163,1349.470,	nan	nan	8.000	1350.878	-428.000	321.000	-107.000	214.000	0.871	0.650	2.026	
7	2.000	2.000	294.000	1000.000	1352.929	1355.414	1356.603	9,9,9,	1356.775,1356.910,1357.315,	nan	nan	9.000	1359.614	-107.000	321.000	-321.000	214.000	1.508	1.190	2.437	
7	2.000	2.000	295.000	1000.000	1362.077	1363.636	1364.246	8,8,	1364.470,1365.438,	nan	nan	8.000	1367.257	-428.000	214.000	-107.000	107.000	0.582	0.611	3.711	
7	2.000	2.000	296.000	1000.000	1370.993	1373.641	1375.496	8,8,8,8,8,	1375.516,1375.712,1375.902,1376.060,1376.278,	nan	nan	8.000	1378.508	-321.000	107.000	-107.000	428.000	1.672	1.855	3.363	
7	2.000	2.000	297.000	1000.000	1381.898	1383.460	1384.056	9,9,9,	1384.354,1384.540,1384.940,	nan	nan	9.000	1387.067	-107.000	214.000	-214.000	107.000	0.587	0.596	2.277	
7	2.000	2.000	298.000	1000.000	1389.367	1391.791	1392.531	9,9,9,9,9,9,9,	1393.243,1393.468,1393.711,1393.911,1394.103,1394.284,1394.484,	9.000	1395.543	9.000	1395.543	-214.000	214.000	-321.000	107.000	1.445	0.741	2.656	
7	2.000	2.000	299.000	1000.000	1398.227	1399.899	1400.934	8,8,	1401.203,1401.299,	nan	nan	8.000	1403.945	-107.000	107.000	-214.000	428.000	0.698	1.035	2.225	
7	2.000	2.000	300.000	1000.000	1406.244	1408.164	1409.131	8,8,8,8,	1409.393,1409.515,1409.681,1409.904,	nan	nan	8.000	1412.143	-321.000	-428.000	-214.000	-428.000	0.992	0.968	3.537	
7	2.000	2.000	301.000	1000.000	1415.705	1417.929	1418.573	8,	1419.034,	nan	nan	8.000	1421.584	-321.000	321.000	-214.000	214.000	1.248	0.645	2.122	
7	2.000	2.000	302.000	1000.000	1423.731	1425.440	1426.812	8,8,8,8,8,8,8,	1427.062,1427.148,1427.350,1427.544,1427.749,1427.966,1428.719,	nan	nan	8.000	1429.824	-428.000	107.000	-321.000	428.000	0.732	1.373	2.071	
7	2.000	2.000	303.000	1000.000	1431.918	1434.192	1436.037	8,8,8,	1436.288,1436.428,1436.702,	nan	nan	8.000	1439.049	-321.000	107.000	-428.000	428.000	1.296	1.846	3.614	
7	2.000	2.000	304.000	1000.000	1442.688	1444.710	1446.651	8,8,8,	1446.843,1447.016,1447.320,	nan	nan	8.000	1449.663	-214.000	321.000	-321.000	428.000	1.045	1.942	2.341	
7	2.000	2.000	305.000	1000.000	1452.032	1454.562	1456.374	9,9,9,	1456.394,1456.669,1456.789,	nan	nan	9.000	1459.385	-214.000	321.000	-428.000	428.000	1.556	1.812	3.350	
7	2.000	2.000	306.000	1000.000	1462.760	1465.332	1466.854	9,9,9,9,9,9,9,9,	1466.872,1467.041,1467.234,1467.422,1467.639,1467.837,1468.015,1468.198,	nan	nan	9.000	1469.866	-214.000	214.000	-428.000	321.000	1.595	1.523	2.881	
7	2.000	2.000	307.000	1000.000	1472.819	1474.958	1475.549	8,8,8,	1475.801,1476.057,1476.246,	nan	nan	8.000	1478.559	-428.000	321.000	-214.000	214.000	1.209	0.592	3.833	
7	2.000	2.000	308.000	1000.000	1482.417	1484.782	1485.624	8,8,8,8,	1485.855,1485.963,1486.168,1486.387,	nan	nan	8.000	1488.634	-107.000	214.000	-214.000	428.000	1.387	0.842	3.170	
7	2.000	2.000	309.000	1000.000	1491.833	1493.712	1495.576	9,9,9,9,	1495.834,1496.004,1496.172,1496.411,	nan	nan	9.000	1498.588	-321.000	321.000	-428.000	214.000	0.905	1.865	2.289	
7	2.000	2.000	310.000	1000.000	1500.903	1503.644	1505.103	9,9,9,	1505.263,1505.390,1505.564,	nan	nan	9.000	1508.114	-321.000	428.000	-214.000	321.000	1.764	1.460	3.640	
7	2.000	2.000	311.000	1000.000	1511.779	1513.787	1515.251	9,9,8,8,9,8,8,	1515.488,1515.658,1515.940,1516.119,1516.424,1516.738,1516.922,	nan	nan	8.000	1518.262	-321.000	107.000	-428.000	321.000	1.031	1.465	2.469	
7	2.000	2.000	312.000	1000.000	1520.759	1523.728	1525.660	8,8,8,8,	1525.747,1525.965,1526.104,1526.354,	nan	nan	8.000	1528.672	-214.000	107.000	-321.000	428.000	1.995	1.932	3.942	
