subjID	session	Block	trialCount	earnings	Gam1Onset	Gam2Onset	FBOnset	KPs	RT	KPlate	RTlate	KP_Final	SLOnset	Gam1_1	Gam1_2	Gam2_1	Gam2_2	jit1	jit2	jit3	
8	2.000	1.000	1.000	1000.000	75.179	76.812	78.068	8,	78.552,	nan	nan	8.000	81.106	321.000	-321.000	428.000	-321.000	0.640	1.257	2.752	
8	2.000	1.000	2.000	1000.000	83.868	85.573	87.283	8,	88.196,	nan	nan	8.000	90.296	-107.000	214.000	-321.000	321.000	0.712	1.711	2.251	
8	2.000	1.000	3.000	1000.000	92.557	94.672	96.425	9,	96.840,	nan	nan	9.000	99.437	-107.000	428.000	-214.000	107.000	1.122	1.754	2.289	
8	2.000	1.000	4.000	1000.000	101.736	103.253	104.833	8,	105.170,	nan	nan	8.000	107.844	-214.000	107.000	-321.000	321.000	0.524	1.580	2.907	
8	2.000	1.000	5.000	1000.000	110.760	113.155	114.330	9,	115.186,	nan	nan	9.000	117.341	-321.000	214.000	-428.000	107.000	1.402	1.175	3.884	
8	2.000	1.000	6.000	1000.000	121.234	123.258	124.669	9,8,	125.719,126.673,	9.000	127.680	8.000	127.680	-428.000	428.000	-214.000	107.000	1.031	1.412	2.656	
8	2.000	1.000	7.000	1000.000	130.346	133.092	134.339	8,	134.685,	nan	nan	8.000	137.351	-428.000	321.000	-321.000	428.000	1.754	1.248	2.193	
8	2.000	1.000	8.000	1000.000	139.553	141.147	142.346	9,	143.452,	nan	nan	9.000	145.357	-428.000	321.000	-321.000	107.000	0.601	1.199	3.531	
8	2.000	1.000	9.000	1000.000	148.897	151.432	153.378	9,	153.684,	nan	nan	9.000	156.392	-321.000	321.000	-428.000	428.000	1.542	1.947	3.016	
8	2.000	1.000	10.000	1000.000	159.433	162.241	164.212	9,	164.469,	nan	nan	9.000	167.225	-321.000	428.000	-214.000	107.000	1.831	1.971	2.997	
8	2.000	1.000	11.000	1000.000	170.250	172.887	173.420	9,	173.819,	nan	nan	9.000	176.431	-107.000	321.000	-428.000	107.000	1.662	0.534	3.550	
8	2.000	1.000	12.000	1000.000	179.997	182.400	182.991	9,	184.704,	nan	nan	9.000	186.002	-321.000	214.000	-107.000	107.000	1.416	0.592	2.823	
8	2.000	1.000	13.000	1000.000	188.836	190.418	190.933	nan	nan	nan	nan	nan	nan	-214.000	214.000	-321.000	428.000	0.592	0.514	2.662	
8	2.000	1.000	14.000	1000.000	196.646	199.281	201.242	8,	201.377,	nan	nan	8.000	204.255	321.000	107.000	428.000	107.000	1.658	1.961	2.810	
8	2.000	1.000	15.000	1000.000	207.086	209.894	211.710	9,	211.988,	nan	nan	9.000	214.723	-321.000	321.000	-214.000	428.000	1.826	1.817	2.920	
8	2.000	1.000	16.000	1000.000	217.652	219.622	220.923	8,	221.087,	nan	nan	8.000	223.937	-428.000	214.000	-321.000	321.000	0.977	1.301	2.637	
8	2.000	1.000	17.000	1000.000	226.598	228.717	230.080	8,	231.055,	nan	nan	8.000	233.091	-428.000	428.000	-107.000	214.000	1.141	1.363	2.444	
8	2.000	1.000	18.000	1000.000	235.566	237.495	238.356	9,	238.550,	nan	nan	9.000	241.369	-107.000	428.000	-214.000	321.000	0.958	0.862	3.338	
8	2.000	1.000	19.000	1000.000	244.734	247.193	248.372	nan	nan	nan	nan	nan	nan	-214.000	428.000	-107.000	107.000	1.484	1.180	2.688	
8	2.000	1.000	20.000	1000.000	254.098	256.139	257.820	8,	257.988,	nan	nan	8.000	260.834	-428.000	428.000	-107.000	107.000	1.055	1.682	2.727	
8	2.000	1.000	21.000	1000.000	263.670	266.384	268.254	9,	268.647,	nan	nan	9.000	271.268	-321.000	214.000	-214.000	107.000	1.822	1.870	2.585	
8	2.000	1.000	22.000	1000.000	273.884	275.543	276.486	9,	277.216,	nan	nan	9.000	279.498	-107.000	321.000	-428.000	428.000	0.688	0.944	2.457	
8	2.000	1.000	23.000	1000.000	281.974	283.615	284.226	8,	285.556,	9.000	287.237	8.000	287.237	-321.000	321.000	-107.000	214.000	0.659	0.611	2.347	
8	2.000	1.000	24.000	1000.000	289.600	291.211	291.976	9,	292.292,	nan	nan	9.000	294.990	-214.000	428.000	-428.000	107.000	0.625	0.765	2.450	
8	2.000	1.000	25.000	1000.000	297.454	299.357	300.667	8,	301.056,	nan	nan	8.000	303.678	-214.000	214.000	-107.000	321.000	0.915	1.310	2.926	
8	2.000	1.000	26.000	1000.000	306.618	309.047	309.594	9,	309.822,	nan	nan	9.000	312.607	-107.000	428.000	-214.000	214.000	1.441	0.548	3.357	
8	2.000	1.000	27.000	1000.000	315.985	317.683	318.607	8,	318.834,	nan	nan	8.000	321.621	-214.000	428.000	-107.000	428.000	0.717	0.924	3.653	
8	2.000	1.000	28.000	1000.000	325.300	327.842	328.476	9,	329.069,	nan	nan	9.000	331.487	-214.000	428.000	-321.000	214.000	1.566	0.635	3.280	
8	2.000	1.000	29.000	1000.000	334.790	336.616	337.786	9,	337.889,	nan	nan	9.000	340.799	-214.000	214.000	-428.000	107.000	0.847	1.170	3.852	
8	2.000	1.000	30.000	1000.000	344.666	346.588	348.317	8,	348.500,	nan	nan	8.000	351.331	-428.000	428.000	-321.000	107.000	0.934	1.730	3.743	
8	2.000	1.000	31.000	1000.000	355.088	357.671	359.472	9,	359.734,	nan	nan	9.000	362.487	-107.000	428.000	-428.000	107.000	1.595	1.802	2.071	
8	2.000	1.000	32.000	1000.000	364.571	366.793	367.481	8,	368.314,	nan	nan	8.000	370.492	-214.000	107.000	-321.000	214.000	1.233	0.688	2.830	
8	2.000	1.000	33.000	1000.000	373.335	375.455	377.387	9,	377.631,	nan	nan	9.000	380.401	-107.000	214.000	-428.000	107.000	1.132	1.932	2.418	
8	2.000	1.000	34.000	1000.000	382.833	385.489	386.331	9,	386.938,	nan	nan	9.000	389.342	-107.000	214.000	-428.000	321.000	1.667	0.842	3.621	
8	2.000	1.000	35.000	1000.000	392.983	395.520	396.136	9,	397.008,	nan	nan	9.000	399.147	-214.000	428.000	-321.000	107.000	1.556	0.616	3.910	
8	2.000	1.000	36.000	1000.000	403.071	405.639	406.515	9,9,	406.783,406.879,	nan	nan	9.000	409.526	-107.000	428.000	-321.000	107.000	1.580	0.876	3.968	
8	2.000	1.000	37.000	1000.000	413.516	415.686	417.082	8,	417.372,	nan	nan	8.000	420.096	-214.000	214.000	-321.000	321.000	1.190	1.397	3.164	
8	2.000	1.000	38.000	1000.000	423.281	425.659	426.400	8,	426.744,	nan	nan	8.000	429.414	-428.000	214.000	-214.000	321.000	1.397	0.741	2.701	
8	2.000	1.000	39.000	1000.000	432.138	434.364	436.316	9,	436.728,	nan	nan	9.000	439.327	-214.000	428.000	-107.000	214.000	1.248	1.952	3.106	
8	2.000	1.000	40.000	1000.000	442.456	445.069	445.901	8,	446.123,	nan	nan	8.000	448.914	-214.000	-321.000	-107.000	-321.000	1.633	0.833	2.135	
8	2.000	1.000	41.000	1000.000	451.062	453.347	453.929	9,	455.377,	8.000	456.939	9.000	456.940	-321.000	107.000	-428.000	214.000	1.296	0.582	3.768	
8	2.000	1.000	42.000	1000.000	460.722	462.630	464.176	9,	464.524,	nan	nan	9.000	467.190	-428.000	321.000	-214.000	107.000	0.920	1.547	3.961	
8	2.000	1.000	43.000	1000.000	471.177	474.009	475.453	8,8,	475.558,475.747,	nan	nan	8.000	478.465	-428.000	214.000	-107.000	321.000	1.855	1.445	2.617	
8	2.000	1.000	44.000	1000.000	481.099	483.476	484.106	8,	484.131,	nan	nan	8.000	487.119	-214.000	214.000	-107.000	428.000	1.392	0.630	2.161	
8	2.000	1.000	45.000	1000.000	489.291	491.182	492.719	9,	492.977,	nan	nan	9.000	495.734	-214.000	214.000	-428.000	428.000	0.900	1.537	2.257	
8	2.000	1.000	46.000	1000.000	498.013	500.245	501.372	8,	501.670,	nan	nan	8.000	504.385	-107.000	214.000	-214.000	321.000	1.252	1.127	2.553	
8	2.000	1.000	47.000	1000.000	506.952	508.479	509.350	9,	509.524,	nan	nan	9.000	512.364	-107.000	321.000	-321.000	107.000	0.539	0.871	3.389	
8	2.000	1.000	48.000	1000.000	515.776	517.482	519.004	9,	520.012,	nan	nan	9.000	522.015	-107.000	214.000	-428.000	428.000	0.727	1.523	3.994	
8	2.000	1.000	49.000	1000.000	526.035	527.689	528.791	9,8,	529.241,530.155,	nan	nan	8.000	531.802	-321.000	214.000	-428.000	428.000	0.678	1.103	2.399	
8	2.000	1.000	50.000	1000.000	534.224	537.053	538.238	9,	539.202,	nan	nan	9.000	541.249	-428.000	214.000	-214.000	107.000	1.850	1.185	3.138	
8	2.000	1.000	51.000	1000.000	544.408	546.728	547.946	8,	547.984,	nan	nan	8.000	550.960	-428.000	107.000	-107.000	214.000	1.339	1.219	3.370	
8	2.000	1.000	52.000	1000.000	554.355	556.984	557.652	9,	557.930,	nan	nan	9.000	560.666	-107.000	428.000	-321.000	214.000	1.653	0.669	3.183	
8	2.000	1.000	53.000	1000.000	563.875	565.404	566.044	8,	566.519,	nan	nan	8.000	569.054	214.000	-321.000	428.000	-321.000	0.553	0.640	3.537	
8	2.000	1.000	54.000	1000.000	572.614	575.304	576.107	8,	576.574,	nan	nan	8.000	579.118	-321.000	214.000	-214.000	321.000	1.711	0.804	2.502	
8	2.000	1.000	55.000	1000.000	581.636	584.511	585.049	9,	585.686,	nan	nan	9.000	588.060	-107.000	107.000	-428.000	214.000	1.889	0.539	3.318	
8	2.000	1.000	56.000	1000.000	591.393	593.966	594.687	nan	nan	nan	nan	nan	nan	-428.000	214.000	-321.000	428.000	1.585	0.722	3.704	
8	2.000	1.000	57.000	1000.000	601.437	603.151	604.422	8,9,8,	604.641,605.139,605.522,	nan	nan	8.000	607.433	-428.000	428.000	-214.000	214.000	0.736	1.272	3.132	
8	2.000	1.000	58.000	1000.000	610.580	613.080	614.284	9,9,	614.427,614.594,	nan	nan	9.000	617.298	-107.000	428.000	-428.000	214.000	1.513	1.204	3.588	
8	2.000	1.000	59.000	1000.000	620.900	623.661	625.299	9,	625.526,	nan	nan	9.000	628.313	-321.000	428.000	-428.000	321.000	1.773	1.638	2.804	
8	2.000	1.000	60.000	1000.000	631.131	633.805	635.549	9,	635.879,	nan	nan	9.000	638.563	-428.000	428.000	-321.000	214.000	1.686	1.744	3.730	
8	2.000	1.000	61.000	1000.000	642.317	644.051	644.961	9,	646.021,	nan	nan	9.000	647.972	-214.000	321.000	-321.000	107.000	0.756	0.910	3.299	
8	2.000	1.000	62.000	1000.000	651.285	653.549	654.777	9,8,	655.382,656.479,	nan	nan	8.000	657.788	-214.000	107.000	-428.000	214.000	1.277	1.228	3.794	
8	2.000	1.000	63.000	1000.000	661.597	663.596	664.558	9,	664.917,	nan	nan	9.000	667.572	-321.000	214.000	-428.000	321.000	1.011	0.963	3.762	
8	2.000	1.000	64.000	1000.000	671.349	673.507	674.547	9,	675.275,	nan	nan	9.000	677.558	-214.000	107.000	-428.000	321.000	1.170	1.040	2.592	
8	2.000	1.000	65.000	1000.000	680.164	682.534	683.565	8,8,	683.727,683.905,	nan	nan	8.000	686.578	-107.000	107.000	-214.000	214.000	1.383	1.031	3.215	
8	2.000	1.000	66.000	1000.000	689.817	691.662	693.493	8,	693.687,	nan	nan	8.000	696.506	214.000	321.000	428.000	321.000	0.867	1.831	3.010	
8	2.000	1.000	67.000	1000.000	699.540	701.838	703.268	9,9,	703.460,703.622,	nan	nan	9.000	706.280	-107.000	214.000	-321.000	107.000	1.320	1.431	2.495	
8	2.000	1.000	68.000	1000.000	708.790	711.474	712.861	9,	713.188,	nan	nan	9.000	715.875	-214.000	428.000	-428.000	214.000	1.696	1.387	3.305	
8	2.000	1.000	69.000	1000.000	719.195	721.604	723.454	9,9,	723.501,723.707,	nan	nan	9.000	726.466	-214.000	428.000	-321.000	321.000	1.421	1.850	2.264	
8	2.000	1.000	70.000	1000.000	728.743	730.771	732.139	8,	732.301,	nan	nan	8.000	735.153	-214.000	107.000	-107.000	321.000	1.040	1.368	3.672	
8	2.000	1.000	71.000	1000.000	738.840	740.766	741.897	8,8,	742.119,742.242,	nan	nan	8.000	744.909	-321.000	214.000	-107.000	428.000	0.939	1.132	3.113	
8	2.000	1.000	72.000	1000.000	748.036	749.707	750.790	9,8,	751.119,752.374,	nan	nan	8.000	753.801	-214.000	107.000	-428.000	428.000	0.683	1.084	3.904	
8	2.000	1.000	73.000	1000.000	757.719	759.414	760.131	8,	760.432,	nan	nan	8.000	763.142	-428.000	428.000	-214.000	321.000	0.707	0.717	2.476	
8	2.000	1.000	74.000	1000.000	765.641	767.381	768.661	9,	768.878,	nan	nan	9.000	771.675	-214.000	428.000	-428.000	321.000	0.760	1.281	2.090	
8	2.000	1.000	75.000	1000.000	773.779	776.545	778.419	8,	778.751,	nan	nan	8.000	781.434	-214.000	107.000	-107.000	428.000	1.778	1.875	2.900	
8	2.000	1.000	76.000	1000.000	784.348	786.415	787.508	9,	787.810,	nan	nan	9.000	790.523	-107.000	321.000	-214.000	428.000	1.079	1.093	2.058	
8	2.000	1.000	77.000	1000.000	792.593	794.218	796.063	9,9,	796.224,796.362,	nan	nan	9.000	799.075	-107.000	428.000	-321.000	321.000	0.635	1.846	3.711	
8	2.000	1.000	78.000	1000.000	802.810	804.615	806.480	8,8,	806.759,806.895,	nan	nan	8.000	809.491	-321.000	214.000	-107.000	321.000	0.828	1.865	3.061	
8	2.000	1.000	79.000	1000.000	812.573	814.161	814.897	8,8,	815.160,815.337,	nan	nan	8.000	817.908	-321.000	214.000	-107.000	214.000	0.606	0.736	3.691	
8	2.000	1.000	80.000	1000.000	821.621	823.661	824.449	8,8,	824.611,824.771,	nan	nan	8.000	827.460	-428.000	107.000	-214.000	321.000	1.059	0.789	2.238	
8	2.000	1.000	81.000	1000.000	829.724	832.666	833.557	8,9,8,	833.845,834.475,834.920,	nan	nan	8.000	836.568	-428.000	321.000	-107.000	107.000	1.966	0.891	2.932	
8	2.000	1.000	82.000	1000.000	839.520	841.957	842.563	8,	842.974,	nan	nan	8.000	845.577	-428.000	214.000	-214.000	428.000	1.455	0.606	3.087	
8	2.000	1.000	83.000	1000.000	848.687	850.484	851.413	8,	851.584,	9.000	854.426	8.000	854.426	-107.000	107.000	-321.000	214.000	0.818	0.929	3.350	
8	2.000	1.000	84.000	1000.000	857.792	860.036	862.016	9,	862.582,	nan	nan	9.000	865.028	-214.000	321.000	-321.000	214.000	1.257	1.981	3.974	
8	2.000	1.000	85.000	1000.000	869.017	871.223	872.248	8,	872.497,	nan	nan	8.000	875.262	-107.000	107.000	-321.000	321.000	1.219	1.026	2.116	
8	2.000	1.000	86.000	1000.000	877.392	879.839	880.498	9,9,	880.774,880.913,	nan	nan	9.000	883.509	-107.000	321.000	-321.000	428.000	1.460	0.659	3.891	
8	2.000	1.000	87.000	1000.000	887.414	890.271	892.030	8,	892.333,	nan	nan	8.000	895.044	-321.000	107.000	-214.000	214.000	1.870	1.759	3.807	
8	2.000	1.000	88.000	1000.000	898.864	900.362	901.962	8,	902.153,	nan	nan	8.000	904.975	-321.000	214.000	-214.000	428.000	0.510	1.600	2.778	
8	2.000	1.000	89.000	1000.000	907.772	910.042	910.956	9,	911.181,	nan	nan	9.000	913.970	-214.000	321.000	-107.000	214.000	1.286	0.915	3.395	
8	2.000	1.000	90.000	1000.000	917.380	919.745	921.021	9,	921.459,	nan	nan	9.000	924.032	-321.000	428.000	-428.000	107.000	1.378	1.277	2.077	
8	2.000	1.000	91.000	1000.000	926.127	929.025	930.354	9,	930.533,	nan	nan	9.000	933.368	-107.000	428.000	-428.000	321.000	1.913	1.330	3.273	
8	2.000	1.000	92.000	1000.000	936.660	939.176	940.529	9,8,	940.966,941.953,	nan	nan	8.000	943.540	-321.000	-428.000	-107.000	-428.000	1.532	1.354	3.859	
8	2.000	1.000	93.000	1000.000	947.416	949.122	950.524	8,8,	950.731,950.899,	nan	nan	8.000	953.535	-428.000	428.000	-107.000	321.000	0.722	1.402	2.277	
8	2.000	1.000	94.000	1000.000	955.826	957.800	959.404	9,	959.456,	nan	nan	9.000	962.418	-321.000	321.000	-107.000	107.000	0.987	1.605	2.508	
8	2.000	1.000	95.000	1000.000	964.947	967.649	969.503	8,	969.829,	nan	nan	8.000	972.517	-428.000	428.000	-321.000	321.000	1.720	1.855	3.158	
8	2.000	1.000	96.000	1000.000	975.692	977.871	979.620	9,9,	979.680,979.904,	nan	nan	9.000	982.632	-321.000	428.000	-107.000	107.000	1.195	1.749	2.232	
8	2.000	1.000	97.000	1000.000	984.877	987.489	989.122	8,	989.303,	nan	nan	8.000	992.136	-428.000	107.000	-107.000	321.000	1.624	1.633	2.463	
8	2.000	1.000	98.000	1000.000	994.613	996.988	997.970	8,8,	998.176,998.408,	nan	nan	8.000	1000.981	-321.000	428.000	-107.000	214.000	1.387	0.982	2.431	
8	2.000	1.000	99.000	1000.000	1003.426	1004.928	1005.630	9,	1005.843,	nan	nan	9.000	1008.644	-321.000	428.000	-428.000	214.000	0.514	0.703	3.055	
8	2.000	1.000	100.000	1000.000	1011.721	1013.557	1015.142	9,9,	1015.399,1015.553,	nan	nan	9.000	1018.154	-214.000	321.000	-428.000	214.000	0.857	1.585	3.595	
8	2.000	1.000	101.000	1000.000	1021.773	1024.456	1025.019	9,9,	1025.217,1025.346,	nan	nan	9.000	1028.030	-107.000	321.000	-428.000	214.000	1.706	0.563	3.080	
8	2.000	1.000	102.000	1000.000	1031.127	1033.591	1034.317	8,8,8,8,	1034.597,1034.748,1034.984,1035.236,	nan	nan	8.000	1037.328	-428.000	214.000	-321.000	107.000	1.479	0.727	3.254	
8	2.000	1.000	103.000	1000.000	1040.595	1043.488	1044.113	8,9,	1044.423,1044.820,	nan	nan	9.000	1047.124	-214.000	321.000	-107.000	107.000	1.904	0.625	2.817	
8	2.000	1.000	104.000	1000.000	1049.955	1052.093	1053.138	8,8,	1053.153,1053.383,	nan	nan	8.000	1056.149	-428.000	107.000	-214.000	214.000	1.151	1.045	2.785	
8	2.000	1.000	105.000	1000.000	1058.949	1061.618	1062.537	8,	1062.839,	nan	nan	8.000	1065.551	214.000	-321.000	321.000	-321.000	1.682	0.920	3.003	
8	2.000	1.000	106.000	1000.000	1068.576	1071.175	1072.948	8,8,	1073.156,1073.335,	nan	nan	8.000	1075.959	-214.000	428.000	-107.000	321.000	1.619	1.773	2.559	
8	2.000	1.000	107.000	1000.000	1078.532	1080.764	1082.498	8,8,	1082.736,1082.938,	nan	nan	8.000	1085.509	-321.000	428.000	-107.000	321.000	1.243	1.735	2.579	
8	2.000	1.000	108.000	1000.000	1088.106	1089.879	1091.594	9,9,	1091.968,1092.215,	nan	nan	9.000	1094.606	-107.000	321.000	-214.000	107.000	0.789	1.715	2.341	
8	2.000	1.000	109.000	1000.000	1096.959	1099.843	1101.398	9,	1101.583,	nan	nan	9.000	1104.412	-107.000	214.000	-321.000	428.000	1.894	1.556	3.601	
8	2.000	1.000	110.000	1000.000	1108.029	1110.200	1111.887	9,9,	1112.025,1112.182,	nan	nan	9.000	1114.898	-321.000	321.000	-428.000	107.000	1.185	1.686	3.344	
8	2.000	1.000	111.000	1000.000	1118.291	1121.090	1122.515	8,	1122.617,	nan	nan	8.000	1125.530	-321.000	107.000	-107.000	214.000	1.846	1.426	3.871	
8	2.000	1.000	112.000	1000.000	1129.425	1132.215	1133.216	8,9,8,	1133.412,1133.793,1134.980,	nan	nan	8.000	1136.227	-428.000	321.000	-321.000	214.000	1.812	1.002	2.842	
8	2.000	1.000	113.000	1000.000	1139.093	1141.063	1142.113	8,8,	1142.135,1142.371,	nan	nan	8.000	1145.124	-428.000	321.000	-214.000	428.000	0.992	1.050	2.032	
8	2.000	1.000	114.000	1000.000	1147.182	1149.381	1150.190	8,8,	1150.931,1151.223,	nan	nan	8.000	1153.201	-214.000	107.000	-107.000	214.000	1.223	0.809	2.225	
8	2.000	1.000	115.000	1000.000	1155.444	1158.413	1159.318	8,	1160.006,	nan	nan	8.000	1162.330	-107.000	107.000	-214.000	321.000	1.986	0.905	3.543	
8	2.000	1.000	116.000	1000.000	1165.887	1168.156	1168.863	8,8,	1169.078,1169.330,	nan	nan	8.000	1171.874	-321.000	107.000	-107.000	321.000	1.281	0.707	3.434	
8	2.000	1.000	117.000	1000.000	1175.336	1177.659	1178.496	9,	1179.901,	nan	nan	9.000	1181.507	-214.000	321.000	-428.000	107.000	1.349	0.838	3.248	
8	2.000	1.000	118.000	1000.000	1184.769	1187.062	1188.468	8,	1188.771,	nan	nan	8.000	1191.482	214.000	107.000	321.000	107.000	1.305	1.407	3.035	
8	2.000	1.000	119.000	1000.000	1194.538	1196.372	1197.715	8,	1197.936,	nan	nan	8.000	1200.729	-321.000	107.000	-214.000	321.000	0.852	1.344	2.598	
8	2.000	1.000	120.000	1000.000	1203.350	1204.983	1205.526	8,	1206.516,	nan	nan	8.000	1208.537	-428.000	321.000	-214.000	214.000	0.654	0.543	2.084	
8	2.000	1.000	121.000	1000.000	1210.668	1212.827	1214.320	8,8,	1214.595,1214.710,	nan	nan	8.000	1217.332	-321.000	107.000	-107.000	428.000	1.204	1.494	2.103	
8	2.000	1.000	122.000	1000.000	1219.448	1220.980	1221.750	9,	1221.976,	nan	nan	9.000	1224.763	-321.000	321.000	-214.000	214.000	0.543	0.770	3.241	
8	2.000	1.000	123.000	1000.000	1228.028	1230.529	1232.205	9,9,	1232.448,1232.565,	nan	nan	9.000	1235.217	-321.000	321.000	-428.000	214.000	1.523	1.677	3.987	
8	2.000	1.000	124.000	1000.000	1239.236	1241.362	1242.431	8,	1242.636,	nan	nan	8.000	1245.444	-214.000	107.000	-321.000	428.000	1.156	1.069	2.714	
8	2.000	1.000	125.000	1000.000	1248.182	1250.475	1251.303	9,9,	1251.366,1251.673,	nan	nan	9.000	1254.313	-321.000	321.000	-214.000	107.000	1.315	0.828	2.765	
8	2.000	1.000	126.000	1000.000	1257.098	1259.642	1260.874	9,	1261.278,	nan	nan	9.000	1263.886	-107.000	321.000	-214.000	214.000	1.561	1.233	2.109	
8	2.000	1.000	127.000	1000.000	1266.010	1268.640	1269.458	8,	1269.720,	nan	nan	8.000	1272.472	-428.000	107.000	-321.000	214.000	1.643	0.818	3.685	
8	2.000	1.000	128.000	1000.000	1276.181	1277.736	1278.481	8,8,9,8,	1278.674,1278.961,1279.293,1280.095,	nan	nan	8.000	1281.492	-321.000	107.000	-428.000	428.000	0.577	0.746	3.100	
8	2.000	1.000	129.000	1000.000	1284.616	1286.562	1287.679	8,9,8,	1288.081,1288.920,1289.665,	nan	nan	8.000	1290.690	-107.000	107.000	-321.000	428.000	0.968	1.117	2.379	
8	2.000	1.000	130.000	1000.000	1293.092	1295.979	1297.965	8,8,	1298.027,1298.223,	nan	nan	8.000	1300.976	-107.000	107.000	-214.000	428.000	1.908	1.986	3.453	
8	2.000	1.000	131.000	1000.000	1304.450	1306.182	1307.637	8,	1307.913,	nan	nan	8.000	1310.649	-321.000	107.000	-214.000	107.000	0.751	1.455	3.756	
8	2.000	1.000	132.000	1000.000	1314.429	1316.842	1318.634	9,	1318.868,	nan	nan	9.000	1321.649	-107.000	107.000	-428.000	321.000	1.436	1.793	3.383	
8	2.000	1.000	133.000	1000.000	1325.059	1327.893	1329.401	8,8,	1329.622,1329.759,	nan	nan	8.000	1332.413	-428.000	107.000	-321.000	428.000	1.860	1.508	3.402	
8	2.000	1.000	134.000	1000.000	1335.840	1338.764	1339.413	9,	1340.266,	nan	nan	9.000	1342.423	-321.000	107.000	-428.000	321.000	1.947	0.650	2.746	
8	2.000	1.000	135.000	1000.000	1345.194	1346.700	1347.595	9,	1348.580,	nan	nan	9.000	1350.607	-107.000	321.000	-321.000	214.000	0.529	0.895	3.196	
8	2.000	1.000	136.000	1000.000	1353.830	1355.584	1356.725	9,8,	1358.132,1358.506,	nan	nan	8.000	1359.737	-214.000	214.000	-107.000	107.000	0.780	1.141	3.820	
8	2.000	1.000	137.000	1000.000	1363.575	1365.141	1366.749	8,	1366.823,	nan	nan	8.000	1369.763	-321.000	321.000	-107.000	428.000	0.582	1.609	2.740	
8	2.000	1.000	138.000	1000.000	1372.516	1375.104	1376.993	8,8,	1377.283,1377.391,	nan	nan	8.000	1380.004	-428.000	107.000	-321.000	321.000	1.600	1.889	2.283	
8	2.000	1.000	139.000	1000.000	1382.313	1384.783	1386.705	8,8,	1386.740,1387.008,	nan	nan	8.000	1389.720	-428.000	321.000	-107.000	428.000	1.494	1.923	2.733	
8	2.000	1.000	140.000	1000.000	1392.472	1394.399	1394.975	9,9,	1395.210,1395.442,	nan	nan	9.000	1397.986	-107.000	214.000	-214.000	428.000	0.944	0.577	2.772	
8	2.000	1.000	141.000	1000.000	1400.769	1403.118	1404.742	8,8,	1404.875,1405.051,	nan	nan	8.000	1407.756	-428.000	107.000	-107.000	428.000	1.359	1.624	2.006	
8	2.000	1.000	142.000	1000.000	1409.775	1412.055	1413.003	8,8,	1413.438,1413.865,	9.000	1416.014	8.000	1416.014	-214.000	321.000	-321.000	428.000	1.291	0.949	2.759	
8	2.000	1.000	143.000	1000.000	1418.795	1420.545	1421.556	8,8,	1421.874,1422.108,	nan	nan	8.000	1424.567	-321.000	428.000	-214.000	321.000	0.770	1.011	3.190	
8	2.000	1.000	144.000	1000.000	1427.788	1430.740	1432.353	9,8,	1432.637,1433.561,	nan	nan	8.000	1435.365	-321.000	-428.000	-214.000	-428.000	1.981	1.614	2.367	
8	2.000	1.000	145.000	1000.000	1437.755	1439.344	1440.827	9,8,	1441.273,1441.507,	nan	nan	8.000	1443.838	-428.000	214.000	-107.000	107.000	0.611	1.484	2.720	
8	2.000	1.000	146.000	1000.000	1446.573	1448.895	1450.851	8,8,	1451.110,1451.285,	nan	nan	8.000	1453.863	-428.000	214.000	-107.000	428.000	1.334	1.957	2.791	
8	2.000	1.000	147.000	1000.000	1456.681	1459.458	1460.343	9,9,	1460.568,1460.674,	nan	nan	9.000	1463.354	-107.000	214.000	-214.000	107.000	1.802	0.886	3.260	
8	2.000	1.000	148.000	1000.000	1466.639	1469.400	1470.637	9,	1470.989,	nan	nan	9.000	1473.648	-321.000	428.000	-214.000	214.000	1.783	1.238	3.505	
8	2.000	1.000	149.000	1000.000	1477.174	1479.586	1480.592	8,	1480.688,	nan	nan	8.000	1483.605	-428.000	321.000	-107.000	214.000	1.431	1.006	2.354	
8	2.000	1.000	150.000	1000.000	1486.001	1487.799	1489.538	9,	1490.505,	nan	nan	9.000	1492.549	-214.000	214.000	-321.000	107.000	0.838	1.740	2.630	
8	2.000	1.000	151.000	1000.000	1495.195	1497.197	1497.798	9,	1498.670,	nan	nan	9.000	1500.809	-214.000	214.000	-428.000	321.000	1.016	0.601	2.624	
8	2.000	1.000	152.000	1000.000	1503.448	1506.126	1507.962	8,	1508.253,	nan	nan	8.000	1510.976	-214.000	321.000	-107.000	428.000	1.691	1.836	3.119	
8	2.000	1.000	153.000	1000.000	1514.110	1516.769	1517.365	9,	1517.748,	nan	nan	9.000	1520.376	-107.000	107.000	-428.000	428.000	1.672	0.596	2.064	
8	2.000	1.000	154.000	1000.000	1522.454	1525.433	1527.152	8,	1527.657,	nan	nan	8.000	1530.164	-428.000	107.000	-214.000	428.000	1.990	1.720	3.029	
8	2.000	1.000	155.000	1000.000	1533.205	1535.712	1536.689	9,	1536.958,	nan	nan	9.000	1539.702	-214.000	321.000	-428.000	428.000	1.518	0.977	2.424	
8	2.000	1.000	156.000	1000.000	1542.145	1544.676	1546.323	8,8,	1546.550,1546.656,	nan	nan	8.000	1549.335	-321.000	107.000	-214.000	428.000	1.547	1.648	2.650	
8	2.000	2.000	157.000	1000.000	41.000	42.886	43.443	8,8,	43.683,43.943,	nan	nan	8.000	46.458	321.000	-321.000	428.000	-321.000	0.886	0.558	2.096	
8	2.000	2.000	158.000	1000.000	48.577	50.646	52.298	9,	52.491,	nan	nan	9.000	55.312	-321.000	214.000	-214.000	107.000	1.088	1.653	2.000	
8	2.000	2.000	159.000	1000.000	57.329	59.784	60.838	8,	61.982,	nan	nan	8.000	63.851	-321.000	321.000	-107.000	214.000	1.469	1.055	3.408	
8	2.000	2.000	160.000	1000.000	67.273	69.224	71.214	9,9,	71.393,71.592,	nan	nan	9.000	74.226	-107.000	321.000	-428.000	428.000	0.963	1.990	2.051	
8	2.000	2.000	161.000	1000.000	76.291	78.330	79.668	9,	79.953,	nan	nan	9.000	82.682	-107.000	428.000	-214.000	107.000	1.050	1.339	3.814	
8	2.000	2.000	162.000	1000.000	86.512	89.450	91.377	9,	91.616,	nan	nan	9.000	94.391	-214.000	428.000	-321.000	107.000	1.952	1.928	3.177	
8	2.000	2.000	163.000	1000.000	97.583	99.996	100.659	9,	100.880,	nan	nan	9.000	103.672	-214.000	214.000	-428.000	107.000	1.426	0.664	3.331	
8	2.000	2.000	164.000	1000.000	107.019	109.306	110.601	9,	110.613,	nan	nan	9.000	113.616	-214.000	428.000	-107.000	107.000	1.301	1.296	2.894	
8	2.000	2.000	165.000	1000.000	116.536	118.919	120.682	9,	120.796,	nan	nan	9.000	123.696	-107.000	428.000	-428.000	107.000	1.407	1.764	2.547	
8	2.000	2.000	166.000	1000.000	126.258	128.994	130.057	9,9,	130.104,130.361,	nan	nan	9.000	133.068	-107.000	214.000	-428.000	321.000	1.749	1.064	3.441	
8	2.000	2.000	167.000	1000.000	136.524	139.390	140.850	9,	141.499,	nan	nan	9.000	143.861	-214.000	214.000	-321.000	321.000	1.879	1.460	3.023	
8	2.000	2.000	168.000	1000.000	146.898	148.993	150.279	8,	150.533,	nan	nan	8.000	153.293	-214.000	107.000	-321.000	321.000	1.108	1.286	2.707	
8	2.000	2.000	169.000	1000.000	156.015	158.327	159.969	9,9,	159.989,160.304,	nan	nan	9.000	162.983	-321.000	214.000	-428.000	107.000	1.325	1.643	3.447	
8	2.000	2.000	170.000	1000.000	166.446	168.207	169.826	8,	169.989,	nan	nan	8.000	172.839	321.000	107.000	428.000	107.000	0.775	1.619	3.640	
8	2.000	2.000	171.000	1000.000	176.545	178.743	180.034	9,	180.347,	nan	nan	9.000	183.048	-214.000	428.000	-107.000	214.000	1.262	1.291	3.466	
8	2.000	2.000	172.000	1000.000	186.538	188.310	189.562	8,8,	190.091,190.439,	9.000	192.573	8.000	192.573	-428.000	428.000	-321.000	107.000	0.794	1.252	2.309	
8	2.000	2.000	173.000	1000.000	194.896	197.474	199.271	9,	199.513,	nan	nan	9.000	202.285	-321.000	321.000	-428.000	428.000	1.590	1.797	3.363	
8	2.000	2.000	174.000	1000.000	205.667	207.604	209.300	8,	209.389,	nan	nan	8.000	212.314	-428.000	321.000	-321.000	428.000	0.953	1.696	2.270	
8	2.000	2.000	175.000	1000.000	214.608	216.534	217.319	9,	217.442,	nan	nan	9.000	220.332	-107.000	214.000	-321.000	321.000	0.949	0.785	2.322	
8	2.000	2.000	176.000	1000.000	222.669	224.319	225.986	9,	226.264,	nan	nan	9.000	229.001	-214.000	428.000	-321.000	214.000	0.664	1.667	3.949	
8	2.000	2.000	177.000	1000.000	232.965	235.715	236.398	9,8,	237.175,238.276,	nan	nan	8.000	239.408	-214.000	107.000	-321.000	214.000	1.764	0.683	2.945	
8	2.000	2.000	178.000	1000.000	242.369	244.352	245.802	9,9,	245.988,246.202,	nan	nan	9.000	248.814	-107.000	428.000	-214.000	321.000	0.997	1.450	2.913	
8	2.000	2.000	179.000	1000.000	251.743	254.092	255.064	8,8,	255.207,255.399,	nan	nan	8.000	258.076	-321.000	321.000	-214.000	428.000	1.363	0.973	3.646	
8	2.000	2.000	180.000	1000.000	261.737	263.258	264.847	8,8,	264.976,265.182,	nan	nan	8.000	267.861	-428.000	214.000	-214.000	321.000	0.534	1.590	2.887	
8	2.000	2.000	181.000	1000.000	270.781	273.587	274.409	9,9,	274.578,274.741,	nan	nan	9.000	277.421	-214.000	428.000	-428.000	107.000	1.836	0.823	2.328	
8	2.000	2.000	182.000	1000.000	279.764	281.912	282.566	8,8,	282.780,282.938,	nan	nan	8.000	285.576	-214.000	214.000	-321.000	428.000	1.161	0.654	3.048	
8	2.000	2.000	183.000	1000.000	288.649	290.127	291.827	nan	nan	9.000	294.853	nan	nan	-214.000	107.000	-107.000	107.000	0.500	1.701	3.833	
8	2.000	2.000	184.000	1000.000	298.706	300.332	301.797	9,	302.038,	nan	nan	9.000	304.811	-107.000	214.000	-428.000	107.000	0.645	1.465	2.643	
8	2.000	2.000	185.000	1000.000	307.482	310.374	310.883	9,9,	311.171,311.404,	nan	nan	9.000	313.894	-321.000	428.000	-214.000	107.000	1.918	0.510	2.939	
8	2.000	2.000	186.000	1000.000	316.848	319.593	320.344	9,9,	320.403,320.658,	nan	nan	9.000	323.358	-107.000	428.000	-321.000	107.000	1.759	0.751	2.129	
8	2.000	2.000	187.000	1000.000	325.513	327.288	328.453	8,8,	328.567,328.721,	nan	nan	8.000	331.464	-214.000	214.000	-107.000	321.000	0.799	1.166	3.614	
8	2.000	2.000	188.000	1000.000	335.107	337.260	338.483	9,	338.698,	nan	nan	9.000	341.496	-107.000	428.000	-214.000	214.000	1.180	1.223	3.293	
8	2.000	2.000	189.000	1000.000	344.806	347.395	348.772	8,	349.158,	nan	nan	8.000	351.784	-428.000	428.000	-214.000	107.000	1.605	1.378	3.125	
8	2.000	2.000	190.000	1000.000	354.923	357.086	358.989	9,	359.157,	nan	nan	9.000	362.003	-107.000	321.000	-428.000	107.000	1.175	1.904	3.633	
8	2.000	2.000	191.000	1000.000	365.675	367.447	369.447	9,8,	369.667,369.773,	nan	nan	8.000	372.458	-428.000	214.000	-321.000	321.000	0.809	2.000	2.334	
8	2.000	2.000	192.000	1000.000	374.820	377.003	377.999	9,8,	378.802,379.203,	nan	nan	8.000	381.010	-321.000	214.000	-107.000	107.000	1.209	0.997	4.000	
8	2.000	2.000	193.000	1000.000	385.041	386.855	388.174	8,8,	388.427,388.635,	nan	nan	8.000	391.185	-428.000	428.000	-107.000	214.000	0.842	1.320	3.460	
8	2.000	2.000	194.000	1000.000	394.661	396.316	397.428	9,8,	397.809,398.081,	nan	nan	8.000	400.439	-428.000	428.000	-107.000	107.000	0.669	1.113	2.836	
8	2.000	2.000	195.000	1000.000	403.300	405.042	406.231	9,	406.268,	nan	nan	9.000	409.245	-428.000	321.000	-321.000	107.000	0.765	1.190	3.145	
8	2.000	2.000	196.000	1000.000	412.400	415.121	416.812	8,9,8,	416.826,418.039,418.564,	nan	nan	8.000	419.824	-214.000	-321.000	-107.000	-321.000	1.730	1.691	2.489	
8	2.000	2.000	197.000	1000.000	422.344	424.683	425.255	8,9,	426.394,426.726,	nan	nan	9.000	428.266	-214.000	107.000	-428.000	428.000	1.368	0.572	3.524	
8	2.000	2.000	198.000	1000.000	431.805	434.319	436.261	9,9,	436.326,436.560,	nan	nan	9.000	439.275	-107.000	214.000	-321.000	107.000	1.527	1.942	3.473	
8	2.000	2.000	199.000	1000.000	442.764	445.634	446.278	9,	446.554,	nan	nan	9.000	449.292	-107.000	428.000	-321.000	214.000	1.884	0.645	2.958	
8	2.000	2.000	200.000	1000.000	452.277	454.288	456.147	9,	456.354,	nan	nan	9.000	459.161	-107.000	428.000	-428.000	214.000	1.035	1.860	2.315	
8	2.000	2.000	201.000	1000.000	461.512	463.596	464.395	9,	464.535,	nan	nan	9.000	467.408	-107.000	107.000	-428.000	214.000	1.117	0.799	2.360	
8	2.000	2.000	202.000	1000.000	469.783	471.328	472.488	8,9,8,	473.331,473.913,474.232,	nan	nan	8.000	475.499	-428.000	214.000	-214.000	107.000	0.558	1.161	2.984	
8	2.000	2.000	203.000	1000.000	478.495	481.485	483.157	8,	483.399,	nan	nan	8.000	486.171	-214.000	107.000	-107.000	428.000	2.000	1.672	2.862	
8	2.000	2.000	204.000	1000.000	489.055	491.234	493.228	9,	493.790,	nan	nan	9.000	496.239	-214.000	107.000	-428.000	321.000	1.199	1.995	2.405	
8	2.000	2.000	205.000	1000.000	498.658	501.058	502.407	8,	502.612,	nan	nan	8.000	505.420	-321.000	214.000	-214.000	321.000	1.412	1.349	3.421	
8	2.000	2.000	206.000	1000.000	508.860	511.072	512.493	9,	512.638,	nan	nan	9.000	515.507	-214.000	321.000	-321.000	107.000	1.228	1.421	3.865	
8	2.000	2.000	207.000	1000.000	519.388	521.376	523.154	9,	523.370,	nan	nan	9.000	526.167	-214.000	428.000	-321.000	321.000	1.002	1.778	2.039	
8	2.000	2.000	208.000	1000.000	528.221	531.106	532.243	9,8,9,	532.580,532.600,533.208,	8.000	535.253	9.000	535.253	-321.000	107.000	-428.000	214.000	1.899	1.137	3.209	
8	2.000	2.000	209.000	1000.000	538.489	539.984	541.419	8,8,	541.506,541.742,	nan	nan	8.000	544.433	214.000	-321.000	428.000	-321.000	0.519	1.436	3.312	
8	2.000	2.000	210.000	1000.000	547.769	550.448	551.989	8,8,	552.237,552.413,	nan	nan	8.000	555.001	-107.000	107.000	-214.000	214.000	1.701	1.542	3.235	
8	2.000	2.000	211.000	1000.000	558.255	560.582	561.515	9,	561.674,	nan	nan	9.000	564.530	-214.000	428.000	-428.000	321.000	1.344	0.934	2.392	
8	2.000	2.000	212.000	1000.000	566.953	568.574	570.202	8,	570.802,	nan	nan	8.000	573.213	-428.000	107.000	-107.000	214.000	0.650	1.629	3.736	
8	2.000	2.000	213.000	1000.000	576.963	579.025	579.612	8,	579.965,	nan	nan	8.000	582.622	-214.000	214.000	-107.000	428.000	1.074	0.587	3.576	
8	2.000	2.000	214.000	1000.000	586.214	588.665	589.338	9,9,	589.452,589.615,	nan	nan	9.000	592.349	-214.000	428.000	-428.000	214.000	1.465	0.674	3.929	
8	2.000	2.000	215.000	1000.000	596.308	597.843	599.567	8,8,8,	599.632,599.883,600.196,	nan	nan	8.000	602.578	-428.000	428.000	-214.000	321.000	0.563	1.725	3.717	
8	2.000	2.000	216.000	1000.000	606.329	609.085	609.932	9,	610.296,	nan	nan	9.000	612.945	-321.000	428.000	-428.000	321.000	1.788	0.847	2.521	
8	2.000	2.000	217.000	1000.000	615.492	617.914	619.484	9,9,8,	619.681,619.893,620.453,	nan	nan	8.000	622.495	-321.000	214.000	-428.000	428.000	1.445	1.571	3.267	
8	2.000	2.000	218.000	1000.000	625.787	627.770	628.728	8,8,	628.911,629.122,	nan	nan	8.000	631.739	-428.000	214.000	-107.000	321.000	1.006	0.958	3.749	
8	2.000	2.000	219.000	1000.000	635.514	638.138	639.496	9,	639.928,	nan	nan	9.000	642.509	-214.000	214.000	-428.000	428.000	1.648	1.359	2.212	
8	2.000	2.000	220.000	1000.000	644.747	646.507	648.386	8,	648.679,	9.000	651.400	8.000	651.400	-321.000	214.000	-428.000	321.000	0.785	1.879	2.669	
8	2.000	2.000	221.000	1000.000	654.096	656.444	657.204	9,	657.596,	nan	nan	9.000	660.217	-107.000	321.000	-214.000	428.000	1.373	0.760	2.875	
8	2.000	2.000	222.000	1000.000	663.105	665.332	665.836	8,	666.517,	nan	nan	8.000	668.847	214.000	107.000	428.000	107.000	1.238	0.505	3.074	
8	2.000	2.000	223.000	1000.000	671.937	674.421	675.683	8,	675.955,	nan	nan	8.000	678.696	-428.000	321.000	-214.000	107.000	1.498	1.262	2.412	
8	2.000	2.000	224.000	1000.000	681.124	684.081	685.786	9,	685.964,	nan	nan	9.000	688.800	-107.000	214.000	-428.000	428.000	1.971	1.706	3.492	
8	2.000	2.000	225.000	1000.000	692.308	695.111	696.609	8,	696.853,	nan	nan	8.000	699.623	-428.000	214.000	-321.000	428.000	1.817	1.498	3.981	
8	2.000	2.000	226.000	1000.000	703.628	705.689	706.242	8,	707.148,	nan	nan	8.000	709.252	-107.000	214.000	-214.000	321.000	1.084	0.553	2.019	
8	2.000	2.000	227.000	1000.000	711.298	713.097	714.050	9,	714.196,	nan	nan	9.000	717.063	-214.000	107.000	-428.000	214.000	0.823	0.953	3.498	
8	2.000	2.000	228.000	1000.000	720.589	723.491	725.042	8,	725.256,	nan	nan	8.000	728.056	-214.000	107.000	-107.000	321.000	1.928	1.551	3.376	
8	2.000	2.000	229.000	1000.000	731.447	733.417	734.196	8,	734.685,	nan	nan	8.000	737.206	-428.000	428.000	-214.000	214.000	0.982	0.780	3.659	
8	2.000	2.000	230.000	1000.000	740.889	742.416	743.682	9,9,9,	743.708,744.008,744.262,	nan	nan	9.000	746.694	-107.000	321.000	-321.000	107.000	0.548	1.267	2.373	
8	2.000	2.000	231.000	1000.000	749.116	750.950	752.867	9,	753.698,	nan	nan	9.000	755.879	-107.000	428.000	-321.000	321.000	0.881	1.918	3.563	
8	2.000	2.000	232.000	1000.000	759.466	762.366	764.303	8,	764.497,	nan	nan	8.000	767.317	-321.000	214.000	-107.000	428.000	1.923	1.937	2.534	
8	2.000	2.000	233.000	1000.000	769.867	772.066	773.834	8,	774.015,	nan	nan	8.000	776.848	-321.000	214.000	-107.000	321.000	1.214	1.768	2.855	
8	2.000	2.000	234.000	1000.000	779.720	781.398	782.419	9,	784.375,	9.000	785.430	9.000	785.430	-428.000	428.000	-321.000	214.000	0.693	1.021	2.167	
8	2.000	2.000	235.000	1000.000	787.623	789.726	791.166	8,	791.191,	nan	nan	8.000	794.181	-321.000	107.000	-107.000	107.000	1.127	1.441	3.923	
8	2.000	2.000	236.000	1000.000	798.120	800.079	800.607	9,9,	800.899,801.226,	nan	nan	9.000	803.618	-214.000	321.000	-321.000	214.000	0.973	0.529	3.846	
8	2.000	2.000	237.000	1000.000	807.480	809.974	811.539	9,8,	811.916,812.240,	nan	nan	8.000	814.550	-428.000	214.000	-321.000	107.000	1.508	1.566	2.695	
8	2.000	2.000	238.000	1000.000	817.269	819.268	820.650	8,	820.951,	nan	nan	8.000	823.663	-428.000	214.000	-214.000	428.000	1.021	1.383	3.170	
8	2.000	2.000	239.000	1000.000	826.858	828.712	829.785	9,	829.978,	nan	nan	9.000	832.798	-214.000	321.000	-428.000	107.000	0.876	1.074	3.518	
8	2.000	2.000	240.000	1000.000	836.332	839.116	841.028	8,	841.147,	nan	nan	8.000	844.042	-321.000	428.000	-107.000	214.000	1.797	1.913	3.723	
8	2.000	2.000	241.000	1000.000	847.793	849.880	851.002	9,8,	851.747,852.163,	nan	nan	8.000	854.013	-428.000	321.000	-321.000	214.000	1.113	1.122	3.486	
8	2.000	2.000	242.000	1000.000	857.525	860.225	860.980	9,	861.683,	nan	nan	9.000	863.991	-107.000	107.000	-321.000	214.000	1.725	0.756	3.093	
8	2.000	2.000	243.000	1000.000	867.108	870.048	871.642	8,9,	871.653,872.335,	nan	nan	9.000	874.653	-107.000	321.000	-428.000	214.000	1.961	1.595	3.698	
8	2.000	2.000	244.000	1000.000	878.375	881.285	882.759	8,	883.015,	nan	nan	8.000	885.771	-428.000	428.000	-107.000	321.000	1.932	1.474	3.775	
8	2.000	2.000	245.000	1000.000	889.573	892.389	893.761	9,	893.933,	nan	nan	9.000	896.775	-107.000	321.000	-321.000	428.000	1.841	1.373	3.068	
8	2.000	2.000	246.000	1000.000	899.871	901.417	902.741	9,	903.250,	nan	nan	9.000	905.753	-107.000	321.000	-214.000	107.000	0.572	1.325	3.151	
8	2.000	2.000	247.000	1000.000	908.920	910.951	912.463	8,8,	912.653,912.869,	nan	nan	8.000	915.475	-321.000	107.000	-107.000	214.000	1.045	1.513	3.608	
8	2.000	2.000	248.000	1000.000	919.108	921.723	923.250	8,	923.538,	nan	nan	8.000	926.264	-321.000	-428.000	-107.000	-428.000	1.638	1.527	2.952	
8	2.000	2.000	249.000	1000.000	929.243	932.155	933.686	8,	934.223,	nan	nan	8.000	936.697	-428.000	428.000	-321.000	321.000	1.937	1.532	3.556	
8	2.000	2.000	250.000	1000.000	940.268	942.730	944.290	8,8,	944.385,944.562,	nan	nan	8.000	947.304	-428.000	321.000	-214.000	428.000	1.474	1.561	2.527	
8	2.000	2.000	251.000	1000.000	949.855	952.404	953.796	8,	954.117,	nan	nan	8.000	956.810	-321.000	214.000	-214.000	428.000	1.571	1.392	2.174	
8	2.000	2.000	252.000	1000.000	959.037	960.573	961.564	nan	nan	nan	nan	nan	nan	-321.000	428.000	-428.000	214.000	0.587	0.992	2.122	
8	2.000	2.000	253.000	1000.000	966.744	968.741	969.419	8,8,	969.822,970.096,	nan	nan	8.000	972.430	-321.000	428.000	-107.000	321.000	1.026	0.678	3.916	
8	2.000	2.000	254.000	1000.000	976.363	978.615	980.272	8,	980.431,	nan	nan	8.000	983.286	-214.000	107.000	-107.000	214.000	1.267	1.658	3.222	
8	2.000	2.000	255.000	1000.000	986.533	989.452	990.319	9,9,	990.610,990.764,	8.000	993.330	9.000	993.330	-321.000	428.000	-107.000	107.000	1.942	0.867	3.415	
8	2.000	2.000	256.000	1000.000	996.761	999.553	1000.969	8,8,9,	1001.133,1001.815,1002.407,	nan	nan	9.000	1003.981	-107.000	107.000	-321.000	321.000	1.807	1.416	2.206	
8	2.000	2.000	257.000	1000.000	1006.202	1008.060	1009.968	8,8,	1010.107,1010.293,	nan	nan	8.000	1012.979	-428.000	107.000	-107.000	321.000	0.871	1.908	2.572	
8	2.000	2.000	258.000	1000.000	1015.567	1017.863	1018.744	9,	1019.223,	nan	nan	9.000	1021.757	-321.000	321.000	-428.000	107.000	1.310	0.881	2.148	
8	2.000	2.000	259.000	1000.000	1023.919	1025.797	1026.494	9,9,	1026.881,1027.184,	nan	nan	9.000	1029.505	-321.000	428.000	-428.000	107.000	0.891	0.698	2.013	
8	2.000	2.000	260.000	1000.000	1031.534	1033.252	1034.494	8,9,	1034.807,1035.338,	nan	nan	9.000	1037.505	-214.000	321.000	-107.000	107.000	0.732	1.243	2.482	
8	2.000	2.000	261.000	1000.000	1040.002	1042.478	1043.629	8,	1043.652,	nan	nan	8.000	1046.643	214.000	-214.000	321.000	-214.000	1.489	1.151	3.042	
8	2.000	2.000	262.000	1000.000	1049.714	1052.643	1053.142	8,	1053.994,	nan	nan	8.000	1056.153	-428.000	107.000	-214.000	214.000	1.957	0.500	3.826	
8	2.000	2.000	263.000	1000.000	1060.006	1062.591	1064.475	8,8,	1064.586,1064.833,	nan	nan	8.000	1067.488	-428.000	321.000	-107.000	107.000	1.609	1.884	3.801	
8	2.000	2.000	264.000	1000.000	1071.305	1073.215	1074.409	8,9,8,	1074.794,1075.217,1076.322,	nan	nan	8.000	1077.420	-321.000	321.000	-107.000	107.000	0.924	1.195	3.479	
8	2.000	2.000	265.000	1000.000	1080.915	1082.763	1084.550	8,	1084.860,	nan	nan	8.000	1087.564	-321.000	107.000	-214.000	214.000	0.862	1.788	3.678	
8	2.000	2.000	266.000	1000.000	1091.263	1093.574	1094.474	8,	1095.731,	nan	nan	8.000	1097.485	-428.000	107.000	-214.000	321.000	1.330	0.900	3.955	
8	2.000	2.000	267.000	1000.000	1101.469	1104.157	1105.626	8,8,	1105.701,1105.955,	nan	nan	8.000	1108.640	-107.000	107.000	-214.000	321.000	1.715	1.469	2.141	
8	2.000	2.000	268.000	1000.000	1110.803	1112.380	1113.154	8,	1113.599,	nan	nan	8.000	1116.166	-214.000	428.000	-107.000	321.000	0.596	0.775	3.228	
8	2.000	2.000	269.000	1000.000	1119.407	1121.899	1123.711	9,	1123.865,	nan	nan	9.000	1126.724	-214.000	321.000	-428.000	214.000	1.503	1.812	3.781	
8	2.000	2.000	270.000	1000.000	1130.521	1132.958	1134.798	9,	1135.088,	nan	nan	9.000	1137.812	-107.000	214.000	-321.000	428.000	1.450	1.841	3.569	
8	2.000	2.000	271.000	1000.000	1141.404	1143.520	1145.095	8,	1145.955,	nan	nan	8.000	1148.106	-321.000	107.000	-107.000	321.000	1.137	1.576	2.244	
8	2.000	2.000	272.000	1000.000	1150.362	1152.185	1153.264	9,9,	1153.390,1153.615,	nan	nan	9.000	1156.275	-107.000	428.000	-428.000	321.000	0.833	1.079	3.788	
8	2.000	2.000	273.000	1000.000	1160.090	1162.857	1163.651	9,	1164.944,	nan	nan	9.000	1166.662	-214.000	321.000	-107.000	214.000	1.793	0.794	2.868	
8	2.000	2.000	274.000	1000.000	1169.554	1171.635	1172.848	8,	1172.970,	nan	nan	8.000	1175.861	214.000	107.000	321.000	107.000	1.103	1.214	3.428	
8	2.000	2.000	275.000	1000.000	1179.305	1181.842	1182.829	8,	1183.383,	nan	nan	8.000	1185.839	-428.000	321.000	-214.000	214.000	1.551	0.987	2.296	
8	2.000	2.000	276.000	1000.000	1188.164	1189.810	1190.624	8,	1191.772,	nan	nan	8.000	1193.634	-428.000	107.000	-321.000	321.000	0.674	0.814	3.878	
8	2.000	2.000	277.000	1000.000	1197.534	1199.867	1201.201	8,	1201.770,	nan	nan	8.000	1204.212	-321.000	321.000	-214.000	214.000	1.354	1.334	2.437	
8	2.000	2.000	278.000	1000.000	1206.665	1208.561	1210.344	9,	1210.519,	nan	nan	9.000	1213.357	-321.000	321.000	-428.000	214.000	0.910	1.783	3.325	
8	2.000	2.000	279.000	1000.000	1216.699	1219.260	1220.575	9,	1220.890,	nan	nan	9.000	1223.586	-321.000	107.000	-428.000	321.000	1.576	1.315	2.386	
8	2.000	2.000	280.000	1000.000	1225.988	1228.650	1229.666	8,8,	1229.955,1230.758,	nan	nan	8.000	1232.677	-428.000	214.000	-107.000	107.000	1.677	1.016	2.797	
8	2.000	2.000	281.000	1000.000	1235.502	1237.092	1237.804	nan	nan	nan	nan	nan	nan	-214.000	107.000	-321.000	428.000	0.616	0.712	2.965	
8	2.000	2.000	282.000	1000.000	1243.805	1246.329	1246.896	9,	1247.217,	nan	nan	9.000	1249.910	-107.000	321.000	-321.000	214.000	1.537	0.568	2.302	
8	2.000	2.000	283.000	1000.000	1252.248	1253.835	1254.894	8,	1255.210,	nan	nan	8.000	1257.908	-321.000	107.000	-214.000	428.000	0.621	1.059	2.611	
8	2.000	2.000	284.000	1000.000	1260.549	1262.325	1263.292	8,	1263.575,	nan	nan	8.000	1266.305	-428.000	107.000	-214.000	428.000	0.804	0.968	3.582	
8	2.000	2.000	285.000	1000.000	1269.917	1272.629	1274.146	9,	1274.444,	nan	nan	9.000	1277.160	-214.000	321.000	-428.000	428.000	1.740	1.518	2.682	
8	2.000	2.000	286.000	1000.000	1279.858	1282.819	1283.440	8,	1283.924,	nan	nan	8.000	1286.453	-428.000	321.000	-107.000	214.000	1.976	0.621	2.566	
8	2.000	2.000	287.000	1000.000	1289.049	1291.886	1292.737	8,	1292.963,	nan	nan	8.000	1295.750	-321.000	428.000	-214.000	428.000	1.865	0.852	2.026	
8	2.000	2.000	288.000	1000.000	1297.806	1299.683	1300.781	8,	1301.075,	nan	nan	8.000	1303.792	-321.000	428.000	-214.000	214.000	0.905	1.098	3.897	
8	2.000	2.000	289.000	1000.000	1307.721	1309.321	1310.476	8,8,	1310.532,1310.841,	nan	nan	8.000	1313.491	-107.000	107.000	-214.000	428.000	0.630	1.156	2.881	
8	2.000	2.000	290.000	1000.000	1316.395	1319.003	1319.521	8,	1320.767,	nan	nan	8.000	1322.532	-428.000	107.000	-321.000	428.000	1.629	0.519	3.203	
8	2.000	2.000	291.000	1000.000	1325.751	1328.732	1329.767	9,	1330.548,	nan	nan	9.000	1332.777	-107.000	214.000	-214.000	107.000	1.995	1.035	3.839	
8	2.000	2.000	292.000	1000.000	1336.633	1338.784	1340.272	9,	1341.387,	nan	nan	9.000	1343.283	-107.000	107.000	-321.000	428.000	1.166	1.489	3.511	
8	2.000	2.000	293.000	1000.000	1346.820	1349.531	1351.193	9,	1351.792,	nan	nan	9.000	1354.204	-214.000	214.000	-107.000	107.000	1.735	1.662	2.977	
8	2.000	2.000	294.000	1000.000	1357.212	1359.952	1360.683	9,	1360.969,	nan	nan	9.000	1363.698	-214.000	214.000	-428.000	321.000	1.768	0.732	2.180	
8	2.000	2.000	295.000	1000.000	1365.905	1367.626	1368.318	8,8,	1368.580,1368.746,	nan	nan	8.000	1371.329	-214.000	321.000	-107.000	428.000	0.746	0.693	2.675	
8	2.000	2.000	296.000	1000.000	1374.027	1375.902	1376.990	9,8,	1377.491,1378.503,	nan	nan	8.000	1380.001	-321.000	107.000	-428.000	428.000	0.895	1.088	3.666	
8	2.000	2.000	297.000	1000.000	1383.683	1385.762	1386.700	8,8,	1386.773,1387.015,	nan	nan	8.000	1389.713	-321.000	321.000	-107.000	428.000	1.093	0.939	2.849	
8	2.000	2.000	298.000	1000.000	1392.584	1394.710	1395.919	8,9,8,9,	1396.351,1396.903,1397.285,1397.649,	nan	nan	9.000	1398.930	-321.000	321.000	-214.000	107.000	1.146	1.209	3.942	
8	2.000	2.000	299.000	1000.000	1402.899	1405.488	1407.381	8,	1407.687,	nan	nan	8.000	1410.395	-321.000	107.000	-214.000	321.000	1.614	1.894	3.627	
8	2.000	2.000	300.000	1000.000	1414.044	1416.899	1418.204	8,	1418.412,	nan	nan	8.000	1421.217	-321.000	-428.000	-214.000	-428.000	1.875	1.305	2.154	
8	2.000	2.000	301.000	1000.000	1423.385	1425.071	1426.969	8,	1427.151,	nan	nan	8.000	1429.983	-321.000	428.000	-214.000	321.000	0.698	1.899	2.971	
8	2.000	2.000	302.000	1000.000	1432.979	1434.769	1435.293	9,	1435.777,	nan	nan	9.000	1438.306	-107.000	107.000	-428.000	428.000	0.814	0.524	3.286	
8	2.000	2.000	303.000	1000.000	1441.636	1443.663	1445.470	8,	1446.423,	nan	nan	8.000	1448.481	-428.000	107.000	-321.000	214.000	1.069	1.807	2.186	
8	2.000	2.000	304.000	1000.000	1450.684	1452.767	1454.246	8,	1454.385,	nan	nan	8.000	1457.259	-428.000	214.000	-107.000	428.000	1.098	1.479	2.540	
8	2.000	2.000	305.000	1000.000	1459.829	1461.504	1463.325	9,	1463.703,	nan	nan	9.000	1466.337	-107.000	321.000	-214.000	214.000	0.703	1.822	2.469	
8	2.000	2.000	306.000	1000.000	1468.828	1470.873	1472.699	8,	1474.415,	nan	nan	8.000	1475.710	-428.000	107.000	-107.000	428.000	1.064	1.826	2.219	
8	2.000	2.000	307.000	1000.000	1477.945	1480.203	1481.705	8,	1481.968,	nan	nan	8.000	1484.720	-428.000	321.000	-107.000	428.000	1.272	1.503	2.514	
8	2.000	2.000	308.000	1000.000	1487.260	1488.977	1490.123	8,	1490.430,	nan	nan	8.000	1493.136	-321.000	107.000	-107.000	428.000	0.741	1.146	2.199	
8	2.000	2.000	309.000	1000.000	1495.368	1496.842	1497.949	9,	1498.927,	nan	nan	9.000	1500.961	-107.000	107.000	-428.000	321.000	0.505	1.108	2.045	
8	2.000	2.000	310.000	1000.000	1503.028	1504.937	1506.903	8,8,8,9,	1507.120,1507.241,1507.491,1508.774,	nan	nan	9.000	1509.914	-107.000	214.000	-214.000	428.000	0.929	1.966	3.936	
8	2.000	2.000	311.000	1000.000	1513.872	1515.419	1516.276	9,	1517.380,	nan	nan	9.000	1519.287	-214.000	321.000	-321.000	428.000	0.568	0.857	2.605	
8	2.000	2.000	312.000	1000.000	1521.924	1524.637	1526.613	9,	1526.870,	nan	nan	9.000	1529.627	-214.000	214.000	-321.000	107.000	1.744	1.976	2.990	
