subjID	session	Block	trialCount	earnings	Gam1Onset	Gam2Onset	FBOnset	KPs	RT	KPlate	RTlate	KP_Final	SLOnset	Gam1_1	Gam1_2	Gam2_1	Gam2_2	jit1	jit2	jit3	
9	2.000	1.000	1.000	1000.000	71.717	73.206	74.636	8,	75.283,	nan	nan	8.000	77.658	321.000	-428.000	428.000	-428.000	0.500	1.431	3.614	
9	2.000	1.000	2.000	1000.000	81.282	83.218	83.992	8,	84.277,	nan	nan	8.000	87.011	-428.000	428.000	-107.000	107.000	0.944	0.775	3.055	
9	2.000	1.000	3.000	1000.000	90.075	93.014	93.683	9,	94.060,	nan	nan	9.000	96.701	-321.000	321.000	-428.000	428.000	1.947	0.669	3.376	
9	2.000	1.000	4.000	1000.000	100.087	101.951	102.836	9,	103.239,	nan	nan	9.000	105.848	-214.000	428.000	-107.000	107.000	0.871	0.886	2.354	
9	2.000	1.000	5.000	1000.000	108.212	110.524	112.263	9,	113.220,	nan	nan	9.000	115.275	-321.000	214.000	-107.000	107.000	1.320	1.740	3.241	
9	2.000	1.000	6.000	1000.000	118.526	121.485	123.007	9,	123.385,	nan	nan	9.000	126.026	-428.000	428.000	-321.000	107.000	1.966	1.523	3.132	
9	2.000	1.000	7.000	1000.000	129.168	130.862	132.254	8,	132.626,	nan	nan	8.000	135.273	-321.000	321.000	-107.000	214.000	0.703	1.392	2.682	
9	2.000	1.000	8.000	1000.000	137.965	140.956	141.909	9,	142.606,	nan	nan	9.000	144.922	-107.000	321.000	-428.000	107.000	2.000	0.953	2.810	
9	2.000	1.000	9.000	1000.000	147.743	149.360	150.622	8,	151.260,	nan	nan	8.000	153.634	-214.000	214.000	-428.000	107.000	0.625	1.262	2.547	
9	2.000	1.000	10.000	1000.000	156.192	158.961	159.702	9,8,	160.564,161.488,	nan	nan	8.000	162.714	-214.000	428.000	-107.000	214.000	1.778	0.741	3.183	
9	2.000	1.000	11.000	1000.000	165.926	167.438	168.314	8,	168.898,	nan	nan	8.000	171.326	-428.000	214.000	-321.000	321.000	0.539	0.876	2.019	
9	2.000	1.000	12.000	1000.000	173.364	175.518	177.392	8,9,	178.037,179.013,	nan	nan	9.000	180.405	-428.000	321.000	-321.000	428.000	1.170	1.875	2.733	
9	2.000	1.000	13.000	1000.000	183.151	185.132	186.162	8,	187.058,	nan	nan	8.000	189.175	-214.000	428.000	-321.000	107.000	0.992	1.031	2.514	
9	2.000	1.000	14.000	1000.000	191.726	193.336	195.041	8,	195.718,	nan	nan	8.000	198.060	321.000	107.000	428.000	107.000	0.645	1.706	2.932	
9	2.000	1.000	15.000	1000.000	201.023	203.262	203.964	8,	204.758,	nan	nan	8.000	206.982	-428.000	214.000	-214.000	321.000	1.267	0.703	2.302	
9	2.000	1.000	16.000	1000.000	209.324	211.886	212.666	9,	213.497,	nan	nan	9.000	215.679	-107.000	321.000	-428.000	428.000	1.600	0.780	3.576	
9	2.000	1.000	17.000	1000.000	219.291	221.326	222.983	8,9,	223.341,223.869,	nan	nan	9.000	225.995	-214.000	428.000	-321.000	214.000	1.069	1.658	3.460	
9	2.000	1.000	18.000	1000.000	229.484	231.666	233.386	8,	233.724,	nan	nan	8.000	236.404	-321.000	321.000	-214.000	428.000	1.209	1.720	3.068	
9	2.000	1.000	19.000	1000.000	239.531	241.876	242.549	9,	243.200,	nan	nan	9.000	245.561	-321.000	428.000	-214.000	107.000	1.402	0.674	2.572	
9	2.000	1.000	20.000	1000.000	248.193	249.747	251.703	8,9,8,	252.049,253.310,253.666,	nan	nan	8.000	254.716	-214.000	107.000	-321.000	214.000	0.611	1.957	3.080	
9	2.000	1.000	21.000	1000.000	257.842	259.303	260.468	8,9,	261.290,261.809,	8.000	263.481	9.000	263.481	-107.000	214.000	-428.000	107.000	0.505	1.166	3.447	
9	2.000	1.000	22.000	1000.000	266.963	269.544	270.468	8,	270.882,	nan	nan	8.000	273.481	-107.000	428.000	-214.000	214.000	1.614	0.924	3.871	
9	2.000	1.000	23.000	1000.000	277.390	279.963	280.868	8,9,	281.374,282.634,	8.000	283.887	9.000	283.887	-107.000	428.000	-321.000	107.000	1.609	0.905	2.296	
9	2.000	1.000	24.000	1000.000	286.199	288.712	290.605	8,	290.937,	nan	nan	8.000	293.618	-214.000	107.000	-321.000	321.000	1.527	1.894	2.945	
9	2.000	1.000	25.000	1000.000	296.596	298.152	300.113	8,	300.392,	nan	nan	8.000	303.125	-428.000	321.000	-321.000	107.000	0.587	1.961	2.534	
9	2.000	1.000	26.000	1000.000	305.683	308.603	309.605	9,	309.989,	nan	nan	9.000	312.622	-321.000	214.000	-428.000	107.000	1.942	1.002	2.997	
9	2.000	1.000	27.000	1000.000	315.635	317.589	318.185	8,	318.782,	nan	nan	8.000	321.202	-214.000	428.000	-107.000	428.000	0.968	0.596	3.910	
9	2.000	1.000	28.000	1000.000	325.132	327.193	328.286	8,9,	329.150,329.613,	nan	nan	9.000	331.304	-107.000	428.000	-214.000	107.000	1.079	1.093	2.939	
9	2.000	1.000	29.000	1000.000	334.266	337.110	338.483	9,	339.035,	nan	nan	9.000	341.501	-107.000	214.000	-428.000	321.000	1.865	1.373	3.653	
9	2.000	1.000	30.000	1000.000	345.171	346.675	347.696	8,	347.997,	nan	nan	8.000	350.714	-428.000	428.000	-107.000	214.000	0.519	1.021	2.887	
9	2.000	1.000	31.000	1000.000	353.618	355.745	356.891	9,	358.487,	nan	nan	9.000	359.903	-214.000	214.000	-321.000	321.000	1.141	1.146	2.051	
9	2.000	1.000	32.000	1000.000	361.971	364.619	365.804	9,	366.394,	nan	nan	9.000	368.816	-214.000	428.000	-428.000	107.000	1.662	1.185	2.553	
9	2.000	1.000	33.000	1000.000	371.385	373.397	375.189	9,	375.556,	nan	nan	9.000	378.202	-428.000	428.000	-214.000	107.000	1.026	1.793	3.170	
9	2.000	1.000	34.000	1000.000	381.396	383.979	384.542	8,	385.199,	9.000	387.554	8.000	387.554	-107.000	428.000	-214.000	321.000	1.605	0.563	3.093	
9	2.000	1.000	35.000	1000.000	390.664	393.539	395.447	9,	396.097,	nan	nan	9.000	398.466	-321.000	214.000	-214.000	107.000	1.889	1.908	3.383	
9	2.000	1.000	36.000	1000.000	401.865	403.606	404.815	8,	404.844,	nan	nan	8.000	407.833	-214.000	214.000	-321.000	428.000	0.756	1.209	2.842	
9	2.000	1.000	37.000	1000.000	410.692	413.417	413.927	9,	414.824,	nan	nan	9.000	416.938	-107.000	214.000	-321.000	321.000	1.740	0.510	2.431	
9	2.000	1.000	38.000	1000.000	419.386	421.763	423.271	9,	423.553,	nan	nan	9.000	426.284	-214.000	214.000	-107.000	321.000	1.392	1.508	2.695	
9	2.000	1.000	39.000	1000.000	429.338	431.498	433.416	9,	433.790,	nan	nan	9.000	436.433	-107.000	428.000	-428.000	107.000	1.518	1.918	3.003	
9	2.000	1.000	40.000	1000.000	439.454	441.252	442.721	9,8,	443.634,444.123,	nan	nan	8.000	445.740	-214.000	-428.000	-107.000	-428.000	0.814	1.469	3.209	
9	2.000	1.000	41.000	1000.000	448.963	451.579	453.053	9,	453.248,	nan	nan	9.000	456.071	-107.000	214.000	-321.000	107.000	1.629	1.474	2.804	
9	2.000	1.000	42.000	1000.000	458.890	460.912	462.598	8,	462.789,	nan	nan	8.000	465.610	-428.000	214.000	-321.000	428.000	1.035	1.686	3.524	
9	2.000	1.000	43.000	1000.000	469.152	471.929	472.993	8,9,	473.832,474.274,	nan	nan	9.000	476.011	-321.000	107.000	-428.000	214.000	1.793	1.064	2.823	
9	2.000	1.000	44.000	1000.000	478.851	480.988	482.515	8,9,	483.007,484.342,	nan	nan	9.000	485.526	-107.000	321.000	-321.000	107.000	1.151	1.527	3.235	
9	2.000	1.000	45.000	1000.000	488.778	490.823	491.694	9,	492.147,	nan	nan	9.000	494.706	-214.000	214.000	-428.000	428.000	1.059	0.871	3.190	
9	2.000	1.000	46.000	1000.000	497.912	500.285	501.744	9,	502.166,	nan	nan	9.000	504.762	-214.000	428.000	-428.000	214.000	1.387	1.460	2.894	
9	2.000	1.000	47.000	1000.000	507.672	510.210	512.012	8,	512.347,	9.000	515.024	8.000	515.024	-321.000	214.000	-214.000	321.000	1.551	1.802	3.730	
9	2.000	1.000	48.000	1000.000	518.771	520.319	520.824	9,	522.218,	nan	nan	9.000	523.842	-214.000	107.000	-428.000	321.000	0.563	0.505	3.145	
9	2.000	1.000	49.000	1000.000	527.003	529.250	531.231	9,	531.553,	nan	nan	9.000	534.249	-107.000	214.000	-428.000	428.000	1.262	1.981	3.428	
9	2.000	1.000	50.000	1000.000	537.692	539.902	541.661	9,	541.960,	nan	nan	9.000	544.679	-214.000	107.000	-428.000	214.000	1.223	1.759	2.469	
9	2.000	1.000	51.000	1000.000	547.166	549.384	550.978	8,	551.496,	nan	nan	8.000	553.992	-428.000	428.000	-214.000	321.000	1.233	1.595	2.232	
9	2.000	1.000	52.000	1000.000	556.246	557.885	558.876	9,	559.581,	nan	nan	9.000	561.888	-321.000	214.000	-428.000	321.000	0.659	0.992	2.096	
9	2.000	1.000	53.000	1000.000	564.001	566.746	568.012	8,9,	568.446,568.914,	nan	nan	9.000	571.030	214.000	-321.000	428.000	-321.000	1.759	1.267	2.238	
9	2.000	1.000	54.000	1000.000	573.284	575.696	576.822	8,9,8,9,	577.085,577.688,578.077,578.534,	nan	nan	9.000	579.835	-107.000	214.000	-214.000	321.000	1.426	1.127	2.109	
9	2.000	1.000	55.000	1000.000	581.965	583.866	585.403	9,	585.690,	nan	nan	9.000	588.415	-214.000	428.000	-321.000	321.000	0.920	1.537	3.222	
9	2.000	1.000	56.000	1000.000	591.654	594.475	595.134	9,	595.937,	nan	nan	9.000	598.151	-214.000	107.000	-428.000	428.000	1.836	0.659	2.913	
9	2.000	1.000	57.000	1000.000	601.081	603.927	604.590	8,9,8,	605.129,606.091,606.508,	nan	nan	8.000	607.603	-107.000	107.000	-214.000	214.000	1.860	0.664	2.289	
9	2.000	1.000	58.000	1000.000	609.908	612.349	614.339	8,	614.760,	nan	nan	8.000	617.352	-428.000	321.000	-214.000	107.000	1.455	1.990	2.341	
9	2.000	1.000	59.000	1000.000	619.710	622.411	622.963	9,	623.827,	nan	nan	9.000	625.982	-107.000	107.000	-428.000	214.000	1.715	0.553	2.039	
9	2.000	1.000	60.000	1000.000	628.035	629.817	631.532	9,	631.816,	nan	nan	9.000	634.544	-214.000	214.000	-107.000	428.000	0.794	1.715	2.752	
9	2.000	1.000	61.000	1000.000	637.319	638.933	639.732	8,	640.193,	nan	nan	8.000	642.751	-428.000	107.000	-107.000	214.000	0.635	0.799	3.248	
9	2.000	1.000	62.000	1000.000	646.014	647.858	649.510	8,	649.894,	nan	nan	8.000	652.528	-428.000	428.000	-214.000	214.000	0.857	1.653	3.949	
9	2.000	1.000	63.000	1000.000	656.493	658.885	659.428	8,9,8,	659.924,660.384,660.708,	nan	nan	8.000	662.446	-214.000	321.000	-321.000	107.000	1.407	0.543	3.685	
9	2.000	1.000	64.000	1000.000	666.148	667.729	668.494	9,	668.952,	nan	nan	9.000	671.513	-321.000	428.000	-428.000	321.000	0.596	0.765	2.457	
9	2.000	1.000	65.000	1000.000	673.987	676.152	677.727	nan	nan	nan	nan	nan	nan	-214.000	428.000	-428.000	321.000	1.180	1.576	3.711	
9	2.000	1.000	66.000	1000.000	684.489	686.977	688.793	8,	688.939,	nan	nan	8.000	691.812	214.000	107.000	428.000	107.000	1.503	1.817	3.408	
9	2.000	1.000	67.000	1000.000	695.237	697.691	698.664	9,	699.011,	nan	nan	9.000	701.677	-321.000	214.000	-428.000	428.000	1.469	0.973	3.537	
9	2.000	1.000	68.000	1000.000	705.238	708.168	708.788	9,8,	709.552,709.731,	nan	nan	8.000	711.801	-107.000	428.000	-321.000	321.000	1.952	0.621	2.502	
9	2.000	1.000	69.000	1000.000	714.319	716.417	717.731	9,	718.497,	nan	nan	9.000	720.744	-107.000	428.000	-428.000	214.000	1.113	1.315	2.508	
9	2.000	1.000	70.000	1000.000	723.269	725.565	726.219	8,9,8,9,	726.798,727.363,727.687,728.074,	nan	nan	9.000	729.236	-321.000	214.000	-107.000	321.000	1.310	0.654	2.424	
9	2.000	1.000	71.000	1000.000	731.678	733.852	734.371	8,9,	734.819,736.179,	8.000	737.389	9.000	737.389	-214.000	107.000	-107.000	321.000	1.190	0.519	2.225	
9	2.000	1.000	72.000	1000.000	739.631	741.579	743.502	8,	743.819,	nan	nan	8.000	746.520	-214.000	107.000	-107.000	428.000	0.963	1.923	3.370	
9	2.000	1.000	73.000	1000.000	749.906	751.777	752.610	8,	752.953,	nan	nan	8.000	755.628	-321.000	214.000	-107.000	428.000	0.886	0.833	3.344	
9	2.000	1.000	74.000	1000.000	758.988	761.135	763.077	8,	763.592,	nan	nan	8.000	766.096	-107.000	321.000	-214.000	428.000	1.161	1.942	3.363	
9	2.000	1.000	75.000	1000.000	769.476	772.095	773.549	8,	773.947,	nan	nan	8.000	776.567	-428.000	214.000	-107.000	321.000	1.633	1.455	2.148	
9	2.000	1.000	76.000	1000.000	778.732	780.347	781.199	8,	782.104,	nan	nan	8.000	784.211	-428.000	428.000	-321.000	214.000	0.630	0.852	2.662	
9	2.000	1.000	77.000	1000.000	786.890	789.697	790.515	8,	790.982,	9.000	793.528	8.000	793.528	-107.000	428.000	-321.000	214.000	1.822	0.818	2.990	
9	2.000	1.000	78.000	1000.000	796.535	799.433	799.957	8,9,8,	801.094,801.613,801.897,	nan	nan	8.000	802.970	-428.000	214.000	-214.000	107.000	1.913	0.524	3.453	
9	2.000	1.000	79.000	1000.000	806.440	808.557	809.717	9,	810.039,	nan	nan	9.000	812.735	-321.000	107.000	-107.000	107.000	1.132	1.161	3.788	
9	2.000	1.000	80.000	1000.000	816.539	818.357	820.058	8,9,	820.472,821.677,	nan	nan	9.000	823.071	-428.000	107.000	-214.000	214.000	0.833	1.701	2.868	
9	2.000	1.000	81.000	1000.000	825.956	827.982	829.224	8,	829.545,	nan	nan	8.000	832.236	-107.000	107.000	-321.000	321.000	1.040	1.243	2.489	
9	2.000	1.000	82.000	1000.000	834.741	837.582	838.516	9,	839.015,	nan	nan	9.000	841.528	-428.000	428.000	-107.000	321.000	1.855	0.934	2.875	
9	2.000	1.000	83.000	1000.000	844.419	846.025	847.147	8,	847.471,	nan	nan	8.000	850.160	-428.000	214.000	-321.000	107.000	0.621	1.122	2.611	
9	2.000	1.000	84.000	1000.000	852.787	854.456	856.118	9,	856.178,	nan	nan	9.000	859.131	-214.000	107.000	-107.000	214.000	0.683	1.662	3.138	
9	2.000	1.000	85.000	1000.000	862.295	864.731	866.403	8,	866.663,	nan	nan	8.000	869.416	-107.000	321.000	-321.000	428.000	1.460	1.672	2.785	
9	2.000	1.000	86.000	1000.000	872.218	874.224	875.355	8,9,	875.995,877.281,	nan	nan	9.000	878.369	-214.000	321.000	-107.000	107.000	1.021	1.132	2.920	
9	2.000	1.000	87.000	1000.000	881.305	883.649	884.404	9,	884.946,	nan	nan	9.000	887.416	-214.000	428.000	-107.000	321.000	1.359	0.756	3.312	
9	2.000	1.000	88.000	1000.000	890.745	893.692	895.643	8,	895.728,	nan	nan	8.000	898.661	-321.000	107.000	-107.000	214.000	1.961	1.952	2.251	
9	2.000	1.000	89.000	1000.000	900.927	903.904	904.992	9,	905.398,	nan	nan	9.000	908.006	-107.000	321.000	-428.000	214.000	1.990	1.088	3.106	
9	2.000	1.000	90.000	1000.000	911.141	913.598	914.184	9,	914.694,	nan	nan	9.000	917.196	-321.000	428.000	-428.000	214.000	1.484	0.587	2.952	
9	2.000	1.000	91.000	1000.000	920.165	922.735	923.307	9,	923.961,	nan	nan	9.000	926.319	-214.000	321.000	-428.000	107.000	1.585	0.572	2.907	
9	2.000	1.000	92.000	1000.000	929.243	930.805	931.782	9,8,9,	932.743,933.196,933.686,	nan	nan	9.000	934.795	-321.000	-428.000	-107.000	-428.000	0.577	0.977	3.543	
9	2.000	1.000	93.000	1000.000	938.356	940.535	942.342	9,	942.461,	nan	nan	9.000	945.360	-321.000	321.000	-107.000	107.000	1.195	1.807	3.736	
9	2.000	1.000	94.000	1000.000	949.114	950.642	951.981	8,9,	952.369,953.729,	8.000	954.999	9.000	954.999	-107.000	107.000	-321.000	214.000	0.543	1.339	2.013	
9	2.000	1.000	95.000	1000.000	957.027	959.570	960.354	9,	960.514,	nan	nan	9.000	963.366	-321.000	428.000	-107.000	214.000	1.556	0.785	2.463	
9	2.000	1.000	96.000	1000.000	965.846	968.812	970.778	8,	971.050,	nan	nan	8.000	973.791	-428.000	321.000	-107.000	107.000	1.981	1.966	2.643	
9	2.000	1.000	97.000	1000.000	976.454	978.640	980.611	9,	981.001,	nan	nan	9.000	983.630	-321.000	107.000	-107.000	321.000	1.204	1.971	2.630	
9	2.000	1.000	98.000	1000.000	986.277	988.727	989.641	8,	989.975,	nan	nan	8.000	992.654	-428.000	321.000	-214.000	428.000	1.465	0.915	2.579	
9	2.000	1.000	99.000	1000.000	995.250	997.010	998.773	8,	999.157,	nan	nan	8.000	1001.786	-214.000	321.000	-321.000	214.000	0.775	1.764	3.994	
9	2.000	1.000	100.000	1000.000	1005.797	1008.535	1010.448	9,	1010.845,	nan	nan	9.000	1013.467	-107.000	428.000	-428.000	321.000	1.754	1.913	2.264	
9	2.000	1.000	101.000	1000.000	1015.748	1017.614	1019.112	8,	1019.271,	nan	nan	8.000	1022.126	-428.000	107.000	-107.000	321.000	0.881	1.498	2.418	
9	2.000	1.000	102.000	1000.000	1024.560	1026.682	1027.274	8,9,	1027.836,1028.932,	nan	nan	9.000	1030.290	-321.000	107.000	-214.000	214.000	1.137	0.592	2.855	
9	2.000	1.000	103.000	1000.000	1033.162	1035.376	1037.207	8,9,	1037.822,1038.498,	nan	nan	9.000	1040.225	-321.000	321.000	-428.000	107.000	1.228	1.831	2.444	
9	2.000	1.000	104.000	1000.000	1042.686	1045.521	1047.010	8,	1047.730,	nan	nan	8.000	1050.022	-214.000	321.000	-107.000	214.000	1.850	1.489	3.807	
9	2.000	1.000	105.000	1000.000	1053.845	1056.469	1057.775	8,9,	1058.661,1059.547,	nan	nan	9.000	1060.787	214.000	-428.000	321.000	-428.000	1.638	1.305	3.421	
9	2.000	1.000	106.000	1000.000	1064.225	1067.056	1067.734	8,9,8,	1068.168,1068.602,1069.127,	9.000	1070.750	8.000	1070.750	-107.000	214.000	-321.000	428.000	1.846	0.678	3.633	
9	2.000	1.000	107.000	1000.000	1074.400	1076.740	1077.466	8,	1078.286,	nan	nan	8.000	1080.479	-428.000	321.000	-321.000	214.000	1.354	0.727	3.846	
9	2.000	1.000	108.000	1000.000	1084.341	1085.928	1087.652	9,	1088.140,	nan	nan	9.000	1090.670	-321.000	428.000	-428.000	107.000	0.601	1.725	3.601	
9	2.000	1.000	109.000	1000.000	1094.294	1096.492	1097.319	8,	1097.767,	nan	nan	8.000	1100.337	-428.000	107.000	-214.000	321.000	1.219	0.828	4.000	
9	2.000	1.000	110.000	1000.000	1104.354	1106.987	1107.699	8,	1108.270,	nan	nan	8.000	1110.717	-428.000	428.000	-321.000	321.000	1.648	0.712	3.203	
9	2.000	1.000	111.000	1000.000	1113.936	1116.420	1117.416	9,	1118.261,	nan	nan	9.000	1120.429	-107.000	321.000	-214.000	107.000	1.498	0.997	3.640	
9	2.000	1.000	112.000	1000.000	1124.085	1126.361	1128.337	9,	1128.736,	nan	nan	9.000	1131.356	-107.000	107.000	-214.000	321.000	1.291	1.976	2.084	
9	2.000	1.000	113.000	1000.000	1133.456	1135.390	1137.259	8,8,8,8,	1137.351,1137.711,1138.136,1138.460,	nan	nan	8.000	1140.272	-321.000	214.000	-214.000	428.000	0.949	1.870	3.968	
9	2.000	1.000	114.000	1000.000	1144.258	1146.962	1148.561	9,8,	1148.593,1150.283,	nan	nan	8.000	1151.580	-428.000	214.000	-214.000	428.000	1.720	1.600	2.000	
9	2.000	1.000	115.000	1000.000	1153.603	1155.912	1157.699	9,	1158.089,	nan	nan	9.000	1160.712	-321.000	428.000	-107.000	321.000	1.330	1.788	3.531	
9	2.000	1.000	116.000	1000.000	1164.267	1166.492	1167.387	9,	1167.823,	nan	nan	9.000	1170.406	-321.000	428.000	-107.000	107.000	1.248	0.895	3.859	
9	2.000	1.000	117.000	1000.000	1174.280	1177.097	1178.046	9,8,	1178.981,1179.828,	9.000	1181.064	8.000	1181.064	-214.000	321.000	-428.000	214.000	1.831	0.949	2.592	
9	2.000	1.000	118.000	1000.000	1183.672	1185.592	1186.559	9,	1187.315,	nan	nan	9.000	1189.571	214.000	428.000	321.000	428.000	0.934	0.968	3.228	
9	2.000	1.000	119.000	1000.000	1192.823	1194.711	1195.949	9,	1196.309,	nan	nan	9.000	1198.961	-107.000	107.000	-428.000	428.000	0.910	1.238	3.010	
9	2.000	1.000	120.000	1000.000	1201.988	1204.857	1205.844	9,8,	1206.286,1206.981,	nan	nan	8.000	1208.856	-428.000	107.000	-107.000	428.000	1.884	0.987	2.322	
9	2.000	1.000	121.000	1000.000	1211.195	1212.708	1213.878	9,8,	1214.313,1214.787,	nan	nan	8.000	1216.896	-214.000	214.000	-321.000	107.000	0.529	1.170	2.437	
9	2.000	1.000	122.000	1000.000	1219.357	1220.860	1221.682	9,	1222.058,	nan	nan	9.000	1224.700	-107.000	107.000	-428.000	321.000	0.524	0.823	2.347	
9	2.000	1.000	123.000	1000.000	1227.065	1229.495	1230.130	9,	1231.187,	nan	nan	9.000	1233.147	-428.000	107.000	-321.000	214.000	1.445	0.635	3.511	
9	2.000	1.000	124.000	1000.000	1236.675	1239.385	1240.420	8,	1241.376,	nan	nan	8.000	1243.433	-107.000	321.000	-321.000	214.000	1.725	1.035	2.180	
9	2.000	1.000	125.000	1000.000	1245.629	1247.173	1248.753	8,	1249.003,	nan	nan	8.000	1251.765	-321.000	321.000	-214.000	107.000	0.558	1.580	2.637	
9	2.000	1.000	126.000	1000.000	1254.418	1257.298	1259.119	8,	1259.468,	nan	nan	8.000	1262.131	-214.000	321.000	-321.000	428.000	1.894	1.822	2.849	
9	2.000	1.000	127.000	1000.000	1264.996	1266.882	1268.443	8,	1268.472,	nan	nan	8.000	1271.456	-107.000	107.000	-214.000	428.000	0.900	1.561	3.916	
9	2.000	1.000	128.000	1000.000	1275.393	1277.950	1279.318	8,9,8,	1279.562,1280.015,1280.518,	nan	nan	8.000	1282.336	-428.000	107.000	-214.000	428.000	1.576	1.368	3.878	
9	2.000	1.000	129.000	1000.000	1286.231	1287.856	1289.441	9,	1289.819,	nan	nan	9.000	1292.458	-321.000	428.000	-214.000	321.000	0.640	1.585	3.923	
9	2.000	1.000	130.000	1000.000	1296.399	1298.221	1299.362	8,8,	1299.950,1300.299,	nan	nan	8.000	1302.374	-321.000	321.000	-107.000	428.000	0.838	1.141	3.974	
9	2.000	1.000	131.000	1000.000	1306.386	1308.366	1309.295	8,	1309.839,	nan	nan	8.000	1312.313	-321.000	107.000	-214.000	107.000	1.016	0.929	2.772	
9	2.000	1.000	132.000	1000.000	1315.101	1317.073	1318.523	8,	1319.222,	nan	nan	8.000	1321.535	-428.000	214.000	-107.000	107.000	0.987	1.450	2.900	
9	2.000	1.000	133.000	1000.000	1324.452	1326.926	1328.347	9,	1328.546,	nan	nan	9.000	1331.360	-428.000	321.000	-107.000	214.000	1.489	1.421	3.113	
9	2.000	1.000	134.000	1000.000	1334.489	1337.272	1338.881	8,	1339.140,	9.000	1341.900	8.000	1341.900	-107.000	214.000	-214.000	428.000	1.797	1.609	2.412	
9	2.000	1.000	135.000	1000.000	1344.330	1346.821	1347.977	8,	1348.010,	nan	nan	8.000	1350.989	-214.000	321.000	-107.000	428.000	1.508	1.156	3.087	
9	2.000	1.000	136.000	1000.000	1354.092	1355.732	1356.420	8,	1356.825,	nan	nan	8.000	1359.439	-107.000	214.000	-214.000	107.000	0.654	0.688	3.395	
9	2.000	1.000	137.000	1000.000	1362.851	1364.587	1365.935	8,9,	1366.309,1366.735,	nan	nan	9.000	1368.955	-321.000	107.000	-428.000	428.000	0.751	1.349	2.585	
9	2.000	1.000	138.000	1000.000	1371.564	1374.036	1374.873	9,	1375.268,	nan	nan	9.000	1377.886	-321.000	321.000	-428.000	214.000	1.494	0.838	2.984	
9	2.000	1.000	139.000	1000.000	1380.886	1383.747	1385.602	8,	1385.797,	nan	nan	8.000	1388.621	-107.000	107.000	-321.000	428.000	1.875	1.855	3.961	
9	2.000	1.000	140.000	1000.000	1392.600	1394.919	1396.803	8,9,8,9,	1397.192,1397.720,1397.985,1398.332,	nan	nan	9.000	1399.821	-428.000	214.000	-107.000	428.000	1.334	1.884	3.196	
9	2.000	1.000	141.000	1000.000	1403.057	1404.741	1406.167	9,	1406.928,	nan	nan	9.000	1409.185	-321.000	107.000	-428.000	321.000	0.722	1.426	3.318	
9	2.000	1.000	142.000	1000.000	1412.533	1415.236	1416.440	8,	1416.807,	9.000	1419.460	8.000	1419.460	-321.000	107.000	-107.000	428.000	1.730	1.204	3.563	
9	2.000	1.000	143.000	1000.000	1423.039	1425.151	1427.055	9,	1427.224,	nan	nan	9.000	1430.074	-428.000	107.000	-321.000	428.000	1.127	1.904	3.768	
9	2.000	1.000	144.000	1000.000	1433.860	1436.367	1438.097	8,	1438.634,	nan	nan	8.000	1441.109	-321.000	-107.000	-214.000	-107.000	1.523	1.730	3.505	
9	2.000	1.000	145.000	1000.000	1444.630	1446.613	1447.788	9,9,	1448.307,1448.836,	nan	nan	9.000	1450.800	-214.000	107.000	-321.000	428.000	0.997	1.175	3.415	
9	2.000	1.000	146.000	1000.000	1454.233	1457.188	1457.803	9,8,	1457.968,1458.487,	nan	nan	8.000	1460.815	-107.000	321.000	-214.000	214.000	1.971	0.616	3.904	
9	2.000	1.000	147.000	1000.000	1464.735	1466.432	1467.877	9,	1468.232,	nan	nan	9.000	1470.891	-321.000	428.000	-214.000	214.000	0.712	1.445	3.466	
9	2.000	1.000	148.000	1000.000	1474.380	1476.370	1477.680	8,	1477.960,	nan	nan	8.000	1480.698	-321.000	321.000	-214.000	214.000	1.011	1.310	2.309	
9	2.000	1.000	149.000	1000.000	1483.022	1484.948	1486.465	8,8,	1487.197,1487.462,	nan	nan	8.000	1489.483	-321.000	107.000	-214.000	428.000	0.939	1.518	2.714	
9	2.000	1.000	150.000	1000.000	1492.212	1495.010	1495.703	9,8,	1496.960,1497.572,	9.000	1498.721	8.000	1498.721	-428.000	321.000	-107.000	428.000	1.812	0.693	2.830	
9	2.000	1.000	151.000	1000.000	1501.585	1503.921	1504.497	9,	1506.183,	nan	nan	9.000	1507.515	-214.000	321.000	-428.000	428.000	1.368	0.577	2.360	
9	2.000	1.000	152.000	1000.000	1509.892	1511.705	1513.184	8,	1513.420,	nan	nan	8.000	1516.202	-428.000	107.000	-321.000	321.000	0.828	1.479	3.286	
9	2.000	1.000	153.000	1000.000	1519.506	1521.338	1522.301	9,	1522.551,	nan	nan	9.000	1525.319	-214.000	214.000	-107.000	107.000	0.847	0.963	3.016	
9	2.000	1.000	154.000	1000.000	1528.351	1530.686	1532.198	8,	1532.419,	nan	nan	8.000	1535.211	-428.000	321.000	-214.000	214.000	1.349	1.513	3.299	
9	2.000	1.000	155.000	1000.000	1538.527	1540.769	1541.611	9,8,	1541.755,1542.853,	nan	nan	8.000	1544.630	-321.000	107.000	-214.000	321.000	1.257	0.842	3.023	
9	2.000	1.000	156.000	1000.000	1547.669	1550.332	1551.685	9,	1551.955,	nan	nan	9.000	1554.703	-214.000	214.000	-428.000	321.000	1.677	1.354	2.650	
9	2.000	2.000	157.000	1000.000	68.227	69.972	71.745	8,8,	71.800,72.380,	nan	nan	8.000	74.760	321.000	-321.000	428.000	-321.000	0.746	1.773	3.666	
9	2.000	2.000	158.000	1000.000	78.450	81.119	82.931	8,	83.115,	nan	nan	8.000	85.943	-321.000	321.000	-107.000	214.000	1.691	1.812	2.367	
9	2.000	2.000	159.000	1000.000	88.333	90.695	92.554	9,	92.812,	nan	nan	9.000	95.573	-428.000	428.000	-214.000	107.000	1.383	1.860	3.556	
9	2.000	2.000	160.000	1000.000	99.145	101.900	103.533	8,9,	103.781,104.475,	nan	nan	9.000	106.551	-214.000	214.000	-321.000	428.000	1.768	1.633	3.492	
9	2.000	2.000	161.000	1000.000	110.064	112.331	113.651	9,	113.817,	nan	nan	9.000	116.663	-428.000	321.000	-321.000	107.000	1.286	1.320	2.521	
9	2.000	2.000	162.000	1000.000	119.203	121.892	123.149	8,9,	123.590,124.510,	nan	nan	9.000	126.167	-214.000	107.000	-321.000	321.000	1.706	1.257	3.158	
9	2.000	2.000	163.000	1000.000	129.342	132.133	133.356	9,	133.997,	nan	nan	9.000	136.374	-214.000	214.000	-428.000	107.000	1.807	1.223	2.199	
9	2.000	2.000	164.000	1000.000	138.592	141.122	142.259	9,	142.636,	nan	nan	9.000	145.271	-214.000	428.000	-321.000	107.000	1.547	1.137	3.884	
9	2.000	2.000	165.000	1000.000	149.175	150.937	152.006	9,	152.525,	nan	nan	9.000	155.020	-107.000	321.000	-428.000	428.000	0.780	1.069	2.791	
9	2.000	2.000	166.000	1000.000	157.833	159.385	161.313	9,	161.379,	nan	nan	9.000	164.326	-321.000	214.000	-107.000	107.000	0.572	1.928	2.765	
9	2.000	2.000	167.000	1000.000	167.108	168.661	170.308	9,	170.493,	nan	nan	9.000	173.326	-107.000	214.000	-428.000	321.000	0.568	1.648	3.273	
9	2.000	2.000	168.000	1000.000	176.618	178.111	178.639	8,	178.917,	nan	nan	8.000	181.651	-321.000	321.000	-214.000	428.000	0.510	0.529	3.177	
9	2.000	2.000	169.000	1000.000	184.854	187.309	188.706	8,	189.665,	nan	nan	8.000	191.724	-428.000	214.000	-214.000	321.000	1.479	1.397	2.862	
9	2.000	2.000	170.000	1000.000	194.608	196.753	198.593	8,8,	198.712,198.973,	nan	nan	8.000	201.612	321.000	214.000	428.000	214.000	1.166	1.841	2.605	
9	2.000	2.000	171.000	1000.000	204.236	206.114	206.918	9,	207.006,	nan	nan	9.000	209.931	-107.000	428.000	-321.000	107.000	0.895	0.804	3.350	
9	2.000	2.000	172.000	1000.000	213.325	214.972	216.412	8,9,	216.437,216.919,	nan	nan	9.000	219.430	-214.000	214.000	-321.000	321.000	0.688	1.441	3.852	
9	2.000	2.000	173.000	1000.000	223.300	225.315	226.022	8,9,	226.442,227.006,	nan	nan	9.000	229.039	-107.000	428.000	-214.000	107.000	1.031	0.707	3.865	
9	2.000	2.000	174.000	1000.000	232.922	235.809	236.357	8,	236.875,	nan	nan	8.000	239.376	-428.000	321.000	-321.000	428.000	1.904	0.548	3.338	
9	2.000	2.000	175.000	1000.000	242.731	244.298	246.186	8,9,8,	246.736,247.617,247.870,	nan	nan	8.000	249.204	-107.000	214.000	-321.000	321.000	0.582	1.889	2.283	
9	2.000	2.000	176.000	1000.000	251.506	253.254	254.448	8,9,9,	254.953,255.308,255.734,	nan	nan	9.000	257.466	-107.000	214.000	-428.000	107.000	0.765	1.195	2.277	
9	2.000	2.000	177.000	1000.000	259.762	261.848	263.037	8,9,8,	263.286,263.816,264.931,	nan	nan	8.000	266.049	-428.000	428.000	-321.000	107.000	1.103	1.190	2.386	
9	2.000	2.000	178.000	1000.000	268.453	271.008	272.120	9,	272.898,	nan	nan	9.000	275.139	-321.000	321.000	-428.000	428.000	1.571	1.113	2.334	
9	2.000	2.000	179.000	1000.000	277.492	279.839	280.700	9,	281.166,	nan	nan	9.000	283.712	-214.000	107.000	-321.000	214.000	1.363	0.862	3.627	
9	2.000	2.000	180.000	1000.000	287.357	290.129	290.826	9,	290.909,	nan	nan	9.000	293.839	-107.000	428.000	-214.000	321.000	1.788	0.698	3.518	
9	2.000	2.000	181.000	1000.000	297.375	300.296	302.074	9,	302.145,	nan	nan	9.000	305.092	-107.000	428.000	-428.000	107.000	1.937	1.778	2.206	
9	2.000	2.000	182.000	1000.000	307.316	308.853	310.317	nan	nan	9.000	313.353	nan	nan	-107.000	321.000	-428.000	107.000	0.553	1.465	2.727	
9	2.000	2.000	183.000	1000.000	316.121	317.843	318.941	9,8,	318.969,319.040,	nan	nan	8.000	321.953	-214.000	107.000	-107.000	107.000	0.760	1.098	3.801	
9	2.000	2.000	184.000	1000.000	325.773	328.192	329.048	9,9,	329.287,329.533,	nan	nan	9.000	332.061	-214.000	428.000	-428.000	107.000	1.436	0.857	3.029	
9	2.000	2.000	185.000	1000.000	335.110	336.916	338.187	8,8,	338.414,338.650,	nan	nan	8.000	341.199	-428.000	428.000	-107.000	107.000	0.823	1.272	3.794	
9	2.000	2.000	186.000	1000.000	345.012	346.727	347.338	9,9,9,	347.399,347.624,347.860,	nan	nan	9.000	350.356	-214.000	214.000	-107.000	321.000	0.732	0.611	3.678	
9	2.000	2.000	187.000	1000.000	354.057	356.010	357.942	9,	358.137,	nan	nan	9.000	360.955	-321.000	214.000	-428.000	107.000	0.973	1.932	2.399	
9	2.000	2.000	188.000	1000.000	363.372	365.164	365.934	9,	366.154,	nan	nan	9.000	368.950	-107.000	428.000	-214.000	214.000	0.809	0.770	2.161	
9	2.000	2.000	189.000	1000.000	371.132	372.854	373.590	8,8,	374.347,374.604,	nan	nan	8.000	376.603	-428.000	428.000	-107.000	214.000	0.741	0.736	2.405	
9	2.000	2.000	190.000	1000.000	379.025	381.605	383.359	9,9,	383.553,383.797,	nan	nan	9.000	386.378	-428.000	214.000	-321.000	321.000	1.595	1.754	3.267	
9	2.000	2.000	191.000	1000.000	389.664	391.986	393.026	9,9,9,	393.060,393.262,393.494,	nan	nan	9.000	396.039	-214.000	428.000	-107.000	107.000	1.339	1.040	3.595	
9	2.000	2.000	192.000	1000.000	399.652	401.560	403.270	8,9,	403.757,403.989,	nan	nan	9.000	406.288	-321.000	214.000	-214.000	107.000	0.924	1.711	3.479	
9	2.000	2.000	193.000	1000.000	409.785	412.069	413.370	9,9,	413.483,413.962,	nan	nan	9.000	416.387	-214.000	428.000	-321.000	214.000	1.301	1.301	2.450	
9	2.000	2.000	194.000	1000.000	418.856	421.603	423.246	9,9,	423.417,423.652,	nan	nan	9.000	426.264	-321.000	428.000	-214.000	107.000	1.764	1.643	2.836	
9	2.000	2.000	195.000	1000.000	429.118	431.634	433.479	9,9,	433.571,434.019,	nan	nan	9.000	436.493	-214.000	428.000	-107.000	214.000	1.532	1.846	3.035	
9	2.000	2.000	196.000	1000.000	439.548	441.314	441.829	9,	442.838,	nan	nan	9.000	444.845	-214.000	-321.000	-107.000	-321.000	0.785	0.514	2.135	
9	2.000	2.000	197.000	1000.000	446.999	449.862	451.090	8,9,	451.117,451.780,	nan	nan	9.000	454.102	-214.000	107.000	-428.000	214.000	1.879	1.228	3.936	
9	2.000	2.000	198.000	1000.000	458.060	460.133	461.052	9,8,	461.860,462.805,	nan	nan	8.000	464.069	-107.000	321.000	-321.000	107.000	1.093	0.920	3.756	
9	2.000	2.000	199.000	1000.000	467.844	469.342	470.777	9,9,	471.134,471.359,	nan	nan	9.000	473.795	-214.000	107.000	-428.000	321.000	0.514	1.436	3.704	
9	2.000	2.000	200.000	1000.000	477.518	479.923	481.590	9,9,	481.671,482.098,	nan	nan	9.000	484.608	-321.000	107.000	-428.000	214.000	1.421	1.667	2.141	
9	2.000	2.000	201.000	1000.000	486.765	489.183	489.996	9,9,9,9,	490.101,490.314,490.521,490.884,	nan	nan	9.000	493.008	-214.000	428.000	-321.000	321.000	1.431	0.814	2.965	
9	2.000	2.000	202.000	1000.000	496.004	498.541	499.740	9,8,9,	499.912,500.163,500.674,	nan	nan	9.000	502.757	-214.000	107.000	-107.000	321.000	1.566	1.199	3.743	
9	2.000	2.000	203.000	1000.000	506.524	508.875	509.476	9,9,	509.674,509.898,	nan	nan	9.000	512.488	-107.000	428.000	-428.000	214.000	1.373	0.601	2.926	
9	2.000	2.000	204.000	1000.000	515.448	517.480	518.824	9,9,	518.979,519.275,	nan	nan	9.000	521.843	-107.000	428.000	-321.000	321.000	1.064	1.344	2.566	
9	2.000	2.000	205.000	1000.000	524.427	526.519	527.535	8,9,	527.583,527.852,	nan	nan	9.000	530.551	-107.000	214.000	-428.000	428.000	1.108	1.016	3.723	
9	2.000	2.000	206.000	1000.000	534.293	536.867	538.153	8,8,	538.364,538.579,	nan	nan	8.000	541.165	-428.000	214.000	-321.000	428.000	1.590	1.286	2.669	
9	2.000	2.000	207.000	1000.000	543.853	545.635	546.593	8,	546.965,	nan	nan	8.000	549.610	-428.000	214.000	-107.000	321.000	0.799	0.958	3.325	
9	2.000	2.000	208.000	1000.000	552.952	555.179	556.398	8,9,8,	556.736,557.201,557.972,	nan	nan	8.000	559.410	-214.000	321.000	-321.000	107.000	1.243	1.219	3.775	
9	2.000	2.000	209.000	1000.000	563.203	565.425	566.928	9,8,9,	567.016,567.350,567.886,	nan	nan	9.000	569.945	214.000	-428.000	428.000	-428.000	1.238	1.503	3.074	
9	2.000	2.000	210.000	1000.000	573.037	575.273	576.680	8,	576.859,	nan	nan	8.000	579.697	-107.000	214.000	-214.000	321.000	1.252	1.407	3.293	
9	2.000	2.000	211.000	1000.000	583.009	584.950	585.633	9,	585.994,	nan	nan	9.000	588.651	-214.000	107.000	-428.000	428.000	0.958	0.683	3.331	
9	2.000	2.000	212.000	1000.000	592.000	594.362	596.308	9,9,	596.374,596.655,	nan	nan	9.000	599.327	-321.000	214.000	-428.000	321.000	1.378	1.947	2.740	
9	2.000	2.000	213.000	1000.000	602.086	604.518	605.148	8,8,	605.276,605.509,	nan	nan	8.000	608.161	-428.000	107.000	-107.000	214.000	1.450	0.630	3.749	
9	2.000	2.000	214.000	1000.000	611.929	614.097	615.151	9,9,	615.198,615.464,	nan	nan	9.000	618.169	-214.000	428.000	-428.000	214.000	1.185	1.055	3.357	
9	2.000	2.000	215.000	1000.000	621.560	623.332	623.865	9,9,	624.720,625.010,	nan	nan	9.000	626.878	-321.000	428.000	-428.000	321.000	0.804	0.534	3.473	
9	2.000	2.000	216.000	1000.000	630.366	633.280	634.667	8,	634.768,	nan	nan	8.000	637.684	-428.000	428.000	-214.000	214.000	1.928	1.387	3.826	
9	2.000	2.000	217.000	1000.000	641.532	643.659	645.287	9,9,	645.435,645.685,	nan	nan	9.000	648.304	-321.000	214.000	-107.000	321.000	1.146	1.629	2.624	
9	2.000	2.000	218.000	1000.000	650.947	652.522	654.135	8,8,	654.372,654.564,	nan	nan	8.000	657.148	-107.000	321.000	-214.000	428.000	0.592	1.614	3.987	
9	2.000	2.000	219.000	1000.000	661.171	663.780	665.274	8,8,	665.351,665.665,	nan	nan	8.000	668.286	-214.000	214.000	-107.000	428.000	1.643	1.494	2.077	
9	2.000	2.000	220.000	1000.000	670.381	672.227	673.310	8,8,9,	673.540,673.823,675.132,	nan	nan	9.000	676.327	-107.000	214.000	-321.000	107.000	0.862	1.084	3.119	
9	2.000	2.000	221.000	1000.000	679.466	682.135	683.739	9,9,	683.769,684.001,	nan	nan	9.000	686.752	-321.000	214.000	-428.000	428.000	1.686	1.605	3.061	
9	2.000	2.000	222.000	1000.000	689.833	691.822	692.572	8,8,	692.839,693.053,	nan	nan	8.000	695.590	214.000	107.000	428.000	107.000	1.006	0.751	3.582	
9	2.000	2.000	223.000	1000.000	699.191	701.977	703.972	8,	704.212,	nan	nan	8.000	706.989	-214.000	107.000	-107.000	428.000	1.802	1.995	2.212	
9	2.000	2.000	224.000	1000.000	709.219	710.751	712.292	9,	712.341,	nan	nan	9.000	715.304	-214.000	214.000	-428.000	428.000	0.548	1.542	2.103	
9	2.000	2.000	225.000	1000.000	717.425	719.363	720.846	9,8,9,	721.381,721.704,722.260,	nan	nan	9.000	723.859	-107.000	107.000	-428.000	214.000	0.953	1.484	2.559	
9	2.000	2.000	226.000	1000.000	726.438	729.262	729.762	8,8,	729.909,730.193,	9.000	732.774	8.000	732.774	-107.000	107.000	-214.000	214.000	1.841	0.500	2.527	
9	2.000	2.000	227.000	1000.000	735.321	738.173	739.223	8,8,9,	739.326,739.590,740.846,	nan	nan	9.000	742.236	-321.000	214.000	-214.000	321.000	1.870	1.050	3.569	
9	2.000	2.000	228.000	1000.000	745.824	747.596	748.327	8,9,	748.432,749.296,	8.000	751.346	9.000	751.346	-321.000	214.000	-107.000	428.000	0.789	0.732	2.090	
9	2.000	2.000	229.000	1000.000	753.455	755.555	756.455	8,8,8,	756.486,756.788,757.133,	nan	nan	8.000	759.472	-428.000	214.000	-214.000	107.000	1.117	0.900	2.598	
9	2.000	2.000	230.000	1000.000	762.089	764.074	765.644	9,9,	765.709,765.938,	nan	nan	9.000	768.661	-428.000	321.000	-214.000	107.000	1.002	1.571	3.389	
9	2.000	2.000	231.000	1000.000	772.069	773.943	774.510	8,8,	774.553,774.823,	nan	nan	8.000	777.528	-428.000	428.000	-214.000	321.000	0.891	0.568	2.797	
9	2.000	2.000	232.000	1000.000	780.344	782.652	783.904	9,9,	784.011,784.228,	nan	nan	9.000	786.917	-214.000	428.000	-428.000	321.000	1.325	1.252	2.482	
9	2.000	2.000	233.000	1000.000	789.418	791.253	793.050	8,	793.215,	nan	nan	8.000	796.063	-428.000	428.000	-321.000	214.000	0.852	1.797	3.151	
9	2.000	2.000	234.000	1000.000	799.246	801.492	802.214	9,	802.359,	nan	nan	9.000	805.232	-107.000	428.000	-321.000	214.000	1.277	0.722	3.280	
9	2.000	2.000	235.000	1000.000	808.531	810.858	812.684	9,	812.845,	nan	nan	9.000	815.697	-321.000	107.000	-107.000	107.000	1.344	1.826	3.762	
9	2.000	2.000	236.000	1000.000	819.481	821.675	822.565	8,8,	823.348,823.588,	nan	nan	8.000	825.584	-321.000	107.000	-107.000	214.000	1.214	0.891	3.100	
9	2.000	2.000	237.000	1000.000	828.702	831.435	831.973	9,8,	833.078,833.580,	9.000	834.991	8.000	834.991	-428.000	321.000	-321.000	214.000	1.749	0.539	2.193	
9	2.000	2.000	238.000	1000.000	837.260	838.883	840.883	9,	841.012,	nan	nan	9.000	843.897	-214.000	321.000	-321.000	214.000	0.698	2.000	2.688	
9	2.000	2.000	239.000	1000.000	846.604	848.237	850.135	8,8,	850.215,850.441,	nan	nan	8.000	853.148	-107.000	107.000	-321.000	321.000	0.650	1.899	2.064	
9	2.000	2.000	240.000	1000.000	855.231	857.081	857.730	8,8,	857.943,858.178,	nan	nan	8.000	860.748	-107.000	107.000	-214.000	321.000	0.867	0.650	3.260	
9	2.000	2.000	241.000	1000.000	864.034	866.484	868.175	8,	868.513,	nan	nan	8.000	871.189	-428.000	107.000	-107.000	321.000	1.474	1.691	2.817	
9	2.000	2.000	242.000	1000.000	874.025	876.569	877.894	9,	877.943,	nan	nan	9.000	880.911	-107.000	428.000	-428.000	321.000	1.561	1.325	2.167	
9	2.000	2.000	243.000	1000.000	883.097	884.788	886.199	9,	886.512,	nan	nan	9.000	889.216	-107.000	321.000	-428.000	214.000	0.707	1.412	3.833	
9	2.000	2.000	244.000	1000.000	893.069	894.821	896.685	8,9,	896.861,897.973,	nan	nan	9.000	899.704	-107.000	321.000	-214.000	107.000	0.770	1.865	2.257	
9	2.000	2.000	245.000	1000.000	901.980	904.476	906.172	9,9,	906.269,906.476,	nan	nan	9.000	909.186	-321.000	428.000	-107.000	214.000	1.513	1.696	3.942	
9	2.000	2.000	246.000	1000.000	913.147	916.048	916.842	8,9,	917.168,917.583,	nan	nan	9.000	919.859	-214.000	321.000	-428.000	107.000	1.918	0.794	2.006	
9	2.000	2.000	247.000	1000.000	921.885	923.560	924.567	9,9,	924.675,924.903,	nan	nan	9.000	927.579	-321.000	428.000	-107.000	107.000	0.693	1.006	3.691	
9	2.000	2.000	248.000	1000.000	931.290	933.361	934.435	8,9,	934.589,935.005,	nan	nan	9.000	937.452	-321.000	-214.000	-107.000	-214.000	1.088	1.074	3.125	
9	2.000	2.000	249.000	1000.000	940.598	942.861	943.500	9,	943.607,	nan	nan	9.000	946.518	-214.000	428.000	-107.000	321.000	1.281	0.640	2.328	
9	2.000	2.000	250.000	1000.000	948.864	951.264	953.008	8,8,	953.092,953.340,	nan	nan	8.000	956.021	-428.000	107.000	-214.000	321.000	1.416	1.744	3.441	
9	2.000	2.000	251.000	1000.000	959.483	962.208	963.325	9,	963.760,	nan	nan	9.000	966.343	-214.000	321.000	-107.000	214.000	1.744	1.117	3.588	
9	2.000	2.000	252.000	1000.000	969.950	971.916	972.825	8,8,	973.042,973.244,	nan	nan	8.000	975.843	-428.000	214.000	-214.000	428.000	0.982	0.910	2.701	
9	2.000	2.000	253.000	1000.000	978.563	981.170	982.528	9,8,9,	982.733,983.030,983.460,	nan	nan	9.000	985.541	-214.000	321.000	-107.000	107.000	1.624	1.359	3.839	
9	2.000	2.000	254.000	1000.000	989.399	991.963	993.365	9,9,	993.531,993.747,	nan	nan	9.000	996.378	-321.000	428.000	-428.000	214.000	1.580	1.402	3.659	
9	2.000	2.000	255.000	1000.000	1000.057	1001.718	1003.283	8,8,	1003.365,1003.642,	nan	nan	8.000	1006.300	-428.000	107.000	-214.000	214.000	0.678	1.566	2.707	
9	2.000	2.000	256.000	1000.000	1009.028	1011.783	1012.408	8,8,	1012.495,1012.780,	nan	nan	8.000	1015.421	-428.000	214.000	-321.000	107.000	1.773	0.625	3.550	
9	2.000	2.000	257.000	1000.000	1018.992	1021.288	1022.467	9,9,	1022.655,1022.883,	nan	nan	9.000	1025.485	-214.000	321.000	-428.000	214.000	1.315	1.180	3.608	
9	2.000	2.000	258.000	1000.000	1029.112	1031.921	1033.467	8,8,	1033.582,1033.805,	nan	nan	8.000	1036.487	-428.000	321.000	-214.000	428.000	1.826	1.547	2.540	
9	2.000	2.000	259.000	1000.000	1039.046	1040.693	1042.312	9,9,9,	1042.337,1042.538,1042.743,	nan	nan	9.000	1045.329	-321.000	428.000	-107.000	321.000	0.664	1.619	3.646	
9	2.000	2.000	260.000	1000.000	1048.993	1051.027	1051.585	8,8,9,	1051.804,1052.032,1052.467,	nan	nan	9.000	1054.602	-214.000	107.000	-107.000	214.000	1.050	0.558	2.071	
9	2.000	2.000	261.000	1000.000	1056.692	1058.348	1059.330	8,9,8,	1059.574,1060.000,1060.813,	nan	nan	8.000	1062.344	214.000	-214.000	321.000	-214.000	0.674	0.982	3.717	
9	2.000	2.000	262.000	1000.000	1066.080	1068.262	1069.509	8,9,8,	1069.591,1069.880,1070.284,	nan	nan	8.000	1072.527	-428.000	321.000	-107.000	107.000	1.199	1.248	2.675	
9	2.000	2.000	263.000	1000.000	1075.221	1077.615	1078.950	9,9,	1079.661,1079.911,	nan	nan	9.000	1081.966	-321.000	107.000	-107.000	321.000	1.412	1.334	2.778	
9	2.000	2.000	264.000	1000.000	1084.763	1086.902	1088.651	9,9,	1089.054,1089.263,	nan	nan	9.000	1091.664	-321.000	321.000	-107.000	107.000	1.156	1.749	2.045	
9	2.000	2.000	265.000	1000.000	1093.725	1095.327	1096.477	8,8,	1096.543,1096.740,	nan	nan	8.000	1099.494	-321.000	107.000	-214.000	214.000	0.616	1.151	2.122	
9	2.000	2.000	266.000	1000.000	1101.691	1103.548	1105.229	8,8,	1105.306,1105.517,	nan	nan	8.000	1108.248	-321.000	214.000	-214.000	428.000	0.929	1.682	3.897	
9	2.000	2.000	267.000	1000.000	1112.164	1114.231	1115.464	8,8,	1115.541,1115.839,	nan	nan	8.000	1118.483	-107.000	107.000	-321.000	214.000	1.084	1.233	3.781	
9	2.000	2.000	268.000	1000.000	1122.283	1124.321	1125.365	9,9,	1125.387,1125.656,	nan	nan	9.000	1128.378	-321.000	321.000	-428.000	107.000	1.055	1.045	3.254	
9	2.000	2.000	269.000	1000.000	1131.653	1134.590	1135.881	9,9,	1136.089,1136.315,	nan	nan	9.000	1138.895	-321.000	428.000	-428.000	107.000	1.957	1.291	2.116	
9	2.000	2.000	270.000	1000.000	1141.029	1143.111	1144.527	8,8,	1144.685,1144.910,	nan	nan	8.000	1147.544	-107.000	321.000	-321.000	428.000	1.098	1.416	2.977	
9	2.000	2.000	271.000	1000.000	1150.541	1152.260	1153.884	8,9,8,9,	1153.994,1154.322,1155.020,1155.539,	nan	nan	9.000	1156.896	-428.000	428.000	-107.000	321.000	0.736	1.624	3.048	
9	2.000	2.000	272.000	1000.000	1159.963	1162.855	1164.232	8,8,	1164.364,1164.576,	nan	nan	8.000	1167.250	-428.000	428.000	-321.000	321.000	1.908	1.378	2.958	
9	2.000	2.000	273.000	1000.000	1170.229	1173.133	1174.347	8,8,	1174.494,1174.712,	nan	nan	8.000	1177.360	-107.000	214.000	-321.000	428.000	1.923	1.214	2.759	
9	2.000	2.000	274.000	1000.000	1180.140	1181.789	1182.598	9,9,	1182.698,1182.932,	nan	nan	9.000	1185.611	214.000	428.000	321.000	428.000	0.669	0.809	2.392	
9	2.000	2.000	275.000	1000.000	1188.081	1190.687	1192.624	8,8,	1192.655,1192.868,	nan	nan	8.000	1195.638	-428.000	107.000	-321.000	321.000	1.682	1.937	2.186	
9	2.000	2.000	276.000	1000.000	1197.843	1199.900	1201.668	9,	1201.900,	nan	nan	9.000	1204.686	-214.000	214.000	-428.000	321.000	1.074	1.768	2.154	
9	2.000	2.000	277.000	1000.000	1206.859	1208.376	1209.320	8,8,9,	1209.395,1209.641,1211.183,	nan	nan	9.000	1212.339	-321.000	107.000	-107.000	428.000	0.534	0.944	3.434	
9	2.000	2.000	278.000	1000.000	1215.792	1218.428	1219.984	8,8,	1220.085,1220.331,	nan	nan	8.000	1223.003	-107.000	107.000	-321.000	428.000	1.653	1.556	3.486	
9	2.000	2.000	279.000	1000.000	1226.508	1229.307	1230.245	8,8,8,8,	1230.270,1230.496,1230.676,1231.163,	nan	nan	8.000	1233.263	-214.000	107.000	-321.000	428.000	1.817	0.939	2.315	
9	2.000	2.000	280.000	1000.000	1235.599	1238.252	1239.041	8,8,	1239.273,1239.505,	nan	nan	8.000	1242.052	-428.000	107.000	-321.000	214.000	1.672	0.789	2.379	
9	2.000	2.000	281.000	1000.000	1244.452	1246.705	1247.287	8,8,	1247.460,1247.713,	nan	nan	8.000	1250.299	-428.000	107.000	-214.000	428.000	1.272	0.582	2.058	
9	2.000	2.000	282.000	1000.000	1252.376	1254.274	1255.603	8,8,	1255.633,1255.855,	nan	nan	8.000	1258.616	-107.000	321.000	-321.000	214.000	0.915	1.330	2.032	
9	2.000	2.000	283.000	1000.000	1260.668	1263.583	1264.449	9,9,	1264.516,1264.744,	nan	nan	9.000	1267.463	-214.000	214.000	-107.000	107.000	1.932	0.867	3.814	
9	2.000	2.000	284.000	1000.000	1271.319	1273.401	1275.386	9,9,8,9,	1275.729,1275.978,1277.002,1277.341,	nan	nan	9.000	1278.405	-321.000	107.000	-428.000	428.000	1.122	1.986	2.746	
9	2.000	2.000	285.000	1000.000	1281.171	1282.870	1283.929	8,8,	1284.133,1284.400,	nan	nan	8.000	1286.943	-428.000	321.000	-107.000	214.000	0.717	1.059	2.476	
9	2.000	2.000	286.000	1000.000	1289.437	1292.406	1294.256	8,9,8,9,	1294.471,1294.881,1295.233,1296.175,	nan	nan	9.000	1297.270	-321.000	321.000	-214.000	107.000	1.986	1.850	2.373	
9	2.000	2.000	287.000	1000.000	1299.661	1302.355	1303.000	8,8,9,	1303.028,1303.297,1303.468,	nan	nan	9.000	1306.012	-321.000	428.000	-214.000	428.000	1.711	0.645	2.174	
9	2.000	2.000	288.000	1000.000	1308.204	1310.971	1311.577	8,9,	1312.850,1313.076,	nan	nan	9.000	1314.589	-107.000	107.000	-428.000	321.000	1.783	0.606	3.402	
9	2.000	2.000	289.000	1000.000	1318.010	1320.651	1321.927	9,8,9,	1322.230,1322.929,1323.783,	nan	nan	9.000	1324.945	-321.000	107.000	-214.000	428.000	1.658	1.277	2.971	
9	2.000	2.000	290.000	1000.000	1327.935	1329.736	1331.572	8,	1331.721,	nan	nan	8.000	1334.585	-107.000	107.000	-214.000	428.000	0.818	1.836	2.656	
9	2.000	2.000	291.000	1000.000	1337.260	1339.120	1340.145	9,8,	1340.631,1340.890,	nan	nan	8.000	1343.157	-428.000	214.000	-107.000	107.000	0.876	1.026	3.305	
9	2.000	2.000	292.000	1000.000	1346.502	1349.006	1350.369	8,8,	1350.558,1350.792,	nan	nan	8.000	1353.382	-321.000	321.000	-214.000	214.000	1.542	1.363	3.042	
9	2.000	2.000	293.000	1000.000	1356.444	1358.722	1359.439	8,8,8,	1359.697,1359.903,1360.114,	nan	nan	8.000	1362.456	-214.000	321.000	-321.000	428.000	1.296	0.717	2.617	
9	2.000	2.000	294.000	1000.000	1365.092	1366.918	1367.799	8,8,	1368.020,1368.239,	nan	nan	8.000	1370.812	-428.000	321.000	-107.000	428.000	0.842	0.881	3.891	
9	2.000	2.000	295.000	1000.000	1374.724	1376.750	1378.301	8,8,	1378.666,1378.816,	nan	nan	8.000	1381.319	-428.000	107.000	-107.000	428.000	1.045	1.551	2.720	
9	2.000	2.000	296.000	1000.000	1384.059	1386.940	1388.043	9,8,9,	1388.201,1389.073,1389.355,	nan	nan	9.000	1391.055	-321.000	428.000	-214.000	321.000	1.899	1.103	3.929	
9	2.000	2.000	297.000	1000.000	1395.005	1397.427	1398.722	9,	1398.990,	nan	nan	9.000	1401.741	-321.000	107.000	-428.000	321.000	1.441	1.296	3.672	
9	2.000	2.000	298.000	1000.000	1405.439	1407.952	1408.697	9,	1408.946,	nan	nan	9.000	1411.710	-214.000	321.000	-428.000	428.000	1.537	0.746	2.219	
9	2.000	2.000	299.000	1000.000	1413.948	1416.236	1417.517	9,9,	1417.689,1417.887,	nan	nan	9.000	1420.530	-107.000	214.000	-214.000	107.000	1.305	1.281	3.955	
9	2.000	2.000	300.000	1000.000	1424.505	1427.154	1428.792	8,	1429.192,	nan	nan	8.000	1431.810	-321.000	-428.000	-214.000	-428.000	1.667	1.638	2.270	
9	2.000	2.000	301.000	1000.000	1434.099	1436.783	1437.862	9,	1438.106,	nan	nan	9.000	1440.880	-107.000	107.000	-428.000	428.000	1.701	1.079	3.164	
9	2.000	2.000	302.000	1000.000	1444.065	1445.652	1447.242	8,9,	1447.376,1447.733,	nan	nan	9.000	1450.259	-321.000	107.000	-214.000	321.000	0.606	1.590	3.981	
9	2.000	2.000	303.000	1000.000	1454.261	1457.237	1458.972	9,	1459.212,	nan	nan	9.000	1461.991	-214.000	214.000	-321.000	107.000	1.995	1.735	2.495	
9	2.000	2.000	304.000	1000.000	1464.506	1467.223	1468.070	9,9,9,	1468.141,1468.367,1468.554,	nan	nan	9.000	1471.088	-321.000	428.000	-214.000	214.000	1.735	0.847	3.621	
9	2.000	2.000	305.000	1000.000	1474.729	1476.616	1478.495	8,8,	1478.541,1478.768,	nan	nan	8.000	1481.512	-107.000	321.000	-214.000	214.000	0.905	1.879	2.026	
9	2.000	2.000	306.000	1000.000	1483.559	1485.716	1486.476	8,8,8,	1486.503,1486.735,1486.949,	nan	nan	8.000	1489.488	-428.000	107.000	-321.000	428.000	1.175	0.760	2.129	
9	2.000	2.000	307.000	1000.000	1491.635	1494.238	1496.020	8,8,8,	1496.138,1496.313,1496.489,	nan	nan	8.000	1499.039	-107.000	214.000	-214.000	428.000	1.619	1.783	3.820	
9	2.000	2.000	308.000	1000.000	1502.878	1504.838	1505.849	9,9,	1506.066,1506.267,	nan	nan	9.000	1508.866	-321.000	321.000	-428.000	214.000	0.977	1.011	3.498	
9	2.000	2.000	309.000	1000.000	1512.386	1515.343	1517.019	9,8,	1517.414,1517.911,	nan	nan	8.000	1520.037	-214.000	321.000	-107.000	428.000	1.976	1.677	2.244	
9	2.000	2.000	310.000	1000.000	1522.300	1524.680	1525.787	8,8,	1525.946,1526.143,	nan	nan	8.000	1528.805	-321.000	321.000	-107.000	428.000	1.397	1.108	2.881	
9	2.000	2.000	311.000	1000.000	1531.722	1533.415	1534.797	9,	1534.978,	8.000	1537.810	9.000	1537.810	-428.000	321.000	-214.000	214.000	0.727	1.383	3.698	
9	2.000	2.000	312.000	1000.000	1541.534	1544.206	1545.737	8,9,	1545.959,1546.323,	8.000	1548.754	9.000	1548.754	-428.000	214.000	-107.000	428.000	1.696	1.532	3.215	
