subjID	session	Block	trialCount	earnings	Gam1Onset	Gam2Onset	FBOnset	KPs	RT	KPlate	RTlate	KP_Final	SLOnset	Gam1_1	Gam1_2	Gam2_1	Gam2_2	jit1	jit2	jit3	
10	2.000	1.000	1.000	1000.000	76.132	77.645	78.251	8,9,	78.646,79.686,	8.000	81.266	9.000	81.266	321.000	-214.000	428.000	-214.000	0.524	0.606	3.460	
10	2.000	1.000	2.000	1000.000	84.737	86.498	88.131	8,	88.195,	nan	nan	8.000	91.145	-428.000	214.000	-321.000	321.000	0.770	1.633	3.775	
10	2.000	1.000	3.000	1000.000	94.936	97.338	98.118	9,	98.551,	nan	nan	9.000	101.130	-214.000	214.000	-321.000	321.000	1.416	0.780	3.871	
10	2.000	1.000	4.000	1000.000	105.011	107.372	109.009	9,	109.238,	nan	nan	9.000	112.028	-428.000	321.000	-321.000	107.000	1.368	1.638	3.756	
10	2.000	1.000	5.000	1000.000	115.817	118.693	119.454	9,	119.545,	nan	nan	9.000	122.466	-107.000	428.000	-214.000	214.000	1.908	0.760	2.206	
10	2.000	1.000	6.000	1000.000	124.681	126.810	127.643	8,	128.009,	nan	nan	8.000	130.655	-428.000	214.000	-214.000	321.000	1.137	0.833	2.675	
10	2.000	1.000	7.000	1000.000	133.340	135.117	136.953	9,8,	137.427,138.852,	9.000	139.966	8.000	139.966	-321.000	428.000	-214.000	107.000	0.785	1.836	2.887	
10	2.000	1.000	8.000	1000.000	142.864	145.065	145.690	9,	145.730,	nan	nan	9.000	148.706	-214.000	428.000	-107.000	214.000	1.209	0.625	3.505	
10	2.000	1.000	9.000	1000.000	152.222	154.736	156.002	8,	156.450,	nan	nan	8.000	159.015	-321.000	214.000	-107.000	107.000	1.523	1.267	2.605	
10	2.000	1.000	10.000	1000.000	161.629	164.255	165.059	8,	165.361,	nan	nan	8.000	168.072	-428.000	321.000	-321.000	428.000	1.633	0.804	3.376	
10	2.000	1.000	11.000	1000.000	171.471	173.442	174.728	9,	175.213,	nan	nan	9.000	177.745	-214.000	214.000	-428.000	107.000	0.992	1.286	3.704	
10	2.000	1.000	12.000	1000.000	181.468	183.520	185.303	9,	185.599,	nan	nan	9.000	188.321	-214.000	428.000	-321.000	107.000	1.069	1.783	3.518	
10	2.000	1.000	13.000	1000.000	191.851	193.572	195.123	9,	195.220,	nan	nan	9.000	198.141	-107.000	428.000	-428.000	107.000	0.732	1.551	3.749	
10	2.000	1.000	14.000	1000.000	201.922	203.465	204.596	9,8,	204.984,205.561,	nan	nan	8.000	207.614	321.000	107.000	428.000	107.000	0.572	1.132	2.463	
10	2.000	1.000	15.000	1000.000	210.099	212.505	214.375	8,	214.491,	nan	nan	8.000	217.392	-321.000	214.000	-214.000	107.000	1.426	1.870	2.064	
10	2.000	1.000	16.000	1000.000	219.472	222.053	223.547	8,	223.904,	nan	nan	8.000	226.564	-321.000	321.000	-428.000	428.000	1.595	1.494	3.158	
10	2.000	1.000	17.000	1000.000	229.758	231.759	232.480	8,	232.509,	nan	nan	8.000	235.493	-321.000	321.000	-107.000	214.000	1.035	0.722	2.244	
10	2.000	1.000	18.000	1000.000	237.806	239.674	241.673	8,9,	241.951,243.537,	nan	nan	9.000	244.687	-428.000	428.000	-321.000	107.000	0.934	2.000	3.891	
10	2.000	1.000	19.000	1000.000	248.605	250.157	250.729	9,	251.965,	nan	nan	9.000	253.741	-107.000	214.000	-428.000	321.000	0.577	0.572	3.203	
10	2.000	1.000	20.000	1000.000	256.983	258.784	259.607	9,	260.340,	nan	nan	9.000	262.618	-107.000	214.000	-428.000	107.000	0.838	0.823	2.367	
10	2.000	1.000	21.000	1000.000	265.010	267.321	268.438	9,	268.751,	nan	nan	9.000	271.450	-107.000	321.000	-428.000	428.000	1.334	1.117	3.132	
10	2.000	1.000	22.000	1000.000	274.622	276.272	276.791	9,	276.831,	nan	nan	9.000	279.810	-214.000	428.000	-321.000	214.000	0.688	0.519	2.405	
10	2.000	1.000	23.000	1000.000	282.234	284.291	286.117	8,	286.307,	nan	nan	8.000	289.134	-214.000	214.000	-321.000	428.000	1.074	1.826	3.164	
10	2.000	1.000	24.000	1000.000	292.332	294.066	295.786	9,	296.005,	nan	nan	9.000	298.804	-107.000	428.000	-214.000	321.000	0.765	1.720	3.222	
10	2.000	1.000	25.000	1000.000	302.062	305.000	306.580	9,	306.774,	nan	nan	9.000	309.597	-107.000	428.000	-214.000	107.000	1.971	1.580	2.952	
10	2.000	1.000	26.000	1000.000	312.565	315.532	316.176	9,	316.871,	nan	nan	9.000	319.195	-428.000	428.000	-214.000	107.000	1.981	0.645	2.135	
10	2.000	1.000	27.000	1000.000	321.346	323.508	324.210	8,9,	324.809,325.268,	nan	nan	9.000	327.223	-214.000	214.000	-107.000	214.000	1.175	0.703	2.013	
10	2.000	1.000	28.000	1000.000	329.251	332.228	333.234	8,	333.533,	nan	nan	8.000	336.246	-321.000	321.000	-214.000	428.000	1.990	1.006	2.585	
10	2.000	1.000	29.000	1000.000	338.849	340.526	341.185	9,	341.637,	nan	nan	9.000	344.197	-107.000	428.000	-321.000	107.000	0.693	0.659	3.273	
10	2.000	1.000	30.000	1000.000	347.483	349.730	351.392	8,	351.634,	nan	nan	8.000	354.410	-428.000	428.000	-107.000	214.000	1.257	1.662	3.955	
10	2.000	1.000	31.000	1000.000	358.381	361.136	362.373	9,	362.418,	nan	nan	9.000	365.391	-321.000	214.000	-428.000	107.000	1.768	1.238	2.495	
10	2.000	1.000	32.000	1000.000	367.899	369.846	370.587	9,	370.835,	nan	nan	9.000	373.599	-214.000	428.000	-428.000	107.000	0.958	0.741	2.141	
10	2.000	1.000	33.000	1000.000	375.757	378.396	378.910	8,	379.416,	nan	nan	8.000	381.923	-214.000	107.000	-321.000	321.000	1.653	0.514	2.502	
10	2.000	1.000	34.000	1000.000	384.440	386.929	387.526	8,	387.852,	nan	nan	8.000	390.538	-214.000	214.000	-107.000	321.000	1.503	0.596	3.428	
10	2.000	1.000	35.000	1000.000	393.981	395.762	396.812	9,	397.134,	nan	nan	9.000	399.824	-107.000	214.000	-321.000	321.000	0.794	1.050	2.424	
10	2.000	1.000	36.000	1000.000	402.264	404.599	405.981	8,	406.240,	nan	nan	8.000	408.999	-214.000	107.000	-321.000	214.000	1.349	1.383	2.270	
10	2.000	1.000	37.000	1000.000	411.285	414.184	415.210	9,	415.593,	nan	nan	9.000	418.226	-107.000	321.000	-428.000	107.000	1.913	1.026	2.727	
10	2.000	1.000	38.000	1000.000	420.968	423.830	425.487	8,	425.567,	nan	nan	8.000	428.499	-428.000	428.000	-107.000	107.000	1.875	1.658	2.752	
10	2.000	1.000	39.000	1000.000	431.267	434.215	435.771	9,	436.166,	nan	nan	9.000	438.784	-214.000	428.000	-107.000	107.000	1.961	1.556	3.556	
10	2.000	1.000	40.000	1000.000	442.359	444.175	445.538	8,9,8,	445.999,446.413,446.945,	nan	nan	8.000	448.551	-214.000	-428.000	-107.000	-428.000	0.833	1.363	2.592	
10	2.000	1.000	41.000	1000.000	451.159	452.765	454.022	8,	454.591,	nan	nan	8.000	457.035	-321.000	214.000	-214.000	321.000	0.621	1.257	3.730	
10	2.000	1.000	42.000	1000.000	460.780	462.267	463.471	9,	463.556,	nan	nan	9.000	466.488	-214.000	107.000	-428.000	214.000	0.500	1.204	2.450	
10	2.000	1.000	43.000	1000.000	468.954	471.125	472.599	8,	472.892,	nan	nan	8.000	475.611	-428.000	428.000	-214.000	321.000	1.185	1.474	3.305	
10	2.000	1.000	44.000	1000.000	478.933	481.813	482.829	9,	483.172,	nan	nan	9.000	485.841	-214.000	321.000	-321.000	107.000	1.894	1.016	2.997	
10	2.000	1.000	45.000	1000.000	488.854	491.092	492.947	9,	493.030,	nan	nan	9.000	495.961	-107.000	428.000	-428.000	214.000	1.252	1.855	2.379	
10	2.000	1.000	46.000	1000.000	498.356	500.199	500.699	9,	500.835,	nan	nan	9.000	503.715	-107.000	428.000	-321.000	321.000	0.857	0.500	2.354	
10	2.000	1.000	47.000	1000.000	506.084	508.275	510.183	8,	510.331,	nan	nan	8.000	513.196	-214.000	107.000	-428.000	428.000	1.204	1.908	2.077	
10	2.000	1.000	48.000	1000.000	515.287	517.339	519.204	9,	519.675,	nan	nan	9.000	522.216	-214.000	214.000	-428.000	428.000	1.064	1.865	2.019	
10	2.000	1.000	49.000	1000.000	524.259	525.896	527.486	9,	527.596,	nan	nan	9.000	530.499	-214.000	428.000	-321.000	321.000	0.659	1.590	3.884	
10	2.000	1.000	50.000	1000.000	534.454	536.870	538.069	9,	538.222,	nan	nan	9.000	541.081	-107.000	107.000	-214.000	214.000	1.484	1.199	3.151	
10	2.000	1.000	51.000	1000.000	544.250	546.655	547.545	9,	547.797,	nan	nan	9.000	550.563	-107.000	107.000	-428.000	214.000	1.421	0.891	3.666	
10	2.000	1.000	52.000	1000.000	554.252	556.782	557.817	9,	557.877,	nan	nan	9.000	560.835	-321.000	428.000	-428.000	321.000	1.551	1.035	2.412	
10	2.000	1.000	53.000	1000.000	563.266	565.269	566.232	8,	566.325,	nan	nan	8.000	569.244	214.000	-428.000	428.000	-428.000	1.021	0.963	3.228	
10	2.000	1.000	54.000	1000.000	572.488	574.886	575.598	8,	576.058,	nan	nan	8.000	578.616	-214.000	214.000	-107.000	428.000	1.412	0.712	3.942	
10	2.000	1.000	55.000	1000.000	582.574	585.478	587.077	9,	587.124,	nan	nan	9.000	590.096	-214.000	428.000	-428.000	321.000	1.918	1.600	3.949	
10	2.000	1.000	56.000	1000.000	594.061	596.685	598.574	8,	598.830,	nan	nan	8.000	601.592	-428.000	214.000	-107.000	321.000	1.638	1.889	2.701	
10	2.000	1.000	57.000	1000.000	604.309	607.092	608.002	9,	608.226,	nan	nan	9.000	611.015	-107.000	428.000	-321.000	214.000	1.797	0.910	3.466	
10	2.000	1.000	58.000	1000.000	614.495	617.180	618.056	8,	618.105,	nan	nan	8.000	621.073	-321.000	214.000	-107.000	428.000	1.696	0.876	3.408	
10	2.000	1.000	59.000	1000.000	624.505	626.698	627.834	9,	627.921,	nan	nan	9.000	630.847	-107.000	214.000	-428.000	428.000	1.214	1.137	2.264	
10	2.000	1.000	60.000	1000.000	633.138	635.051	635.662	9,	635.713,	nan	nan	9.000	638.679	-107.000	321.000	-321.000	107.000	0.939	0.611	2.900	
10	2.000	1.000	61.000	1000.000	641.613	643.371	644.440	8,9,	644.728,645.106,	nan	nan	9.000	647.457	-214.000	107.000	-428.000	321.000	0.789	1.069	3.196	
10	2.000	1.000	62.000	1000.000	650.666	652.541	654.314	8,	654.568,	nan	nan	8.000	657.332	-214.000	107.000	-107.000	321.000	0.886	1.773	3.550	
10	2.000	1.000	63.000	1000.000	660.896	663.064	663.882	8,	664.250,	nan	nan	8.000	666.894	-428.000	214.000	-321.000	428.000	1.180	0.818	3.601	
10	2.000	1.000	64.000	1000.000	670.510	672.639	673.751	9,	674.111,	nan	nan	9.000	676.770	-214.000	428.000	-428.000	214.000	1.141	1.113	3.498	
10	2.000	1.000	65.000	1000.000	680.284	681.799	682.525	9,8,	683.379,683.700,	nan	nan	8.000	685.542	-428.000	321.000	-214.000	107.000	0.529	0.727	2.907	
10	2.000	1.000	66.000	1000.000	688.465	690.351	691.849	8,	691.943,	nan	nan	8.000	694.862	214.000	107.000	428.000	107.000	0.900	1.498	3.325	
10	2.000	1.000	67.000	1000.000	698.203	699.752	701.491	9,	701.749,	nan	nan	9.000	704.508	-428.000	428.000	-321.000	214.000	0.563	1.740	3.717	
10	2.000	1.000	68.000	1000.000	708.239	711.053	712.387	8,	712.769,	nan	nan	8.000	715.400	-428.000	428.000	-214.000	214.000	1.826	1.334	2.257	
10	2.000	1.000	69.000	1000.000	717.672	719.323	720.098	8,	720.268,	nan	nan	8.000	723.115	-428.000	214.000	-214.000	107.000	0.664	0.775	3.910	
10	2.000	1.000	70.000	1000.000	727.041	729.878	731.410	9,	731.635,	nan	nan	9.000	734.422	-107.000	321.000	-214.000	428.000	1.850	1.532	2.225	
10	2.000	1.000	71.000	1000.000	736.663	739.162	740.670	8,	740.827,	nan	nan	8.000	743.688	-321.000	214.000	-107.000	321.000	1.513	1.508	3.723	
10	2.000	1.000	72.000	1000.000	747.425	749.116	750.494	8,9,	750.553,750.984,	nan	nan	9.000	753.511	-321.000	107.000	-428.000	214.000	0.703	1.378	3.293	
10	2.000	1.000	73.000	1000.000	756.817	759.005	760.864	8,	761.438,	nan	nan	8.000	763.877	-321.000	214.000	-428.000	321.000	1.199	1.860	2.174	
10	2.000	1.000	74.000	1000.000	766.070	768.788	770.247	8,	770.491,	nan	nan	8.000	773.265	-321.000	214.000	-428.000	428.000	1.735	1.460	3.093	
10	2.000	1.000	75.000	1000.000	776.380	779.008	779.957	8,	780.295,	nan	nan	8.000	782.968	-107.000	214.000	-214.000	321.000	1.648	0.949	3.678	
10	2.000	1.000	76.000	1000.000	786.667	788.390	789.449	8,	789.933,	nan	nan	8.000	792.467	-214.000	107.000	-107.000	428.000	0.741	1.059	2.637	
10	2.000	1.000	77.000	1000.000	795.119	797.083	798.764	8,	798.845,	nan	nan	8.000	801.777	-428.000	107.000	-107.000	214.000	0.977	1.682	2.373	
10	2.000	1.000	78.000	1000.000	804.164	806.622	807.300	9,	807.816,	nan	nan	9.000	810.312	-107.000	214.000	-321.000	107.000	1.469	0.678	3.576	
10	2.000	1.000	79.000	1000.000	813.904	816.460	818.002	8,	818.090,	nan	nan	8.000	821.014	-321.000	428.000	-107.000	428.000	1.571	1.542	2.566	
10	2.000	1.000	80.000	1000.000	823.595	825.922	826.880	8,	827.248,	nan	nan	8.000	829.896	-428.000	214.000	-214.000	428.000	1.339	0.958	3.048	
10	2.000	1.000	81.000	1000.000	832.971	834.852	836.765	9,	837.140,	nan	nan	9.000	839.782	-321.000	428.000	-107.000	107.000	0.905	1.913	2.527	
10	2.000	1.000	82.000	1000.000	842.325	844.762	845.855	9,	846.133,	nan	nan	9.000	848.867	-214.000	321.000	-321.000	214.000	1.450	1.093	2.534	
10	2.000	1.000	83.000	1000.000	851.422	854.354	855.867	9,	856.608,	nan	nan	9.000	858.879	-321.000	428.000	-428.000	107.000	1.952	1.513	3.068	
10	2.000	1.000	84.000	1000.000	861.968	864.804	866.471	9,	866.792,	nan	nan	9.000	869.490	-107.000	321.000	-321.000	428.000	1.855	1.667	2.572	
10	2.000	1.000	85.000	1000.000	872.077	873.801	874.329	8,	875.043,	nan	nan	8.000	877.341	-321.000	107.000	-107.000	321.000	0.736	0.529	2.347	
10	2.000	1.000	86.000	1000.000	879.703	881.745	882.809	8,9,	883.510,884.476,	nan	nan	9.000	885.822	-321.000	428.000	-107.000	214.000	1.055	1.064	2.521	
10	2.000	1.000	87.000	1000.000	888.363	890.429	892.231	8,	892.497,	nan	nan	8.000	895.248	-428.000	321.000	-107.000	107.000	1.084	1.802	2.514	
10	2.000	1.000	88.000	1000.000	897.778	900.157	901.013	8,	901.451,	nan	nan	8.000	904.026	-107.000	107.000	-214.000	321.000	1.392	0.857	3.183	
10	2.000	1.000	89.000	1000.000	907.225	909.898	911.459	8,	911.774,	nan	nan	8.000	914.477	-428.000	321.000	-214.000	428.000	1.686	1.561	3.254	
10	2.000	1.000	90.000	1000.000	917.746	919.706	920.794	8,	921.211,	nan	nan	8.000	923.811	-321.000	107.000	-214.000	214.000	0.973	1.088	3.299	
10	2.000	1.000	91.000	1000.000	927.126	928.873	929.657	8,	929.879,	nan	nan	8.000	932.674	-214.000	107.000	-107.000	214.000	0.760	0.785	2.772	
10	2.000	1.000	92.000	1000.000	935.462	937.266	938.239	8,	938.594,	nan	nan	8.000	941.256	-321.000	-428.000	-107.000	-428.000	0.818	0.973	3.531	
10	2.000	1.000	93.000	1000.000	944.811	947.369	948.293	9,	949.148,	nan	nan	9.000	951.311	-428.000	321.000	-321.000	214.000	1.580	0.924	3.415	
10	2.000	1.000	94.000	1000.000	954.742	957.670	959.573	8,	959.670,	nan	nan	8.000	962.585	-428.000	214.000	-321.000	107.000	1.942	1.904	3.492	
10	2.000	1.000	95.000	1000.000	966.093	968.023	969.492	9,	969.832,	nan	nan	9.000	972.510	-107.000	321.000	-214.000	107.000	0.944	1.469	2.334	
10	2.000	1.000	96.000	1000.000	974.866	977.451	978.071	8,	978.830,	nan	nan	8.000	981.084	-321.000	428.000	-107.000	321.000	1.605	0.621	2.624	
10	2.000	1.000	97.000	1000.000	983.721	986.580	987.181	8,	988.540,	nan	nan	8.000	990.193	-428.000	428.000	-321.000	321.000	1.870	0.601	2.386	
10	2.000	1.000	98.000	1000.000	992.595	995.156	995.719	8,	996.120,	nan	nan	8.000	998.738	-321.000	107.000	-107.000	214.000	1.576	0.563	3.974	
10	2.000	1.000	99.000	1000.000	1002.724	1005.420	1007.410	8,	1007.689,	nan	nan	8.000	1010.428	-428.000	107.000	-214.000	321.000	1.706	1.990	4.000	
10	2.000	1.000	100.000	1000.000	1014.445	1016.658	1017.635	8,	1017.978,	nan	nan	8.000	1020.654	-428.000	107.000	-214.000	214.000	1.228	0.977	2.746	
10	2.000	1.000	101.000	1000.000	1023.415	1024.921	1026.438	9,	1026.670,	nan	nan	9.000	1029.451	-107.000	107.000	-321.000	214.000	0.519	1.518	3.801	
10	2.000	1.000	102.000	1000.000	1033.268	1034.807	1035.934	9,	1036.212,	nan	nan	9.000	1038.950	-321.000	321.000	-428.000	107.000	0.553	1.127	2.945	
10	2.000	1.000	103.000	1000.000	1041.910	1043.894	1044.563	9,	1044.860,	nan	nan	9.000	1047.575	-321.000	428.000	-428.000	214.000	0.997	0.669	2.045	
10	2.000	1.000	104.000	1000.000	1049.679	1051.272	1052.866	8,	1053.552,	nan	nan	8.000	1055.879	-321.000	321.000	-107.000	107.000	0.650	1.595	2.431	
10	2.000	1.000	105.000	1000.000	1058.323	1060.559	1061.387	8,	1061.436,	nan	nan	8.000	1064.399	214.000	-107.000	321.000	-107.000	1.248	0.828	3.029	
10	2.000	1.000	106.000	1000.000	1067.447	1070.020	1071.509	9,	1071.964,	nan	nan	9.000	1074.527	-214.000	428.000	-107.000	321.000	1.590	1.489	2.109	
10	2.000	1.000	107.000	1000.000	1076.659	1078.187	1078.860	8,	1079.628,	nan	nan	8.000	1081.878	-428.000	428.000	-107.000	321.000	0.548	0.674	3.209	
10	2.000	1.000	108.000	1000.000	1085.104	1087.356	1088.820	9,	1089.027,	nan	nan	9.000	1091.833	-214.000	321.000	-107.000	214.000	1.267	1.465	2.000	
10	2.000	1.000	109.000	1000.000	1093.849	1096.121	1097.287	8,	1097.477,	nan	nan	8.000	1100.299	-321.000	214.000	-214.000	428.000	1.286	1.166	2.971	
10	2.000	1.000	110.000	1000.000	1103.295	1104.902	1106.217	9,	1106.465,	nan	nan	9.000	1109.234	-214.000	321.000	-428.000	107.000	0.630	1.315	2.559	
10	2.000	1.000	111.000	1000.000	1111.808	1114.333	1115.233	9,	1115.302,	nan	nan	9.000	1118.245	-214.000	321.000	-428.000	214.000	1.537	0.900	2.322	
10	2.000	1.000	112.000	1000.000	1120.580	1123.187	1124.357	9,	1124.392,	nan	nan	9.000	1127.369	-214.000	321.000	-107.000	107.000	1.619	1.170	3.743	
10	2.000	1.000	113.000	1000.000	1131.128	1133.853	1135.790	9,	1136.078,	nan	nan	9.000	1138.804	-107.000	428.000	-428.000	321.000	1.740	1.937	2.032	
10	2.000	1.000	114.000	1000.000	1140.852	1143.766	1144.762	8,	1145.050,	nan	nan	8.000	1147.779	-428.000	107.000	-107.000	321.000	1.928	0.997	3.859	
10	2.000	1.000	115.000	1000.000	1151.654	1154.023	1155.873	8,	1156.012,	nan	nan	8.000	1158.890	-107.000	214.000	-321.000	428.000	1.383	1.850	3.248	
10	2.000	1.000	116.000	1000.000	1162.158	1163.654	1165.432	8,	1165.956,	nan	nan	8.000	1168.452	-107.000	107.000	-321.000	321.000	0.514	1.778	3.402	
10	2.000	1.000	117.000	1000.000	1171.874	1174.132	1175.230	9,	1175.538,	nan	nan	9.000	1178.248	-107.000	321.000	-428.000	214.000	1.277	1.098	3.608	
10	2.000	1.000	118.000	1000.000	1181.877	1183.579	1184.296	8,	1184.679,	nan	nan	8.000	1187.314	214.000	107.000	321.000	107.000	0.722	0.717	2.656	
10	2.000	1.000	119.000	1000.000	1189.991	1192.272	1193.139	8,	1193.555,	nan	nan	8.000	1196.155	-321.000	428.000	-214.000	321.000	1.301	0.867	3.338	
10	2.000	1.000	120.000	1000.000	1199.515	1202.166	1204.007	9,	1204.304,	nan	nan	9.000	1207.024	-321.000	321.000	-214.000	107.000	1.672	1.841	3.994	
10	2.000	1.000	121.000	1000.000	1211.036	1213.301	1215.002	8,	1215.277,	nan	nan	8.000	1218.020	-428.000	107.000	-321.000	321.000	1.281	1.701	2.289	
10	2.000	1.000	122.000	1000.000	1220.323	1222.236	1222.875	8,	1223.290,	nan	nan	8.000	1225.892	-428.000	321.000	-214.000	214.000	0.924	0.640	2.707	
10	2.000	1.000	123.000	1000.000	1228.615	1230.907	1232.429	8,	1233.037,	nan	nan	8.000	1235.442	-428.000	107.000	-321.000	214.000	1.305	1.523	2.103	
10	2.000	1.000	124.000	1000.000	1237.561	1240.229	1242.021	8,	1242.079,	nan	nan	8.000	1245.038	-428.000	321.000	-107.000	428.000	1.682	1.793	2.193	
10	2.000	1.000	125.000	1000.000	1247.255	1249.780	1251.133	8,	1251.373,	nan	nan	8.000	1254.146	-107.000	214.000	-214.000	428.000	1.547	1.354	3.627	
10	2.000	1.000	126.000	1000.000	1257.787	1260.398	1261.014	8,	1261.408,	nan	nan	8.000	1264.027	-214.000	107.000	-321.000	428.000	1.624	0.616	3.035	
10	2.000	1.000	127.000	1000.000	1267.081	1268.704	1269.252	8,	1269.540,	nan	nan	8.000	1272.264	-107.000	107.000	-214.000	428.000	0.640	0.548	2.804	
10	2.000	1.000	128.000	1000.000	1275.087	1276.850	1278.179	8,	1278.526,	nan	nan	8.000	1281.191	-321.000	107.000	-214.000	428.000	0.780	1.330	2.540	
10	2.000	1.000	129.000	1000.000	1283.746	1286.493	1288.222	8,	1288.934,	nan	nan	8.000	1291.235	-214.000	214.000	-107.000	107.000	1.759	1.730	2.733	
10	2.000	1.000	130.000	1000.000	1293.990	1295.822	1297.566	8,	1297.808,	nan	nan	8.000	1300.579	-428.000	107.000	-107.000	428.000	0.852	1.744	3.235	
10	2.000	1.000	131.000	1000.000	1303.828	1306.246	1307.981	8,	1308.086,	nan	nan	8.000	1310.994	-321.000	214.000	-214.000	214.000	1.431	1.735	2.695	
10	2.000	1.000	132.000	1000.000	1313.704	1315.837	1316.911	9,	1317.160,	nan	nan	9.000	1319.923	-321.000	321.000	-428.000	214.000	1.146	1.074	2.617	
10	2.000	1.000	133.000	1000.000	1322.564	1324.510	1325.854	9,	1326.011,	nan	nan	9.000	1328.866	-107.000	321.000	-214.000	214.000	0.968	1.344	3.241	
10	2.000	1.000	134.000	1000.000	1332.134	1333.648	1335.590	9,	1335.882,	nan	nan	9.000	1338.609	-107.000	321.000	-321.000	214.000	0.539	1.942	2.116	
10	2.000	1.000	135.000	1000.000	1340.741	1343.104	1345.003	9,	1345.108,	nan	nan	9.000	1348.021	-214.000	321.000	-428.000	428.000	1.378	1.899	3.711	
10	2.000	1.000	136.000	1000.000	1351.757	1354.222	1354.987	9,	1355.275,	nan	nan	9.000	1357.999	-107.000	107.000	-428.000	321.000	1.489	0.765	3.434	
10	2.000	1.000	137.000	1000.000	1361.459	1363.755	1364.602	9,	1364.630,	nan	nan	9.000	1367.615	-214.000	214.000	-321.000	107.000	1.320	0.847	2.418	
10	2.000	1.000	138.000	1000.000	1370.051	1372.442	1374.133	9,	1374.373,	nan	nan	9.000	1377.145	-214.000	214.000	-428.000	321.000	1.407	1.691	3.929	
10	2.000	1.000	139.000	1000.000	1381.100	1383.956	1385.565	8,	1385.904,	nan	nan	8.000	1388.577	-428.000	107.000	-321.000	428.000	1.879	1.609	2.476	
10	2.000	1.000	140.000	1000.000	1391.067	1392.739	1394.454	8,	1394.874,	nan	nan	8.000	1397.466	-321.000	107.000	-428.000	321.000	0.683	1.715	3.421	
10	2.000	1.000	141.000	1000.000	1400.904	1402.780	1403.790	8,	1404.084,	nan	nan	8.000	1406.809	-321.000	107.000	-214.000	321.000	0.891	1.011	2.958	
10	2.000	1.000	142.000	1000.000	1409.783	1412.586	1413.587	9,	1413.724,	nan	nan	9.000	1416.604	-321.000	428.000	-214.000	214.000	1.817	1.002	3.762	
10	2.000	1.000	143.000	1000.000	1420.382	1423.146	1424.138	8,	1424.169,	nan	nan	8.000	1427.155	-428.000	214.000	-107.000	107.000	1.778	0.992	3.904	
10	2.000	1.000	144.000	1000.000	1431.073	1433.158	1434.772	8,	1435.304,	nan	nan	8.000	1437.791	-321.000	-107.000	-214.000	-107.000	1.098	1.614	3.865	
10	2.000	1.000	145.000	1000.000	1441.672	1444.137	1445.756	8,	1446.132,	nan	nan	8.000	1448.768	-214.000	321.000	-107.000	428.000	1.479	1.619	2.508	
10	2.000	1.000	146.000	1000.000	1451.294	1454.008	1455.159	8,	1455.434,	nan	nan	8.000	1458.171	-428.000	107.000	-214.000	428.000	1.730	1.151	2.817	
10	2.000	1.000	147.000	1000.000	1461.003	1462.996	1463.940	8,	1464.269,	nan	nan	8.000	1466.953	-321.000	321.000	-214.000	214.000	1.006	0.944	2.797	
10	2.000	1.000	148.000	1000.000	1469.773	1471.903	1473.305	9,	1473.718,	nan	nan	9.000	1476.317	-107.000	214.000	-214.000	107.000	1.151	1.402	2.662	
10	2.000	1.000	149.000	1000.000	1478.993	1481.765	1482.510	8,	1482.904,	nan	nan	8.000	1485.522	-321.000	107.000	-428.000	428.000	1.783	0.746	3.923	
10	2.000	1.000	150.000	1000.000	1489.460	1492.423	1494.340	8,	1494.414,	nan	nan	8.000	1497.360	-107.000	107.000	-321.000	428.000	1.976	1.918	2.926	
10	2.000	1.000	151.000	1000.000	1500.301	1502.376	1503.571	8,	1503.706,	nan	nan	8.000	1506.584	-321.000	107.000	-107.000	428.000	1.088	1.195	3.010	
10	2.000	1.000	152.000	1000.000	1509.609	1512.123	1514.055	8,	1514.255,	nan	nan	8.000	1517.073	-428.000	214.000	-107.000	428.000	1.527	1.932	2.161	
10	2.000	1.000	153.000	1000.000	1519.250	1522.072	1523.619	9,	1523.653,	nan	nan	9.000	1526.631	-107.000	107.000	-428.000	428.000	1.836	1.547	3.582	
10	2.000	1.000	154.000	1000.000	1530.229	1532.940	1534.863	8,	1535.180,	nan	nan	8.000	1537.881	-428.000	321.000	-107.000	214.000	1.725	1.923	2.489	
10	2.000	1.000	155.000	1000.000	1540.381	1543.357	1545.318	8,	1545.525,	nan	nan	8.000	1548.331	-214.000	321.000	-321.000	428.000	1.986	1.961	3.807	
10	2.000	1.000	156.000	1000.000	1552.156	1553.650	1554.955	8,	1555.296,	nan	nan	8.000	1557.973	-321.000	321.000	-107.000	428.000	0.510	1.305	2.849	
10	2.000	2.000	157.000	1000.000	43.223	45.610	47.296	8,	47.803,	nan	nan	8.000	50.311	321.000	-107.000	428.000	-107.000	1.387	1.686	3.633	
10	2.000	2.000	158.000	1000.000	53.978	56.344	57.230	9,	57.619,	nan	nan	9.000	60.242	-107.000	428.000	-214.000	107.000	1.397	0.886	2.039	
10	2.000	2.000	159.000	1000.000	62.296	63.961	64.813	8,	64.891,	nan	nan	8.000	67.826	-214.000	214.000	-321.000	321.000	0.678	0.852	3.357	
10	2.000	2.000	160.000	1000.000	71.198	72.859	73.903	8,	74.311,	nan	nan	8.000	76.921	-428.000	428.000	-107.000	107.000	0.674	1.045	2.186	
10	2.000	2.000	161.000	1000.000	79.123	80.991	81.558	9,	81.803,	nan	nan	9.000	84.576	-214.000	428.000	-107.000	214.000	0.881	0.568	3.878	
10	2.000	2.000	162.000	1000.000	88.471	90.057	91.425	8,	91.668,	nan	nan	8.000	94.443	-428.000	321.000	-321.000	428.000	0.601	1.368	2.277	
10	2.000	2.000	163.000	1000.000	96.735	99.722	101.688	8,9,	102.209,102.613,	nan	nan	9.000	104.700	-321.000	214.000	-214.000	107.000	2.000	1.966	2.855	
10	2.000	2.000	164.000	1000.000	107.571	110.268	111.390	9,	111.590,	nan	nan	9.000	114.403	-107.000	428.000	-214.000	321.000	1.711	1.122	2.785	
10	2.000	2.000	165.000	1000.000	117.211	118.733	120.318	8,	120.690,	nan	nan	8.000	123.332	-321.000	321.000	-107.000	214.000	0.543	1.585	2.920	
10	2.000	2.000	166.000	1000.000	126.268	128.694	130.515	9,	130.726,	nan	nan	9.000	133.528	-107.000	321.000	-428.000	107.000	1.441	1.822	3.331	
10	2.000	2.000	167.000	1000.000	136.884	139.674	140.405	8,	141.349,	nan	nan	8.000	143.423	-214.000	107.000	-321.000	214.000	1.812	0.732	2.611	
10	2.000	2.000	168.000	1000.000	146.050	149.031	150.924	9,	151.156,	nan	nan	9.000	153.937	-214.000	214.000	-428.000	107.000	1.995	1.894	2.643	
10	2.000	2.000	169.000	1000.000	156.642	158.907	160.694	9,	160.900,	nan	nan	9.000	163.708	-428.000	428.000	-321.000	107.000	1.325	1.788	2.071	
10	2.000	2.000	170.000	1000.000	165.795	167.859	169.386	8,	169.657,	nan	nan	8.000	172.399	321.000	214.000	428.000	214.000	1.079	1.527	3.852	
10	2.000	2.000	171.000	1000.000	176.269	179.017	180.834	9,	181.057,	nan	nan	9.000	183.852	-214.000	428.000	-107.000	107.000	1.764	1.817	2.669	
10	2.000	2.000	172.000	1000.000	186.538	188.958	190.013	9,	190.277,	nan	nan	9.000	193.030	-107.000	214.000	-428.000	107.000	1.436	1.055	2.875	
10	2.000	2.000	173.000	1000.000	195.921	198.516	200.019	9,	200.258,	nan	nan	9.000	203.031	-214.000	428.000	-321.000	214.000	1.609	1.503	3.350	
10	2.000	2.000	174.000	1000.000	206.398	208.332	210.211	9,	210.405,	nan	nan	9.000	213.229	-107.000	321.000	-428.000	428.000	0.949	1.879	3.074	
10	2.000	2.000	175.000	1000.000	216.321	219.209	220.451	9,	220.767,	nan	nan	9.000	223.464	-107.000	214.000	-321.000	321.000	1.904	1.243	2.084	
10	2.000	2.000	176.000	1000.000	225.565	227.609	228.861	9,	229.089,	nan	nan	9.000	231.878	-321.000	214.000	-428.000	107.000	1.059	1.252	3.788	
10	2.000	2.000	177.000	1000.000	235.684	237.651	239.038	8,	239.282,	nan	nan	8.000	242.055	-321.000	214.000	-107.000	107.000	0.982	1.387	2.830	
10	2.000	2.000	178.000	1000.000	244.902	246.686	247.436	9,	247.675,	nan	nan	9.000	250.449	-107.000	428.000	-428.000	107.000	0.799	0.751	2.399	
10	2.000	2.000	179.000	1000.000	252.865	255.310	256.147	8,	256.480,	nan	nan	8.000	259.159	-214.000	107.000	-321.000	321.000	1.460	0.838	2.965	
10	2.000	2.000	180.000	1000.000	262.152	264.397	265.206	9,	265.503,	nan	nan	9.000	268.218	-107.000	428.000	-214.000	214.000	1.272	0.809	3.981	
10	2.000	2.000	181.000	1000.000	272.216	273.918	274.567	8,	276.065,	nan	nan	8.000	277.579	-321.000	321.000	-428.000	428.000	0.717	0.650	2.688	
10	2.000	2.000	182.000	1000.000	280.284	283.168	284.310	8,	284.555,	nan	nan	8.000	287.322	-321.000	321.000	-214.000	428.000	1.899	1.141	3.447	
10	2.000	2.000	183.000	1000.000	290.786	292.440	293.210	8,	293.634,	nan	nan	8.000	296.228	-214.000	107.000	-107.000	107.000	0.669	0.770	2.154	
10	2.000	2.000	184.000	1000.000	298.399	300.738	301.922	8,	302.209,	nan	nan	8.000	304.935	-428.000	214.000	-214.000	321.000	1.354	1.185	3.563	
10	2.000	2.000	185.000	1000.000	308.515	311.061	312.294	9,8,	312.636,312.867,	nan	nan	8.000	315.306	-428.000	428.000	-107.000	214.000	1.561	1.233	2.444	
10	2.000	2.000	186.000	1000.000	317.769	320.612	322.317	9,	322.600,	nan	nan	9.000	325.337	-428.000	428.000	-214.000	107.000	1.860	1.706	2.598	
10	2.000	2.000	187.000	1000.000	327.953	330.614	331.774	8,	332.091,	nan	nan	8.000	334.788	-214.000	214.000	-321.000	428.000	1.677	1.161	3.080	
10	2.000	2.000	188.000	1000.000	337.886	340.229	342.113	9,	342.208,	nan	nan	9.000	345.125	-428.000	321.000	-321.000	107.000	1.359	1.884	3.846	
10	2.000	2.000	189.000	1000.000	348.988	350.816	351.687	9,	351.980,	nan	nan	9.000	354.703	-214.000	428.000	-428.000	107.000	0.842	0.871	3.826	
10	2.000	2.000	190.000	1000.000	358.546	360.128	361.235	9,	361.576,	nan	nan	9.000	364.254	-107.000	214.000	-428.000	321.000	0.596	1.108	3.087	
10	2.000	2.000	191.000	1000.000	367.358	369.190	370.635	9,	370.877,	nan	nan	9.000	373.653	-107.000	428.000	-321.000	107.000	0.847	1.445	2.894	
10	2.000	2.000	192.000	1000.000	376.565	379.115	380.136	8,	380.412,	nan	nan	8.000	383.153	-428.000	214.000	-321.000	321.000	1.566	1.021	3.839	
10	2.000	2.000	193.000	1000.000	387.011	388.582	389.843	9,	390.183,	nan	nan	9.000	392.860	-214.000	428.000	-321.000	107.000	0.587	1.262	2.939	
10	2.000	2.000	194.000	1000.000	395.817	397.407	399.031	9,	399.283,	nan	nan	9.000	402.044	-321.000	428.000	-214.000	107.000	0.606	1.624	3.814	
10	2.000	2.000	195.000	1000.000	405.875	408.797	409.976	8,	410.259,	nan	nan	8.000	412.989	-214.000	214.000	-107.000	321.000	1.937	1.180	2.122	
10	2.000	2.000	196.000	1000.000	415.129	417.815	419.154	8,	419.466,	nan	nan	8.000	422.166	-214.000	-321.000	-107.000	-321.000	1.701	1.339	3.023	
10	2.000	2.000	197.000	1000.000	425.206	427.805	429.283	9,	429.533,	nan	nan	9.000	432.297	-107.000	107.000	-428.000	214.000	1.614	1.479	3.897	
10	2.000	2.000	198.000	1000.000	436.215	438.236	439.532	9,	439.867,	nan	nan	9.000	442.550	-107.000	214.000	-428.000	428.000	1.040	1.296	3.736	
10	2.000	2.000	199.000	1000.000	446.304	448.531	449.561	9,	450.468,	nan	nan	9.000	452.578	-107.000	214.000	-321.000	107.000	1.243	1.031	3.569	
10	2.000	2.000	200.000	1000.000	456.206	457.901	459.350	9,	459.573,	nan	nan	9.000	462.362	-428.000	428.000	-321.000	214.000	0.751	1.450	2.302	
10	2.000	2.000	201.000	1000.000	464.680	466.996	468.533	8,	468.711,	nan	nan	8.000	471.546	-214.000	214.000	-107.000	428.000	1.330	1.537	2.842	
10	2.000	2.000	202.000	1000.000	474.406	477.347	478.628	9,	478.647,	nan	nan	9.000	481.641	-214.000	428.000	-321.000	321.000	1.957	1.281	3.106	
10	2.000	2.000	203.000	1000.000	484.771	486.943	487.477	8,	487.978,	nan	nan	8.000	490.489	-428.000	214.000	-214.000	107.000	1.195	0.534	3.395	
10	2.000	2.000	204.000	1000.000	493.902	496.231	497.218	8,	497.662,	nan	nan	8.000	500.235	-107.000	214.000	-214.000	321.000	1.344	0.987	2.129	
10	2.000	2.000	205.000	1000.000	502.380	505.009	505.803	9,	506.017,	nan	nan	9.000	508.816	-107.000	428.000	-321.000	214.000	1.643	0.794	3.125	
10	2.000	2.000	206.000	1000.000	511.959	513.814	515.612	9,	515.700,	nan	nan	9.000	518.625	-107.000	321.000	-321.000	107.000	0.871	1.797	3.286	
10	2.000	2.000	207.000	1000.000	521.929	523.741	524.424	8,	524.893,	nan	nan	8.000	527.442	-321.000	214.000	-214.000	321.000	0.828	0.683	3.453	
10	2.000	2.000	208.000	1000.000	530.913	533.439	534.628	9,	535.064,	nan	nan	9.000	537.641	-321.000	214.000	-428.000	321.000	1.542	1.190	3.691	
10	2.000	2.000	209.000	1000.000	541.352	543.336	543.971	8,	544.066,	nan	nan	8.000	546.983	214.000	-428.000	428.000	-428.000	1.002	0.635	3.318	
10	2.000	2.000	210.000	1000.000	550.320	552.170	553.625	8,	553.992,	nan	nan	8.000	556.643	-321.000	214.000	-107.000	428.000	0.867	1.455	3.383	
10	2.000	2.000	211.000	1000.000	560.055	562.522	563.933	9,	564.031,	nan	nan	9.000	566.951	-214.000	107.000	-428.000	214.000	1.494	1.412	2.650	
10	2.000	2.000	212.000	1000.000	569.618	571.532	573.184	9,	573.515,	nan	nan	9.000	576.202	-428.000	428.000	-214.000	214.000	0.929	1.653	2.482	
10	2.000	2.000	213.000	1000.000	578.699	581.441	582.760	9,	583.107,	nan	nan	9.000	585.778	-107.000	107.000	-214.000	214.000	1.754	1.320	3.190	
10	2.000	2.000	214.000	1000.000	588.986	591.015	592.861	8,	593.660,	nan	nan	8.000	595.879	-428.000	321.000	-214.000	107.000	1.045	1.846	2.309	
10	2.000	2.000	215.000	1000.000	598.206	601.055	601.993	9,	602.668,	nan	nan	9.000	605.006	-321.000	107.000	-428.000	214.000	1.865	0.939	2.238	
10	2.000	2.000	216.000	1000.000	607.262	609.156	610.572	9,	610.799,	nan	nan	9.000	613.590	-214.000	428.000	-428.000	321.000	0.910	1.416	2.810	
10	2.000	2.000	217.000	1000.000	616.418	618.847	620.818	8,	621.062,	nan	nan	8.000	623.831	-214.000	107.000	-107.000	428.000	1.445	1.971	3.473	
10	2.000	2.000	218.000	1000.000	627.328	628.916	630.125	8,	630.376,	nan	nan	8.000	633.143	-428.000	107.000	-107.000	214.000	0.611	1.209	2.547	
10	2.000	2.000	219.000	1000.000	635.706	637.654	638.361	8,	638.681,	nan	nan	8.000	641.379	-428.000	428.000	-214.000	321.000	0.963	0.707	3.119	
10	2.000	2.000	220.000	1000.000	644.523	647.433	648.863	8,	649.142,	nan	nan	8.000	651.881	-321.000	214.000	-428.000	428.000	1.932	1.431	2.469	
10	2.000	2.000	221.000	1000.000	654.371	656.909	657.843	9,	658.478,	nan	nan	9.000	660.856	-214.000	107.000	-428.000	321.000	1.556	0.934	2.778	
10	2.000	2.000	222.000	1000.000	663.652	666.409	667.164	8,	667.538,	nan	nan	8.000	670.183	214.000	107.000	428.000	107.000	1.773	0.756	3.344	
10	2.000	2.000	223.000	1000.000	673.543	675.164	677.149	9,	677.397,	nan	nan	9.000	680.168	-107.000	428.000	-428.000	214.000	0.635	1.986	2.058	
10	2.000	2.000	224.000	1000.000	682.242	684.254	684.908	8,	685.417,	nan	nan	8.000	687.921	-214.000	107.000	-428.000	428.000	1.026	0.654	2.759	
10	2.000	2.000	225.000	1000.000	690.696	692.847	694.157	8,	694.446,	nan	nan	8.000	697.170	-214.000	214.000	-428.000	428.000	1.166	1.310	3.685	
10	2.000	2.000	226.000	1000.000	700.872	703.355	704.602	9,	704.876,	nan	nan	9.000	707.615	-107.000	428.000	-321.000	321.000	1.498	1.248	3.260	
10	2.000	2.000	227.000	1000.000	710.898	712.681	714.493	9,	714.675,	nan	nan	9.000	717.511	-214.000	428.000	-428.000	214.000	0.804	1.812	3.061	
10	2.000	2.000	228.000	1000.000	720.598	723.366	724.155	8,	724.454,	nan	nan	8.000	727.173	-214.000	107.000	-107.000	321.000	1.793	0.789	2.765	
10	2.000	2.000	229.000	1000.000	729.960	732.728	733.633	8,	734.080,	nan	nan	8.000	736.650	-428.000	214.000	-107.000	321.000	1.788	0.905	3.215	
10	2.000	2.000	230.000	1000.000	739.883	742.231	742.924	9,	743.329,	nan	nan	9.000	745.942	-214.000	321.000	-321.000	107.000	1.363	0.693	2.328	
10	2.000	2.000	231.000	1000.000	748.295	751.103	752.461	8,	752.951,	nan	nan	8.000	755.479	-107.000	321.000	-214.000	428.000	1.831	1.359	3.441	
10	2.000	2.000	232.000	1000.000	758.937	761.811	763.570	8,	763.844,	nan	nan	8.000	766.589	-428.000	214.000	-321.000	428.000	1.889	1.759	3.672	
10	2.000	2.000	233.000	1000.000	770.286	772.381	774.028	9,	774.140,	nan	nan	9.000	777.042	-321.000	428.000	-428.000	321.000	1.117	1.648	3.987	
10	2.000	2.000	234.000	1000.000	781.052	783.833	784.569	8,	784.934,	nan	nan	8.000	787.587	-321.000	214.000	-107.000	321.000	1.802	0.736	2.219	
10	2.000	2.000	235.000	1000.000	789.824	792.615	793.790	8,	794.080,	nan	nan	8.000	796.802	-321.000	107.000	-107.000	107.000	1.807	1.175	3.621	
10	2.000	2.000	236.000	1000.000	800.439	802.547	803.245	8,	803.917,	nan	nan	8.000	806.257	-428.000	321.000	-321.000	214.000	1.122	0.698	2.437	
10	2.000	2.000	237.000	1000.000	808.718	810.920	812.563	9,	812.710,	nan	nan	9.000	815.576	-107.000	321.000	-428.000	214.000	1.223	1.643	2.026	
10	2.000	2.000	238.000	1000.000	817.619	820.348	821.494	9,	821.760,	nan	nan	9.000	824.507	-214.000	321.000	-428.000	214.000	1.744	1.146	3.003	
10	2.000	2.000	239.000	1000.000	827.527	829.465	830.568	8,	831.301,	nan	nan	8.000	833.586	-321.000	428.000	-107.000	214.000	0.953	1.103	3.588	
10	2.000	2.000	240.000	1000.000	837.191	839.366	840.758	9,	840.967,	nan	nan	9.000	843.777	-321.000	321.000	-428.000	107.000	1.190	1.392	2.630	
10	2.000	2.000	241.000	1000.000	846.425	848.122	849.075	8,	849.404,	nan	nan	8.000	852.092	-428.000	107.000	-214.000	321.000	0.712	0.953	3.768	
10	2.000	2.000	242.000	1000.000	855.878	858.704	859.932	8,	860.264,	nan	nan	8.000	862.950	-428.000	428.000	-107.000	321.000	1.841	1.228	3.479	
10	2.000	2.000	243.000	1000.000	866.446	868.418	870.143	8,	870.180,	nan	nan	8.000	873.161	-321.000	107.000	-107.000	214.000	0.987	1.725	2.881	
10	2.000	2.000	244.000	1000.000	876.067	877.660	879.008	9,	879.087,	nan	nan	9.000	882.026	-321.000	428.000	-428.000	107.000	0.616	1.349	3.511	
10	2.000	2.000	245.000	1000.000	885.607	887.247	888.875	8,	889.166,	nan	nan	8.000	891.888	-107.000	107.000	-321.000	321.000	0.707	1.629	3.486	
10	2.000	2.000	246.000	1000.000	895.391	897.831	898.417	9,	898.803,	nan	nan	9.000	901.430	-321.000	428.000	-428.000	214.000	1.455	0.587	2.990	
10	2.000	2.000	247.000	1000.000	904.440	906.068	907.836	9,	908.009,	nan	nan	9.000	910.853	-321.000	428.000	-107.000	107.000	0.645	1.768	2.791	
10	2.000	2.000	248.000	1000.000	913.662	915.522	916.080	8,	916.284,	nan	nan	8.000	919.092	-321.000	-428.000	-107.000	-428.000	0.876	0.558	3.659	
10	2.000	2.000	249.000	1000.000	922.771	924.379	924.888	9,	925.287,	nan	nan	9.000	927.906	-214.000	321.000	-107.000	107.000	0.625	0.510	3.640	
10	2.000	2.000	250.000	1000.000	931.564	934.263	935.660	8,	935.937,	nan	nan	8.000	938.678	-428.000	428.000	-321.000	321.000	1.715	1.397	2.283	
10	2.000	2.000	251.000	1000.000	940.978	943.437	945.041	8,	945.088,	nan	nan	8.000	948.054	-321.000	321.000	-107.000	107.000	1.474	1.605	2.553	
10	2.000	2.000	252.000	1000.000	950.626	952.640	954.388	9,	954.996,	nan	nan	9.000	957.402	-214.000	321.000	-107.000	214.000	1.031	1.749	3.312	
10	2.000	2.000	253.000	1000.000	960.732	963.181	963.844	9,	963.970,	nan	nan	9.000	966.862	-214.000	321.000	-321.000	214.000	1.465	0.664	3.370	
10	2.000	2.000	254.000	1000.000	970.267	972.365	974.037	8,	974.273,	nan	nan	8.000	977.049	-321.000	428.000	-107.000	321.000	1.132	1.672	3.280	
10	2.000	2.000	255.000	1000.000	980.349	983.080	984.564	9,	984.912,	nan	nan	9.000	987.582	-107.000	321.000	-321.000	428.000	1.749	1.484	3.100	
10	2.000	2.000	256.000	1000.000	990.720	992.840	994.280	8,	994.570,	nan	nan	8.000	997.297	-428.000	321.000	-107.000	107.000	1.156	1.441	3.653	
10	2.000	2.000	257.000	1000.000	1000.970	1003.122	1004.336	8,	1004.686,	nan	nan	8.000	1007.348	-214.000	428.000	-107.000	321.000	1.170	1.214	3.781	
10	2.000	2.000	258.000	1000.000	1011.149	1013.953	1014.848	8,	1014.878,	nan	nan	8.000	1017.860	-107.000	107.000	-214.000	321.000	1.822	0.895	3.042	
10	2.000	2.000	259.000	1000.000	1020.922	1022.920	1024.871	9,	1025.207,	nan	nan	9.000	1027.889	-107.000	428.000	-428.000	321.000	1.016	1.952	3.524	
10	2.000	2.000	260.000	1000.000	1031.432	1033.648	1035.624	8,	1035.857,	nan	nan	8.000	1038.641	-428.000	107.000	-214.000	214.000	1.233	1.976	3.595	
10	2.000	2.000	261.000	1000.000	1042.255	1044.756	1045.911	8,	1046.073,	nan	nan	8.000	1048.930	214.000	-428.000	321.000	-428.000	1.518	1.156	2.392	
10	2.000	2.000	262.000	1000.000	1051.341	1052.916	1054.352	8,	1054.412,	nan	nan	8.000	1057.364	-321.000	107.000	-107.000	321.000	0.592	1.436	2.051	
10	2.000	2.000	263.000	1000.000	1059.433	1062.302	1062.879	9,8,	1063.313,1064.241,	nan	nan	8.000	1065.898	-107.000	214.000	-321.000	428.000	1.884	0.577	2.579	
10	2.000	2.000	264.000	1000.000	1068.494	1070.770	1072.191	9,	1072.319,	nan	nan	9.000	1075.210	-214.000	321.000	-428.000	107.000	1.291	1.421	2.296	
10	2.000	2.000	265.000	1000.000	1077.525	1079.818	1081.393	8,	1081.538,	nan	nan	8.000	1084.406	-321.000	214.000	-214.000	428.000	1.310	1.576	3.833	
10	2.000	2.000	266.000	1000.000	1088.257	1090.556	1091.847	9,	1092.174,	nan	nan	9.000	1094.864	-428.000	214.000	-321.000	107.000	1.315	1.291	3.936	
10	2.000	2.000	267.000	1000.000	1098.838	1100.915	1101.844	8,	1101.924,	nan	nan	8.000	1104.856	-428.000	321.000	-214.000	428.000	1.113	0.929	2.167	
10	2.000	2.000	268.000	1000.000	1107.042	1109.558	1111.268	8,	1111.422,	nan	nan	8.000	1114.281	-214.000	107.000	-107.000	214.000	1.532	1.711	3.820	
10	2.000	2.000	269.000	1000.000	1118.119	1120.823	1121.805	8,	1122.076,	nan	nan	8.000	1124.824	-428.000	214.000	-214.000	428.000	1.720	0.982	2.315	
10	2.000	2.000	270.000	1000.000	1127.157	1129.832	1130.916	8,	1131.233,	nan	nan	8.000	1133.928	-321.000	107.000	-214.000	214.000	1.691	1.084	3.794	
10	2.000	2.000	271.000	1000.000	1137.740	1139.548	1140.091	9,	1140.400,	nan	nan	9.000	1143.107	-107.000	107.000	-321.000	214.000	0.823	0.543	2.341	
10	2.000	2.000	272.000	1000.000	1145.466	1146.955	1147.995	8,	1148.218,	nan	nan	8.000	1151.007	-428.000	107.000	-107.000	321.000	0.505	1.040	2.836	
10	2.000	2.000	273.000	1000.000	1153.861	1156.218	1157.185	9,	1157.251,	nan	nan	9.000	1160.198	-107.000	321.000	-214.000	107.000	1.373	0.968	3.363	
10	2.000	2.000	274.000	1000.000	1163.581	1165.825	1167.656	8,	1167.905,	nan	nan	8.000	1170.675	214.000	107.000	321.000	107.000	1.262	1.831	3.055	
10	2.000	2.000	275.000	1000.000	1173.750	1176.317	1178.191	8,	1178.292,	nan	nan	8.000	1181.209	-214.000	321.000	-107.000	428.000	1.585	1.875	2.090	
10	2.000	2.000	276.000	1000.000	1183.317	1185.221	1185.803	8,	1186.168,	nan	nan	8.000	1188.815	-428.000	107.000	-107.000	428.000	0.920	0.582	2.977	
10	2.000	2.000	277.000	1000.000	1191.810	1193.604	1194.523	8,	1194.874,	nan	nan	8.000	1197.540	-428.000	107.000	-321.000	214.000	0.809	0.920	3.177	
10	2.000	2.000	278.000	1000.000	1200.777	1203.382	1204.195	8,	1204.493,	nan	nan	8.000	1207.208	-428.000	214.000	-107.000	428.000	1.662	0.814	2.932	
10	2.000	2.000	279.000	1000.000	1210.158	1211.710	1212.234	8,	1212.587,	nan	nan	8.000	1215.246	-428.000	321.000	-107.000	214.000	0.568	0.524	2.823	
10	2.000	2.000	280.000	1000.000	1218.087	1219.986	1221.204	9,	1221.545,	nan	nan	9.000	1224.216	-107.000	107.000	-428.000	428.000	0.915	1.219	2.180	
10	2.000	2.000	281.000	1000.000	1226.416	1228.174	1229.450	8,	1229.729,	nan	nan	8.000	1232.462	-321.000	107.000	-107.000	428.000	0.775	1.277	2.714	
10	2.000	2.000	282.000	1000.000	1235.194	1236.736	1238.432	8,	1238.765,	nan	nan	8.000	1241.450	-107.000	214.000	-214.000	428.000	0.558	1.696	3.145	
10	2.000	2.000	283.000	1000.000	1244.627	1246.893	1247.754	8,9,	1247.919,1248.790,	nan	nan	9.000	1250.767	-321.000	428.000	-214.000	214.000	1.296	0.862	2.212	
10	2.000	2.000	284.000	1000.000	1253.003	1255.219	1256.645	9,	1256.788,	nan	nan	9.000	1259.658	-214.000	321.000	-428.000	428.000	1.238	1.426	2.740	
10	2.000	2.000	285.000	1000.000	1262.415	1264.411	1265.977	8,	1266.224,	nan	nan	8.000	1268.990	-214.000	214.000	-107.000	107.000	1.011	1.566	2.006	
10	2.000	2.000	286.000	1000.000	1271.013	1273.507	1274.098	8,	1274.168,	nan	nan	8.000	1277.110	-321.000	107.000	-428.000	428.000	1.508	0.592	2.096	
10	2.000	2.000	287.000	1000.000	1279.224	1282.131	1282.635	8,	1282.907,	nan	nan	8.000	1285.647	-321.000	214.000	-214.000	214.000	1.923	0.505	2.251	
10	2.000	2.000	288.000	1000.000	1287.916	1289.994	1290.681	9,	1291.070,	nan	nan	9.000	1293.700	-107.000	107.000	-428.000	321.000	1.093	0.688	3.389	
10	2.000	2.000	289.000	1000.000	1297.108	1298.905	1299.443	9,	1299.925,	nan	nan	9.000	1302.462	-107.000	321.000	-214.000	214.000	0.814	0.539	2.862	
10	2.000	2.000	290.000	1000.000	1305.341	1307.221	1308.299	8,	1308.510,	nan	nan	8.000	1311.311	-321.000	321.000	-107.000	428.000	0.895	1.079	3.113	
10	2.000	2.000	291.000	1000.000	1314.442	1316.587	1318.582	8,	1318.879,	nan	nan	8.000	1321.595	-107.000	107.000	-321.000	428.000	1.161	1.995	2.984	
10	2.000	2.000	292.000	1000.000	1324.598	1326.443	1327.714	8,	1328.010,	nan	nan	8.000	1330.731	-321.000	107.000	-428.000	321.000	0.862	1.272	3.170	
10	2.000	2.000	293.000	1000.000	1333.920	1336.031	1336.830	9,	1337.146,	nan	nan	9.000	1339.848	-321.000	321.000	-428.000	214.000	1.127	0.799	2.232	
10	2.000	2.000	294.000	1000.000	1342.096	1344.300	1345.706	9,	1346.102,	nan	nan	9.000	1348.724	-321.000	321.000	-214.000	107.000	1.219	1.407	2.913	
10	2.000	2.000	295.000	1000.000	1351.654	1353.221	1354.897	8,	1354.933,	nan	nan	8.000	1357.910	-321.000	107.000	-214.000	321.000	0.582	1.677	3.267	
10	2.000	2.000	296.000	1000.000	1361.197	1364.145	1366.073	8,	1366.338,	nan	nan	8.000	1369.086	-428.000	214.000	-107.000	107.000	1.966	1.928	2.868	
10	2.000	2.000	297.000	1000.000	1371.978	1373.703	1375.659	8,	1376.035,	nan	nan	8.000	1378.672	-428.000	107.000	-321.000	321.000	0.746	1.957	2.457	
10	2.000	2.000	298.000	1000.000	1381.148	1383.532	1385.296	8,	1385.616,	nan	nan	8.000	1388.314	-107.000	107.000	-214.000	428.000	1.402	1.764	2.360	
10	2.000	2.000	299.000	1000.000	1390.694	1392.726	1394.707	9,	1395.083,	nan	nan	9.000	1397.725	-107.000	214.000	-214.000	107.000	1.050	1.981	3.543	
10	2.000	2.000	300.000	1000.000	1401.292	1402.804	1403.434	8,	1404.217,	nan	nan	8.000	1406.453	-321.000	-107.000	-214.000	-107.000	0.534	0.630	2.148	
10	2.000	2.000	301.000	1000.000	1408.618	1410.329	1411.553	9,	1411.752,	nan	nan	9.000	1414.565	-107.000	321.000	-321.000	214.000	0.727	1.223	2.199	
10	2.000	2.000	302.000	1000.000	1416.783	1419.395	1421.149	8,	1421.356,	nan	nan	8.000	1424.167	-214.000	321.000	-321.000	428.000	1.629	1.754	3.968	
10	2.000	2.000	303.000	1000.000	1428.158	1429.892	1430.735	8,	1430.961,	nan	nan	8.000	1433.752	-214.000	107.000	-321.000	428.000	0.756	0.842	3.961	
10	2.000	2.000	304.000	1000.000	1437.737	1439.370	1440.940	9,	1441.011,	nan	nan	9.000	1443.959	-214.000	214.000	-321.000	107.000	0.654	1.571	2.682	
10	2.000	2.000	305.000	1000.000	1446.666	1449.489	1450.861	8,	1451.169,	nan	nan	8.000	1453.875	-321.000	321.000	-214.000	214.000	1.846	1.373	3.916	
10	2.000	2.000	306.000	1000.000	1457.818	1460.393	1462.199	9,	1462.402,	nan	nan	9.000	1465.212	-321.000	428.000	-214.000	321.000	1.600	1.807	2.720	
10	2.000	2.000	307.000	1000.000	1467.959	1470.881	1471.762	8,	1472.080,	nan	nan	8.000	1474.774	-428.000	107.000	-321.000	428.000	1.947	0.881	3.614	
10	2.000	2.000	308.000	1000.000	1478.406	1480.493	1481.817	8,	1482.036,	nan	nan	8.000	1484.835	-428.000	321.000	-107.000	428.000	1.103	1.325	3.138	
10	2.000	2.000	309.000	1000.000	1488.009	1490.643	1491.196	8,	1491.325,	nan	nan	8.000	1494.213	-321.000	107.000	-214.000	428.000	1.667	0.553	3.016	
10	2.000	2.000	310.000	1000.000	1497.265	1499.339	1500.253	8,	1500.476,	nan	nan	8.000	1503.265	-428.000	107.000	-214.000	428.000	1.108	0.915	3.537	
10	2.000	2.000	311.000	1000.000	1506.820	1509.462	1510.762	9,	1510.898,	nan	nan	9.000	1513.781	-214.000	214.000	-428.000	321.000	1.658	1.301	3.646	
10	2.000	2.000	312.000	1000.000	1517.445	1519.127	1521.074	8,	1521.173,	nan	nan	8.000	1524.092	-428.000	321.000	-214.000	214.000	0.698	1.947	3.698	
